162.000000,92.000000,214.000000,147.000000
161.629044,92.486183,213.507095,147.357330
159.954391,96.041161,211.065323,150.100937
156.923126,99.234787,207.785156,153.031311
154.489365,100.079269,204.262192,152.722504
151.761414,99.559006,200.458069,151.061508
150.232590,95.309853,198.964890,146.850174
149.457687,91.031090,197.203110,141.524109
148.987625,88.502602,195.943710,138.156967
148.547348,87.945496,195.660599,137.767059
145.511429,87.821869,192.623001,137.641663
138.926697,87.662498,186.795776,138.271378
133.439484,90.524300,181.502869,141.339615
127.170746,92.615837,175.600372,143.812347
122.968590,91.855583,171.677673,143.348663
122.005089,89.196198,171.022705,141.016708
121.902298,86.172592,171.418900,138.512039
124.292923,85.196854,174.177292,137.926132
127.022156,85.937271,177.274872,139.056992
129.438232,86.893875,179.652374,139.972763
131.389755,90.231506,181.429276,143.125519
131.139999,93.127419,181.178299,146.020142
131.051880,94.332230,181.045746,147.178787
132.143417,94.866013,182.204605,147.783951
132.727524,96.642914,182.507309,149.268433
134.041367,98.116173,183.117661,149.995972
133.569717,96.635666,182.825394,148.702011
135.477234,92.539650,184.403168,144.256470
138.691895,87.627823,187.202271,138.903641
143.354294,82.056305,193.130600,134.675552
148.406372,78.955704,197.609375,130.967255
151.680817,77.220238,201.561188,129.949783
155.798019,76.386246,205.877151,129.326492
159.852158,76.206886,209.935562,129.151581
162.823364,78.688110,212.602203,131.316284
163.864700,81.671265,213.317734,133.954071
163.129074,82.886726,211.939774,134.488663
161.727753,81.516617,210.558655,133.139984
159.551224,78.310158,208.673965,130.243240
155.664093,75.585655,205.120697,127.865952
152.023666,73.679207,201.967148,126.475601
148.278809,75.019348,198.316345,127.915443
141.625610,79.485939,191.961639,132.692215
135.065765,83.563942,185.653687,137.036942
130.508881,85.488541,181.650665,139.547989
126.150085,84.516090,178.393188,139.740387
122.943565,84.141594,175.773926,139.986404
121.372864,84.333862,174.658981,140.660248
119.745995,84.350082,173.019394,140.663040
119.503609,82.175270,173.044006,138.770065
120.660454,76.620056,173.896591,132.893677
122.390747,72.530159,175.900604,129.092712
125.666153,71.226501,179.650040,128.289413
129.196274,73.400093,182.676590,129.922134
130.690247,77.832672,183.799316,133.962845
133.107407,83.529747,185.634109,139.045212
136.318680,88.163094,188.697983,143.522827
139.805923,91.629761,192.334000,147.146667
142.501282,93.104301,194.811768,148.391296
145.002472,90.662971,197.622955,146.277512
149.134201,85.443832,202.118637,141.442917
152.419968,78.559883,206.237015,135.438721
156.140411,73.566505,210.526520,131.046021
156.502060,70.326866,211.557755,128.512482
158.022308,70.385277,213.318695,128.824493
157.958008,76.812141,212.743927,134.713531
154.707779,82.115784,208.616379,139.092010
153.247040,83.731644,206.540863,140.058929
151.218781,86.038551,204.033691,141.860321
151.363129,87.540512,203.386139,142.525543
148.834961,87.072144,200.323822,141.502884
149.006714,84.129059,200.043976,138.082138
150.272995,80.741669,201.337296,134.722824
150.829224,81.283417,201.610016,134.970169
151.031113,86.356270,201.280441,139.480286
149.123764,91.470055,198.752548,143.937027
147.364700,92.282593,196.877365,144.626480
146.425186,92.294846,195.961075,144.663361
145.502945,93.392975,194.862381,145.574448
144.313446,94.680504,193.866241,147.066925
142.275864,94.489403,191.552750,146.583374
138.434982,91.730080,187.623276,143.730148
134.608734,88.822784,183.236328,140.228531
133.325882,85.912888,182.214706,137.595856
134.673370,85.009834,183.103699,136.206238
133.110580,90.192627,180.929764,140.740479
132.246964,95.628609,179.638596,145.722183
133.175613,99.395889,180.171951,149.069458
134.459030,103.036469,181.533554,152.793228
136.539429,106.364777,183.844360,156.361542
139.524796,105.934174,187.240128,156.358429
140.812088,99.525406,189.231216,150.697433
144.362656,89.706001,193.891251,142.055405
147.170578,82.642632,198.193832,136.576385
151.922897,78.556282,203.631943,133.202194
155.797928,76.674812,208.070023,131.916260
157.000214,79.361572,209.020752,134.337219
158.582489,82.420731,210.415009,137.201248
160.563309,83.997192,212.143448,138.510757
162.539322,84.775017,213.776596,138.925949
163.814392,85.716026,214.278259,139.048935
164.143845,85.231216,213.963394,137.881912
164.032623,85.223320,213.122131,137.100174
164.209335,84.667305,213.038345,136.273254
162.502625,84.534088,210.605560,135.369492
161.503647,83.269127,209.057205,133.532745
160.713974,84.886589,208.155685,135.031357
156.698288,89.686455,203.983963,139.665421
152.939407,91.827286,200.269180,141.852188
149.821732,91.896240,196.861099,141.612579
146.181274,94.310760,193.384766,144.198059
141.701874,96.878891,188.909851,146.770859
137.545013,94.821037,185.278809,145.260742
137.578552,90.795227,185.655579,141.599609
138.828186,87.980225,187.147034,139.036316
139.722626,87.335640,188.436920,138.811401
139.549026,87.285561,188.130203,138.620056
140.031769,87.990540,188.405884,139.105316
138.699661,88.708702,187.022324,139.768860
139.664200,90.670326,188.080063,141.829391
140.880356,93.267876,189.641098,144.792923
141.437744,94.470085,190.741638,146.571518
143.168747,93.045509,193.184494,145.901489
145.968460,90.028946,196.805374,143.738312
147.568924,86.794197,199.469833,141.630157
150.372345,84.029678,203.263062,139.912537
154.414978,81.518944,208.179901,138.325500
159.078857,79.351234,213.650146,137.008957
163.211975,78.440399,218.368927,136.715729
165.298889,78.603203,220.998138,137.449875
166.667130,80.792107,222.085159,139.342484
167.912247,81.821251,223.335831,140.377472
168.553894,81.933960,223.745209,140.245468
168.919266,81.326576,223.944290,139.462891
167.291916,80.793869,221.860001,138.448761
166.194046,79.241440,220.235367,136.340820
165.997208,77.562164,219.110428,133.682816
168.110474,74.216095,220.555145,129.631058
170.281342,72.237839,222.222778,127.121078
169.500916,71.026596,220.980652,125.421494
167.375443,70.549225,218.603867,124.678314
162.895645,70.020531,214.194809,124.224449
160.875839,71.470345,212.183945,125.683708
157.128708,73.622513,208.441330,127.840668
153.419525,75.633575,204.619507,129.732590
149.546387,76.218040,200.494568,130.050735
147.428635,74.859756,198.060257,128.357254
145.553513,70.828232,196.142044,124.280121
143.776825,66.404106,193.952789,119.419167
142.030823,63.828850,191.944519,116.566231
142.011490,62.731911,191.937729,115.482597
139.557922,62.736732,189.660522,115.674355
140.154800,64.055534,190.253464,116.989052
139.924377,66.548393,190.546844,120.026253
139.557556,71.735809,190.391327,125.437393
140.207794,76.414917,191.263672,130.351669
140.900742,78.645073,192.370743,133.011871
141.146622,77.487892,193.196243,132.467758
142.499283,74.934914,195.429001,130.828094
142.176331,71.069366,196.365479,128.293259
141.347427,67.044846,196.661453,125.454987
142.604492,63.023830,198.873138,122.439720
142.337677,59.379951,199.338898,119.566963
142.470734,58.121307,199.837128,118.692383
140.736465,59.069355,197.961533,119.491806
139.187866,60.958572,195.853210,120.792358
137.633621,64.016998,193.801956,123.327621
136.882980,68.377251,192.428848,127.032631
136.419296,72.159889,191.547043,130.374741
136.494690,75.076294,191.005829,132.641525
137.699402,76.808357,191.419678,133.539581
136.663345,75.220795,189.819138,131.356171
137.547409,71.351349,190.309464,127.071121
138.020828,67.284019,190.277725,122.470055
137.364410,63.899609,189.079895,118.513573
136.459579,61.660576,187.395554,115.450058
136.178146,60.199001,186.545059,113.385933
135.455521,60.664207,185.200485,113.192604
137.058594,63.271908,186.314636,115.282051
139.151550,66.263824,187.980469,117.821205
141.061752,67.644440,189.777054,119.081245
140.826248,70.013672,189.380508,121.279564
139.578842,73.013412,188.050461,124.191597
136.368271,74.797287,184.799332,125.932442
133.391922,76.570862,181.717239,127.593803
129.973282,76.844955,178.287430,127.856041
126.124794,74.854904,174.417252,125.842979
124.649345,73.051727,172.842743,123.936699
122.154030,71.219521,170.306992,122.062393
119.508293,70.037941,167.573944,120.789948
116.427147,70.145447,164.391541,120.792061
116.600990,70.098999,164.347855,120.514488
117.424919,70.932823,165.243164,121.424149
119.313942,70.882179,167.165695,121.409103
123.037476,69.259079,171.033676,119.939476
127.206932,64.526123,175.505447,115.527733
131.132339,60.534874,179.655319,111.774673
131.717789,57.821815,180.521713,109.359772
132.298370,52.355030,181.359985,104.166443
138.039337,53.985779,187.005585,105.698006
143.487015,57.580433,192.764694,109.623161
145.984879,61.393127,195.372665,113.552574
150.781738,62.888542,200.272949,115.157623
154.940247,65.029160,204.634613,117.513603
156.911560,64.443954,206.754669,117.086067
159.740356,64.939964,209.687286,117.692123
160.867981,65.796722,210.903259,118.642540
162.237259,68.716423,212.246780,121.535477
164.774536,72.147354,215.168640,125.366081
166.092712,74.140648,216.848755,127.742599
167.564072,75.368767,218.950882,129.638596
168.398438,75.765930,220.543274,130.837509
167.857986,76.368904,220.873459,132.360413
165.069489,75.445816,219.075531,132.464584
159.460800,73.254303,214.348434,131.202744
155.247559,74.441902,211.028168,133.332031
150.278473,73.743942,206.920197,133.541321
145.472748,73.365082,202.824921,133.910294
139.261856,72.061958,197.504196,133.543396
137.089050,70.591766,196.367462,133.161957
134.292267,69.642639,194.484528,133.172363
131.510361,68.922745,192.641159,133.437164
131.677017,70.089188,193.561356,135.393616
133.382233,73.613007,196.021942,139.721542
135.037811,76.490852,198.260193,143.219070
139.328369,78.336906,203.267761,145.815735
143.564514,79.334122,207.873383,147.205536
148.472412,79.354614,213.363617,147.835251
153.867905,79.258163,219.020065,148.015793
159.022247,78.416016,224.134430,147.131836
162.946625,78.734100,227.637665,147.009644
166.185837,78.161812,230.089218,145.601212
169.400452,77.382164,232.305298,143.760605
172.091629,77.933464,233.982681,143.233749
172.826782,80.855400,233.738434,145.113083
170.783920,83.522194,230.679092,146.696747
170.208832,86.423424,229.024689,148.446701
168.577316,88.954300,226.479233,150.001663
167.711227,89.704285,224.642258,149.713806
167.590775,90.567886,223.787460,149.791550
168.202347,90.352425,223.802689,148.948334
168.941711,89.890678,224.094421,148.014969
170.013580,88.702530,224.851990,146.495682
173.343719,87.889717,228.114014,145.611023
175.530975,87.744362,230.409607,145.579910
176.417374,87.779625,231.542404,145.875031
179.301361,89.875618,234.710419,148.270279
179.024368,91.456833,235.037643,150.488083
179.275131,92.404251,236.243027,152.440353
178.881775,92.265846,236.741943,153.256836
177.349823,91.805931,235.916595,153.540085
172.880295,89.052338,231.981094,151.347672
169.221252,84.028107,229.293060,147.343002
167.462418,80.839920,228.178421,144.830719
164.980255,77.674065,225.907257,141.886230
164.001846,74.644737,224.851181,138.774139
161.972168,71.512970,222.518494,135.319489
162.306396,69.768410,222.896973,133.621368
162.201080,70.150253,222.956482,134.176147
162.324036,74.012375,223.039459,137.995667
160.949936,81.258514,221.560593,145.131882
161.251755,87.388382,221.906296,151.307800
163.290421,90.527649,224.195877,154.710327
165.032562,89.633118,226.412201,154.321045
166.954483,85.779785,228.989456,151.154755
168.909927,79.606834,231.832779,145.911972
170.146454,74.296577,233.393433,140.946411
172.452133,71.073616,235.837601,137.868439
172.528000,69.173889,235.783157,135.832306
172.040924,67.063148,234.818787,133.221893
170.967102,66.794708,232.992004,132.152679
170.072906,70.394135,231.372223,134.991959
168.944016,73.646126,229.720993,137.696320
168.469681,76.878899,228.973679,140.638199
168.021408,78.024467,228.419052,141.672180
163.629791,77.987747,223.995880,141.602341
157.511536,76.473251,217.751587,139.955612
151.814407,74.994736,211.971481,138.390030
146.297073,72.573372,206.347610,135.856903
140.826202,67.264664,201.336609,131.030670
131.977356,62.491177,192.929260,126.720383
127.144920,60.861542,188.295334,125.302269
123.058731,60.561172,184.278610,125.074730
121.492279,62.243637,183.084473,127.147530
119.269363,66.634109,180.825333,131.500031
118.966705,72.618652,180.665588,137.634399
118.112595,77.573761,180.069321,142.863983
118.643585,79.377548,180.880157,144.965683
121.037857,78.298576,183.787003,144.423691
126.660637,79.225639,189.972412,145.949112
131.893326,78.676682,195.390793,145.594559
137.302414,76.676811,201.174911,143.987289
145.447296,75.030632,209.475128,142.506165
146.535049,74.612434,210.395187,141.912552
145.669678,73.838547,209.445129,141.048660
141.984009,72.933571,205.944183,140.339966
137.265228,73.256813,201.595947,141.056915
131.102554,73.352478,195.948654,141.691742
124.329758,74.910011,189.697891,143.803436
115.833565,74.931198,182.031311,144.691925
107.543259,73.464752,174.526108,144.045746
100.338722,69.989845,167.976135,141.264481
93.136414,64.427948,161.626236,136.605133
86.327904,58.651745,155.181183,131.213455
81.347427,55.261211,149.840073,127.441376
80.783180,54.654819,149.150925,126.702843
79.711044,56.103535,148.190765,128.270020
79.309105,62.243629,147.593979,134.203964
77.860291,69.344368,145.778595,140.922195
75.960197,74.535378,143.509872,145.722900
72.843536,78.318428,139.952896,149.039734
66.898232,79.982216,133.803329,150.490250
60.579525,79.070892,127.301575,149.384949
54.589500,77.349564,121.203690,147.549332
49.346527,73.088959,115.450569,142.748138
50.390419,69.458138,115.979721,138.579529
50.961575,65.469185,116.112701,134.125854
53.832527,65.357292,118.430763,133.435928
59.035557,66.090767,122.944328,133.437515
64.291809,70.348549,127.422691,136.868790
66.758881,74.250145,129.141815,139.987381
67.946312,77.176056,129.838669,142.399368
72.842522,79.257500,133.865952,143.555847
76.990433,81.828163,137.367722,145.449112
81.646896,82.485878,141.681183,145.746948
86.525253,79.531158,146.430771,142.657120
91.010902,74.861542,150.937454,138.009933
95.061226,66.348572,155.736176,130.295258
102.966385,59.140079,164.163223,123.634323
111.622597,54.544010,173.427551,119.675797
118.795822,54.915054,181.336395,120.829918
123.436737,59.528770,186.340622,125.824249
124.650688,62.734940,187.894806,129.392242
126.717484,64.914642,190.128296,131.746475
128.068878,65.618858,191.913788,132.905136
129.724854,67.299660,194.304962,135.367081
129.010666,67.189972,194.575974,136.303223
127.882782,65.507988,194.068939,135.279709
129.653931,63.346169,196.260498,133.557098
130.284439,61.569309,196.858780,131.746078
129.299454,58.743851,196.026657,129.082611
130.895432,58.513084,197.726608,128.962021
129.800873,60.491169,196.558533,130.862198
129.852402,61.424984,196.683731,131.874084
129.869598,63.085861,196.829834,133.671570
129.010895,63.374462,196.061707,134.056183
129.444351,63.795834,196.321335,134.296066
129.851929,63.983303,196.458008,134.196457
132.558945,63.086380,198.537796,132.634857
134.894928,59.264969,200.282928,128.186798
138.420837,54.572495,203.308228,122.970963
143.787338,52.088463,208.088730,119.864876
147.534897,51.984470,211.217514,119.113533
150.386017,58.336308,213.263672,124.610100
150.491531,65.996964,212.719528,131.579880
149.144028,72.447647,210.838425,137.471573
149.509399,77.165085,210.710846,141.664261
148.616821,78.875061,209.537628,143.080017
145.318787,75.086296,205.840088,138.865540
144.970200,69.215897,205.045456,132.527161
149.572266,64.238983,208.968109,126.837418
155.686386,61.209152,214.406815,123.098389
160.907379,63.522263,218.704590,124.441345
161.222214,66.342621,217.668930,125.841370
161.351349,71.102341,216.560059,129.297943
157.404190,73.858749,211.601089,130.988342
150.760773,76.055008,203.985352,132.159241
145.124802,75.861641,197.509476,131.079300
139.132751,75.699730,191.004333,130.375275
131.250900,71.114845,182.675156,125.317261
126.983315,67.002083,178.362396,121.156708
125.470978,61.171867,177.068130,115.557144
128.485062,59.525673,180.305206,114.146790
129.394424,61.542515,181.403900,116.363869
128.606293,63.739712,180.910324,118.866745
128.752441,66.540398,181.118912,121.733398
129.087845,69.050781,181.209503,123.985100
127.760475,69.777809,179.743713,124.568481
125.136566,71.095169,176.949875,125.706108
122.702774,71.813538,174.362122,126.261635
120.027679,69.223732,171.492172,123.465729
123.216896,65.641945,174.780853,119.989151
126.608337,63.802086,178.046036,118.015747
129.940811,62.555145,181.552826,116.953178
139.639236,67.034515,191.299805,121.483894
144.143738,70.314018,195.919907,124.885666
149.785675,70.320198,201.839432,125.185455
157.602676,67.599121,209.967499,122.787178
161.900818,65.781387,214.436050,121.149498
165.372025,63.732834,217.864319,119.055580
167.423798,63.133224,219.299881,117.804893
169.485764,62.482471,220.546936,116.292221
169.588898,58.821159,219.842178,111.791946
171.229141,55.750443,220.804321,108.016533
172.159790,54.401157,220.971939,105.858437
171.088348,54.410954,219.142899,105.064262
171.207458,56.229568,218.648056,106.243866
174.307327,63.486832,221.225006,112.945526
171.507584,70.457748,218.119751,119.591446
167.822021,74.918365,214.091019,123.686981
163.484512,77.300560,209.523529,125.829414
157.175903,77.035736,202.988998,125.329056
152.205887,73.633766,197.849457,121.746513
151.352036,69.549339,197.390167,118.082375
155.485229,63.949417,201.932388,112.908890
156.937607,63.172066,203.397278,112.144585
157.809357,65.208420,204.049362,113.951935
157.430389,69.038429,202.962387,117.043800
158.793900,73.443947,203.493439,120.562584
159.479050,76.500946,203.333405,122.718063
158.825424,78.657806,202.124847,124.282150
159.414612,81.642982,201.976822,126.496605
160.024979,83.688393,201.667603,127.579681
162.292221,84.024475,203.356049,127.309425
164.193283,79.473145,204.888336,122.371758
163.348099,75.648788,203.714661,118.202888
166.841339,75.177193,206.913071,117.422073
169.398758,78.792999,209.153168,120.705070
168.757858,83.246056,207.731201,124.337997
166.523895,86.522072,204.825333,126.890442
162.990524,88.626411,201.002655,128.690628
159.099014,89.393204,196.822754,129.154251
157.302994,88.675964,194.455872,127.836090
156.809341,87.577919,193.305634,126.046898
154.015442,85.163490,189.996567,123.089455
150.446503,83.215218,185.793411,120.471733
145.665756,81.296158,180.517426,118.029922
143.093948,80.327583,177.920837,117.035133
139.488480,75.782036,174.441406,112.622826
138.006165,69.135033,173.425797,106.469215
136.097504,68.745956,171.911118,106.495987
133.327194,72.883766,169.181976,110.677238
133.540237,75.241226,169.376221,113.014877
133.529831,76.189003,169.568573,114.176674
130.950577,79.512154,167.404755,117.926491
170.000000,70.000000,191.000000,92.000000
169.367645,70.958839,190.359009,92.949821
167.787521,71.108612,188.754807,93.074371
171.352158,70.655586,191.981644,92.267448
177.469833,71.448334,197.774246,92.719635
183.894104,72.151466,203.836151,93.043144
190.618057,72.096954,210.589218,93.019196
195.618546,71.622467,215.551071,92.504150
198.897171,71.187904,218.876083,92.118294
200.223740,72.851967,220.200150,93.779716
198.265549,74.803757,218.295425,95.787659
198.830566,74.230324,218.662354,95.016136
202.236633,72.187790,221.917542,92.815170
200.242477,72.470589,219.384079,92.531700
198.669769,72.668343,217.766083,92.681892
191.007919,71.347427,209.161636,90.371231
186.257858,68.074547,205.556534,88.303566
185.895004,68.853874,205.277969,89.171410
181.757874,72.339745,201.374237,92.902351
178.619446,74.952682,198.206512,95.484512
175.615738,77.956711,195.035446,98.312805
172.990768,79.184723,192.180191,99.299011
177.294647,81.401474,196.154175,101.169357
179.144608,82.664185,197.681747,102.092728
181.147430,83.517418,199.494934,102.746346
182.149811,85.295296,200.205841,104.217415
184.180954,85.869789,202.007401,104.562325
183.735519,85.262177,201.256668,103.632431
184.746338,85.144630,202.064667,103.300789
184.082764,85.146500,201.190674,103.080566
176.636093,84.306755,193.392624,101.889442
171.084641,82.991486,187.861130,100.595322
166.935410,82.029945,183.776138,99.701805
165.289124,82.062897,182.242432,99.853958
162.445618,80.747955,179.580200,98.730957
162.245377,80.653877,179.537186,98.794106
161.243958,79.385674,178.687958,97.686531
161.935577,79.022400,179.493835,97.443863
163.716141,76.690704,181.208786,95.042908
166.962631,75.261421,184.601730,93.768227
169.461868,73.621628,187.150467,92.180695
171.991714,73.391502,189.551285,91.814369
175.006195,73.255440,192.585297,91.698921
176.556381,73.060722,194.163071,91.533318
176.478867,74.038185,194.014389,92.435677
173.198471,74.174515,190.669479,92.503891
173.499466,73.025215,190.860947,91.238976
174.092285,71.662811,191.375336,89.793793
174.906677,70.918106,192.180237,89.039078
175.905502,70.128052,193.145157,88.213226
177.669907,69.376892,194.815201,87.362457
177.559647,68.513412,194.583145,86.377197
181.324020,67.434952,198.190292,85.141495
182.789200,66.259094,199.341080,83.632767
183.409439,64.953949,199.929916,82.294357
177.436371,61.765240,194.106995,79.264641
177.437225,61.105362,194.137482,78.636139
175.958923,62.803020,192.657043,80.331551
171.818130,63.624401,188.578171,81.218483
171.288071,65.710518,188.105087,83.364914
168.106186,63.958576,184.993240,81.687119
171.545273,64.609123,188.531693,82.442871
172.731094,62.094231,189.888046,80.108551
179.764587,60.706573,197.027740,78.833000
184.215805,56.768291,201.677414,75.104202
188.519318,54.104626,206.033508,72.496048
194.541000,54.918736,212.191940,73.454506
200.019394,57.245693,217.641953,75.751511
202.106567,58.824913,219.551544,77.143288
206.504684,59.590485,223.860001,77.814224
209.542603,58.587486,227.013153,76.932854
208.964828,54.489380,226.330551,72.724106
210.328278,51.280636,227.614563,69.431511
212.810791,49.468628,230.139984,67.664787
216.712433,49.546951,234.476532,68.202171
213.727692,53.141258,231.552765,71.860855
212.939728,59.142273,230.665314,77.756844
209.236893,63.453529,227.478287,82.612564
202.001114,66.461678,220.320023,85.702286
194.955246,68.162033,213.590927,87.736092
188.714539,68.575294,207.489014,88.295456
181.460968,66.601196,200.492065,86.591484
181.787796,67.693665,200.810440,87.675499
178.970810,65.602852,197.945145,85.536377
130.000000,57.000000,173.000000,103.000000
132.956131,57.770214,176.289108,104.125908
135.456680,59.435570,179.103836,106.126877
138.388748,59.965431,182.380081,107.024399
142.595062,62.326031,186.899353,109.726395
144.517715,65.094116,189.165054,112.860382
147.086685,68.437042,192.034164,116.523453
151.355392,71.378799,196.772751,119.976852
153.509506,72.524422,199.377701,121.602715
155.700806,69.806030,202.240692,119.614426
159.578201,60.624111,210.368820,114.954559
158.513168,58.538647,210.004837,113.625137
154.954895,50.834854,206.921265,106.432564
154.349609,45.820351,206.519592,101.637329
154.165222,41.377014,206.472443,97.338997
149.727768,35.654358,202.136307,91.723396
148.285263,38.337719,200.314590,93.998917
143.210876,42.656105,194.732452,97.780807
138.272766,44.908306,189.326202,99.528847
135.553207,45.223888,186.128983,99.339195
135.659943,46.495293,185.539093,99.859322
136.376801,47.090839,185.398376,99.528702
134.942581,48.645714,183.078415,100.144676
133.656021,49.663876,180.854874,100.168495
132.659286,49.653904,179.068649,99.319702
134.831314,47.545570,180.788010,96.729813
137.679245,49.018906,183.231277,97.763283
139.280975,52.551136,184.646332,101.096672
141.127930,57.240360,186.332367,105.614479
141.322220,62.042641,186.612198,110.507896
140.458374,65.571777,185.764252,114.053986
141.529739,68.316605,186.935562,116.905289
138.395065,67.331474,183.878159,116.002464
139.531830,60.678268,185.540863,109.909485
142.138779,51.597012,189.020828,101.756966
145.807022,46.079948,193.125748,96.713730
148.293015,49.131317,195.764633,99.927528
150.302353,53.884369,197.805740,104.714348
150.297913,58.905060,197.748138,109.678543
148.749466,60.954800,196.209702,111.738907
147.301727,62.548496,194.831299,113.406258
146.791458,64.179657,193.993057,114.688934
146.095627,65.400810,192.776993,115.357323
146.527359,63.165070,192.800400,112.687195
148.945190,63.229660,194.612946,112.107880
149.461655,63.916351,194.507858,112.132492
144.367218,62.395531,188.966583,110.135674
140.132141,63.443649,184.223022,110.641418
137.610596,64.428230,181.326935,111.226494
133.158371,64.273911,176.703323,110.889099
127.003532,63.417274,170.371124,109.843010
122.502464,62.139061,165.811768,108.502525
117.476273,61.338509,160.731659,107.644386
113.386963,61.367924,156.654678,107.686981
116.587868,60.644146,159.934448,107.047447
117.798157,58.151348,161.262711,104.680664
119.029892,53.227814,162.764648,100.045769
123.124817,53.698208,166.962875,100.626503
125.961678,58.212437,169.684509,105.017654
128.997467,64.409866,172.233597,110.695221
133.079391,69.470108,175.945740,115.360474
139.557053,70.652664,182.105286,116.202713
146.869125,68.130569,188.895416,113.122269
151.521805,64.113403,193.259766,108.803360
154.592682,59.352760,196.422195,104.140816
158.034088,56.056450,199.825089,100.803246
160.710129,53.301483,202.417450,97.958633
162.428284,52.321056,204.099899,96.939941
162.797226,53.359631,204.403595,97.908600
161.908173,54.460155,203.456131,98.946548
161.590698,56.240086,203.206039,100.798691
161.154678,58.677258,202.834900,103.305382
156.945816,61.015278,198.854675,105.888367
154.085526,61.963707,195.987488,106.829391
154.080978,61.761322,196.349670,107.019920
150.518631,61.375778,193.052917,106.918510
150.721527,58.598602,193.458206,104.357841
150.279465,56.333199,193.512207,102.623100
149.900452,55.756012,193.631119,102.577774
149.322998,56.873802,193.627884,104.308937
149.015152,57.045834,193.757355,104.947449
148.899002,57.968277,193.943085,106.191887
151.243408,58.838108,196.382553,107.162979
154.034775,60.016506,198.871948,108.019722
154.487869,60.303123,198.998932,107.951233
153.957809,61.576565,197.987854,108.711601
156.096664,63.200306,199.657654,109.835007
154.394363,65.896667,197.505676,112.051048
149.878616,71.093246,192.462128,116.683846
149.998596,75.817055,192.434341,121.249588
151.483231,79.214165,193.832031,124.553680
151.480591,82.939438,193.845627,128.296310
148.697479,84.862076,191.078476,130.236008
145.198929,83.286095,187.784149,128.878494
145.662903,80.742165,188.440475,126.540329
147.521942,79.221367,190.526749,125.262604
144.702835,76.828453,187.799133,122.967407
146.252792,72.934975,189.414001,119.143280
148.911697,71.843391,192.229126,118.218582
151.819931,72.266479,194.980713,118.474327
155.657959,73.071823,198.695999,119.148567
158.961670,73.931030,201.742783,119.733345
160.498291,74.360931,203.055832,119.924080
163.519196,74.634483,205.903122,120.011917
165.682617,73.431313,207.934097,118.667068
166.148804,69.048302,208.313187,114.190887
165.530518,67.293343,207.630356,112.366898
162.249252,65.269257,204.228241,110.213524
158.028015,62.544575,200.212479,107.708984
153.465195,63.229496,195.814392,108.570129
147.846802,66.324722,190.343063,111.822678
142.904694,68.944588,185.509506,114.558662
138.280762,70.397903,180.867050,115.992172
135.035248,72.448097,177.608932,118.028893
130.255356,73.634659,172.858368,119.246826
125.989861,74.201126,168.407990,119.615509
125.969894,74.235550,168.149033,119.394257
122.777069,71.641258,164.885712,116.724556
123.690788,67.392334,165.579330,112.240173
126.345322,66.131897,168.186234,110.928711
128.844589,67.953758,170.198349,112.228630
131.081589,72.629929,171.905289,116.336884
135.188751,77.255753,175.426941,120.334335
141.104736,82.895416,180.627319,125.206039
146.154449,86.464134,185.213165,128.276093
151.995728,86.592339,190.779236,128.115326
155.182053,84.713051,193.901474,126.167038
161.581940,81.570236,200.436707,123.169975
168.676208,79.231712,207.468781,120.764481
172.126633,80.144508,210.999527,121.763763
175.200851,82.919365,213.965622,124.422165
177.511703,87.094353,216.115219,128.423492
177.997360,90.105850,216.210587,131.014694
175.640701,91.345642,213.679642,132.071274
171.915085,90.368149,209.827560,130.960846
167.472809,88.423248,205.225739,128.843796
165.770920,85.905083,203.478867,126.277077
163.953110,85.921623,201.597122,126.224648
160.500916,86.454903,198.114807,126.725426
159.276276,85.803932,196.848785,126.029793
160.254410,85.038834,197.962265,125.410721
158.575592,85.192894,196.398590,125.689003
156.547211,86.162041,194.601654,126.907860
153.999008,86.681618,192.257767,127.642220
151.278763,86.408714,189.704819,127.545174
150.411285,86.224342,188.902527,127.430992
149.932983,86.410416,188.454346,127.649506
149.562622,86.337608,188.066925,127.558342
149.765656,84.570038,188.061035,125.565781
151.586838,82.651443,189.845200,123.608276
153.600052,81.701256,191.899246,122.701012
156.715439,81.122559,195.133224,122.246994
161.862320,82.855362,200.476425,124.191208
167.020920,85.280418,205.888382,126.889107
170.608185,88.346207,209.692657,130.188599
172.611389,90.479759,212.140167,132.788681
174.486954,91.945724,214.430984,134.701050
176.192688,91.793991,216.522705,134.964264
178.459503,90.017044,219.074768,133.493423
179.281555,87.379456,220.206146,131.187790
179.026993,85.904694,219.995224,129.759842
179.076920,85.096519,220.022812,128.927673
178.062149,84.426636,219.088486,128.344131
179.305099,83.402390,220.189590,127.171295
179.511047,79.236153,220.443237,123.056252
183.170410,76.318764,224.289734,120.339699
185.930725,77.457748,227.235413,121.677292
185.325684,80.587814,226.515961,124.684769
186.437653,83.729073,227.772766,127.981209
189.269150,86.272552,230.125839,130.012100
188.565948,87.792801,229.121002,131.208618
186.665298,87.528175,227.242752,130.968002
184.500763,87.310020,225.415680,131.112030
181.644516,85.966339,222.734665,129.956390
178.310669,84.521896,219.651337,128.774368
172.864609,82.446022,214.635574,127.159523
170.545120,81.875374,212.953812,127.272163
170.536652,83.357834,213.190308,129.016678
169.424957,83.650734,212.178223,129.416138
167.664948,83.789772,210.586456,129.735168
166.223145,81.845985,209.982452,128.687622
162.083344,78.862503,206.615234,126.529411
158.583313,75.306145,203.202881,123.066574
157.905121,71.595291,202.573212,119.407463
157.374878,68.946701,202.025848,116.740623
153.502686,67.156235,197.906403,114.686424
160.128693,66.461243,204.367584,113.815605
163.595306,68.051979,207.658203,115.218628
168.224808,71.139168,212.106277,118.112289
172.110062,74.399544,215.809006,121.177689
173.356354,75.204674,217.028137,121.953796
176.396988,74.958321,220.074539,121.713593
178.626465,74.754745,222.265167,121.468529
177.771225,74.417557,221.219131,120.927544
174.662003,73.814713,217.873001,120.071632
172.645493,71.546959,215.742630,117.682251
173.183044,69.278305,216.333252,115.470268
170.728882,69.879913,213.745453,115.929146
167.551117,72.550392,210.483276,118.509460
166.956451,76.319489,209.774811,122.156822
164.977646,79.826584,207.631241,125.487648
162.645493,81.292755,205.330185,126.987083
157.472839,79.564209,200.088928,125.185143
151.473343,77.403610,194.041092,122.972847
149.781647,75.467400,192.212189,120.889862
146.733871,73.729698,189.108047,119.091858
143.758286,72.575783,186.078964,117.880692
142.707367,71.936211,184.867828,117.069717
139.880035,72.423935,181.777863,117.276482
138.948959,73.130531,180.586197,117.703888
139.373947,75.554337,180.600784,119.687981
140.913651,76.404770,181.969040,120.354713
144.328796,76.277550,185.171112,120.004272
148.707245,75.884125,189.414093,119.465462
153.825882,76.389221,194.379745,119.806358
159.146774,76.340302,199.573380,119.620872
163.713165,74.956123,203.947083,118.029922
165.876648,74.454895,205.782928,117.177086
169.265762,72.991714,208.892441,115.413338
171.332550,73.668037,210.861145,115.984222
172.871521,76.500000,212.259430,118.664955
172.747055,80.508652,211.891586,122.411980
172.093124,83.955215,211.104019,125.718208
170.235626,86.823677,209.136627,128.471268
168.243729,89.123238,207.022263,130.638962
166.628021,90.254333,205.400848,131.763901
163.984039,90.185814,202.636536,131.565796
159.193176,86.586021,197.890350,128.014114
158.724564,82.361382,197.653641,124.039200
154.138870,80.405212,193.356583,122.393867
151.241821,80.920845,190.484222,122.935410
146.267517,84.232475,185.574768,126.316757
143.991638,85.809990,183.540833,128.154343
143.134720,85.494942,183.102646,128.289429
141.821274,83.144394,182.167007,126.345024
139.328522,82.547585,180.127319,126.234451
138.558731,82.078300,179.722488,126.156845
136.485291,81.751396,178.000305,126.206284
133.580170,80.798912,175.402100,125.582642
131.275513,80.514359,173.199951,125.407906
128.815094,79.811852,170.742249,124.708313
125.674210,77.840706,167.658554,122.798447
