162.000000,92.000000,214.000000,147.000000
161.549255,92.418869,213.412079,147.273926
159.548813,95.713104,210.824814,149.947495
156.411499,98.839310,207.385590,152.754364
153.892746,99.458229,204.197922,152.665024
151.239838,98.741615,200.578186,150.924698
149.826126,94.811302,198.891830,146.705383
149.093658,90.534889,197.171021,141.401108
148.058029,87.368126,195.831223,137.917755
147.631836,86.827904,195.447266,137.422394
144.525909,86.481781,192.646576,137.400589
138.117310,86.301682,186.869568,137.877869
132.719543,89.143936,181.339386,140.579620
126.901482,91.529572,175.787964,143.248230
122.955200,90.914070,171.835571,142.626236
121.952942,88.420525,171.454590,140.791992
121.859016,85.445107,171.917480,138.406799
124.090424,84.519875,174.464325,137.809387
127.014435,85.206909,177.517548,138.633240
129.545486,86.512260,179.818710,139.695175
131.154846,89.650375,181.598541,143.013809
130.925003,92.523384,181.351334,145.868439
130.744278,93.573669,181.295639,147.051102
131.760239,94.020340,182.527817,147.726715
132.239639,95.768478,182.747147,149.199478
133.530869,97.230988,183.431870,150.019821
132.963272,95.729210,183.134048,148.803986
134.768234,91.311722,184.884811,144.329102
137.666245,86.260292,187.767899,139.261871
142.570419,81.057693,193.373093,134.801529
147.476746,77.805496,198.015198,131.269577
150.922333,76.105934,202.110046,130.257446
155.091171,75.309029,206.498001,129.692291
159.079254,75.129433,210.572174,129.603760
162.078476,77.626190,213.270584,131.782349
163.038208,80.294495,214.052429,134.262512
162.170639,81.466286,212.662247,134.891571
160.843018,80.016068,211.238251,133.339325
158.753448,76.828888,209.272186,130.282913
154.846161,74.022804,205.894165,128.037231
151.303131,72.255539,202.513947,126.442177
147.479645,73.699440,198.894836,128.102264
140.761078,78.236702,192.418823,132.896072
134.382339,82.329140,186.265152,137.226547
129.986191,84.216454,182.584305,139.870422
125.676582,83.086304,179.418839,139.949188
122.613632,82.711823,176.690994,139.928421
121.034233,82.784279,175.594925,140.510574
119.434952,82.952423,173.742340,140.411606
119.277481,80.808594,173.680328,138.368454
120.359665,75.264587,174.500732,132.548401
122.289474,71.323608,176.269745,128.437851
125.618561,70.164711,179.814163,127.510231
129.304810,72.349655,183.004715,129.172440
130.928497,76.926666,184.135117,133.228760
133.173904,82.420181,186.248688,138.583099
136.442505,87.157982,189.354172,143.148712
139.815277,90.650017,193.067093,147.000168
142.496140,92.130295,195.620758,148.346191
144.973892,89.623322,198.466827,146.227982
149.218643,84.524323,202.760437,141.180542
152.693329,77.510269,206.958054,134.929581
156.534821,72.508156,211.257584,130.410477
157.044861,69.336082,212.240463,127.737030
158.734222,69.467209,213.966202,127.906471
158.629837,75.875015,213.221344,133.639511
155.352890,81.023827,209.257080,138.063492
153.701981,82.611832,207.270935,139.291428
151.804825,84.881508,204.913757,141.075516
151.918106,86.294662,204.333527,141.756638
149.556610,85.912025,201.431381,140.802750
149.615967,82.890945,201.136154,137.406631
150.887207,79.495003,202.327682,133.926392
151.407318,79.961502,202.555374,134.083618
151.646271,85.040810,202.233963,138.570236
149.748795,90.204285,199.663300,143.020920
148.007523,90.755547,197.972778,143.625977
147.013641,90.728043,196.948898,143.566681
146.154343,91.939575,195.760406,144.429276
144.938675,93.322426,194.575897,145.845139
142.885620,93.029846,192.313583,145.330734
139.037140,90.191704,188.445328,142.471634
135.240143,87.256897,184.258438,139.123566
134.107162,84.489578,183.035553,136.262726
135.361221,83.574158,183.855621,134.886734
133.838684,88.790596,181.733566,139.466949
132.889984,94.165154,180.589493,144.633926
133.918686,97.950638,181.136292,147.907379
135.148514,101.634605,182.494080,151.724640
137.386658,105.006798,184.958908,155.337677
140.324127,104.484917,188.365402,155.314148
141.730347,98.119675,190.388382,149.590836
145.597595,88.451843,194.854050,140.558075
148.667221,81.446823,199.038422,134.734665
153.565506,77.415634,204.344177,131.134918
157.641190,75.530708,208.860168,129.716187
158.778534,78.140320,209.909470,132.232666
160.351822,81.264923,211.268524,135.130661
162.261566,82.785019,213.029831,136.493591
164.264435,83.503242,214.735855,136.897507
165.644531,84.596588,215.270706,137.095871
165.961288,84.114586,214.992462,135.983170
165.888748,84.103104,214.225433,135.249435
166.079132,83.499847,214.161667,134.376480
164.308762,83.418427,211.676422,133.551010
163.262756,82.236763,210.081406,131.786041
162.469177,83.801239,209.156693,133.211014
158.396805,88.754517,204.741821,137.799927
154.651093,90.866806,200.919815,139.831070
151.538513,90.866699,197.536331,139.548553
147.939240,93.256981,193.990524,141.995789
143.428238,95.877899,189.484497,144.621887
139.385727,93.794060,185.782990,142.893570
139.365433,89.702293,186.018341,139.073746
140.457626,86.765640,187.584106,136.640915
141.333939,86.168083,188.888214,136.488983
141.143295,86.032112,188.747314,136.405869
141.551086,86.723373,189.028091,136.962173
140.176254,87.420380,187.755157,137.767441
141.130783,89.365395,188.800262,139.808685
142.329498,91.849922,190.453354,142.775970
143.012207,92.993843,191.592239,144.394684
144.956757,91.438416,194.274216,143.621811
148.201416,88.417213,198.204483,141.327362
150.420288,85.339622,201.315948,139.177368
153.420364,82.740303,205.141769,137.452347
157.994629,80.359444,210.468414,135.867279
163.298004,78.338593,216.312622,134.417862
167.615311,77.543762,220.977646,133.990067
169.865936,77.720535,223.747803,134.715240
171.343155,79.970779,225.006851,136.735199
172.535294,80.947479,226.257523,137.773666
173.105301,81.017097,226.716171,137.725754
173.489960,80.443474,226.880676,136.919754
171.913101,79.957687,224.777328,135.878235
170.919876,78.552483,223.133377,133.785477
170.761932,76.917824,222.100739,131.226608
172.852951,73.615601,223.598038,127.296410
174.968170,71.546051,225.448730,124.946785
174.138458,70.319313,224.196411,123.272583
172.063004,69.814110,221.791122,122.424622
167.568848,69.237427,217.363983,121.918968
165.454758,70.705666,215.256821,123.394547
161.724152,72.873528,211.449799,125.481415
157.952347,74.902428,207.493637,127.314911
153.974640,75.505341,203.283722,127.671684
151.835831,74.158707,200.817337,125.977821
149.899170,70.146751,198.757599,121.835251
148.006302,65.738518,196.412674,116.947281
146.085907,63.094158,194.276886,114.074341
146.001862,61.966045,194.240845,112.996201
143.410477,61.956020,191.742599,113.085022
143.839050,63.233673,192.258972,114.455856
143.436661,65.823006,192.155045,117.361931
142.848053,70.970558,191.904846,122.868599
143.111572,75.662354,192.416077,127.818008
143.533417,77.846176,193.322937,130.515930
143.737640,76.561287,194.108734,129.847504
145.195236,73.993965,196.234116,127.987259
144.965866,70.019562,197.151047,125.203255
144.317993,65.989044,197.386139,122.105690
145.665024,61.972660,199.577408,118.980438
145.597626,58.400368,199.998413,115.932739
145.725021,57.128662,200.440262,114.992645
143.872910,58.025822,198.473984,115.769402
141.840668,59.907814,196.114960,117.306786
139.996384,62.834183,194.024185,119.973221
139.140472,67.146515,192.674164,123.764511
138.645615,70.936165,191.774979,127.127357
138.635437,73.850677,191.197906,129.443481
139.785309,75.545639,191.620026,130.369492
138.644318,73.989136,189.883392,128.182983
139.476913,70.145775,190.305649,123.905617
139.904465,66.173317,190.191818,119.359932
139.127472,62.804214,188.969055,115.518845
138.227264,60.689354,187.175446,112.456963
137.901108,59.335167,186.186264,110.399147
137.110962,59.809219,184.797516,110.237961
138.756516,62.356522,186.031998,112.348495
140.902283,65.438972,187.664307,114.896111
142.833771,66.928352,189.403748,116.181190
142.566223,69.285446,189.062897,118.460312
141.511902,72.292702,187.877228,121.327843
138.387985,74.008041,184.907639,123.207382
135.398972,75.792755,181.809402,124.875916
131.998535,76.021980,178.487610,125.188805
128.120575,74.022499,174.656036,123.238670
126.644196,72.247292,173.030060,121.304314
124.114067,70.464233,170.406158,119.421494
121.566772,69.252335,167.809113,118.157730
118.614258,69.402740,164.679016,118.123001
118.778915,69.314445,164.686630,117.870979
119.658638,70.111725,165.714844,118.826431
121.654831,70.128563,167.696793,118.828423
125.648369,68.488213,171.830582,117.334282
129.957428,63.722404,176.548462,112.994698
133.993256,59.592091,180.885040,109.184334
134.623688,56.845116,181.811157,106.751930
135.194550,51.268147,182.677856,101.483131
140.896500,52.925224,188.313736,103.070000
146.364120,56.562401,194.092819,107.038094
148.938309,60.451630,196.621994,110.879501
153.743484,62.013939,201.498978,112.518120
157.914093,64.143684,205.853333,114.843102
159.920609,63.585838,207.896835,114.324562
162.688690,64.061623,210.750763,114.891563
163.821304,64.944229,211.897232,115.788589
165.217834,67.877365,213.183228,118.606689
167.784271,71.330795,216.023346,122.350922
169.231491,73.322433,217.833298,124.727509
170.848068,74.510315,220.133804,126.641190
171.749100,74.933395,221.807419,127.883224
171.268921,75.518112,222.185181,129.359512
168.733521,74.609749,220.579315,129.435333
163.232422,72.612236,215.862305,128.267151
159.078995,73.765198,212.544662,130.303207
154.098465,72.916054,208.463364,130.403244
149.342941,72.456131,204.404953,130.678467
143.121109,71.151512,199.022812,130.258530
140.875443,69.577744,197.813553,129.795181
138.172424,68.665695,195.840912,129.664764
135.498688,67.914970,194.088654,129.883194
135.936996,69.164032,195.208298,131.848221
137.841553,72.807999,197.788055,136.201172
139.545853,75.708954,200.069321,139.717575
144.082291,77.524780,205.345078,142.321198
148.447571,78.569588,210.013763,143.684097
153.541138,78.586395,215.656982,144.286026
159.169189,78.587410,221.386902,144.393753
164.288818,77.712662,226.571136,143.586670
168.193375,78.095657,230.084641,143.559998
171.395813,77.549400,232.537842,142.216171
174.390411,76.808876,234.585205,140.482574
176.878860,77.390244,236.228012,140.176727
177.355148,80.370369,235.654343,142.054382
175.255585,83.063057,232.455170,143.591553
174.463409,85.961372,230.731628,145.510330
172.630661,88.374481,228.207748,147.195938
171.601120,89.149803,226.347763,147.096329
171.293549,90.035698,225.394348,147.301163
171.851440,89.895294,225.260773,146.431580
172.529388,89.466957,225.472412,145.511032
173.679138,88.377762,226.177643,143.943771
176.997726,87.613274,229.491409,143.174194
179.328247,87.579590,231.950073,143.275925
180.274170,87.605217,233.020691,143.433304
183.225418,89.632675,236.352310,145.862671
183.090118,91.265251,236.688416,147.992844
183.474472,92.207596,237.845261,149.750595
183.112457,92.018150,238.307373,150.430237
181.556870,91.480751,237.466385,150.645737
177.106644,88.629028,233.572830,148.390442
173.587006,83.616463,230.982330,144.355927
171.841217,80.459679,229.792999,141.784393
169.242905,77.279732,227.426956,138.852753
168.242813,74.192116,226.437607,135.776428
166.179291,71.054688,224.087402,132.337738
166.501480,69.304901,224.428604,130.608276
166.340118,69.689354,224.351959,131.083282
166.347824,73.518356,224.425064,134.981018
164.825943,80.589439,223.062271,142.219299
165.136856,86.718010,223.393143,148.368866
167.224945,89.879555,225.624908,151.681381
169.055634,88.942673,227.873962,151.184143
171.192490,85.159225,230.433395,147.851913
173.532349,79.216026,233.285034,142.446075
174.721527,73.937103,234.810059,137.525375
176.992645,70.730957,237.105072,134.344315
177.002213,68.774475,237.067307,132.338181
176.322189,66.488754,236.248337,129.906677
174.970261,66.028854,234.522537,129.048004
173.917801,69.546707,232.969650,132.032074
172.716675,72.793686,231.432861,134.926605
172.343338,76.171486,230.824753,138.053741
171.771057,77.328430,230.215027,139.171326
167.303986,77.254044,225.836395,139.189880
161.105087,75.720345,219.648148,137.667374
155.474457,74.242401,213.870941,136.035385
150.070557,71.867477,208.264008,133.447113
144.701904,66.610977,203.252808,128.566254
136.018860,61.942886,194.639160,123.971085
131.247162,60.303078,190.054718,122.531227
127.262955,60.176590,186.033279,122.364975
125.746971,61.881531,184.899857,124.478409
123.535553,66.285278,182.755264,128.952316
123.393120,72.356895,182.795792,135.216049
122.640022,77.314064,182.274963,140.417099
123.169556,79.103775,183.057861,142.477066
125.748657,77.990036,186.111603,141.869598
131.359436,78.867935,192.282623,143.335312
136.513428,78.033684,197.588806,142.663239
141.890594,75.901627,203.390594,140.976334
149.738983,74.219345,211.483185,139.554001
150.762360,73.760704,212.394989,138.976593
149.781570,72.892235,211.495560,138.194717
146.028976,72.000282,207.708054,137.265594
141.290176,72.267494,203.336655,137.923904
135.235306,72.176697,197.862411,138.441406
128.569595,73.701988,191.807083,140.615829
120.357788,73.535591,184.463470,141.358307
112.269638,72.099396,177.122787,140.704056
105.261978,68.478065,170.785629,137.794479
98.400276,62.769890,164.457230,132.651917
91.726418,57.013485,157.984360,127.105499
86.809029,53.808704,152.509506,123.309959
86.286514,53.267979,151.654861,122.416969
85.316383,54.774471,150.658524,123.895676
84.939651,60.887123,150.134674,129.852295
83.357147,67.921783,148.442886,136.772705
81.469742,73.184959,146.191345,141.655212
78.294495,76.880989,142.812103,145.134705
72.372643,78.585632,136.819244,146.763977
66.151787,77.778961,130.229309,145.565506
60.256855,76.168373,124.007469,143.612915
54.973991,71.994041,118.226463,138.909317
56.004219,68.357376,118.846504,134.843246
56.608685,64.391319,119.065163,130.466873
59.366344,64.341858,121.280510,129.840668
64.491089,65.002869,125.866676,129.928360
69.760658,69.264412,130.310059,133.323746
72.087440,73.223381,132.027039,136.632935
73.177818,76.105865,132.759552,139.133698
78.018578,78.099503,137.061127,140.552200
82.141281,80.557220,140.781631,142.587616
86.868767,81.155556,145.362900,143.029816
91.676056,78.071220,150.224915,140.002991
96.232681,73.317039,155.068283,135.550140
100.371895,64.547386,160.004288,127.631302
108.374825,56.990032,168.913834,121.041016
116.918152,52.442814,178.192017,117.276848
124.182770,52.878803,185.834381,118.108864
128.831467,57.459770,190.882797,123.115341
129.943344,60.658772,192.390060,126.728569
131.757141,62.727406,194.613159,129.232513
133.044418,63.279507,196.443039,130.361649
134.712402,64.854706,198.795410,132.664032
134.080994,64.746941,198.979828,133.409744
132.955322,63.055878,198.285553,132.176636
134.599625,60.973907,200.283340,130.469574
135.333359,59.259060,200.861130,128.589325
134.495377,56.522743,199.942490,125.767479
136.056580,56.286526,201.583588,125.616005
134.959122,58.314213,200.322281,127.469910
135.206955,59.325508,200.440872,128.344116
135.148315,61.134388,200.380920,130.151627
134.551117,61.795223,199.689301,130.712311
135.159302,62.431271,200.082031,131.123093
135.691223,62.753242,200.333160,131.146973
138.435867,61.905972,202.433487,129.615707
140.830811,58.283840,204.190613,125.315903
144.233215,53.744434,207.010895,120.157982
149.679779,51.332008,211.857483,117.107475
153.055527,50.927002,214.679672,116.122543
155.905914,57.059032,216.653229,121.321167
155.999329,65.006577,216.049652,128.526001
154.674866,71.527748,214.133301,134.426163
155.113525,76.322159,214.026428,138.647766
154.357956,78.207031,212.743729,139.969772
151.018311,74.558708,208.976196,135.871796
150.591568,68.763229,207.958511,129.444626
155.159439,63.872360,211.933334,123.930038
161.348434,60.851406,217.450729,120.190353
166.585785,63.174240,221.699066,121.472122
166.741318,66.298943,220.564651,123.237785
166.677231,71.279678,219.296524,126.947601
162.571289,74.278419,214.192261,128.891525
155.716721,76.482758,206.444870,130.151520
150.025009,76.149673,200.001511,129.022568
143.921555,76.129517,193.333328,128.403778
136.046280,71.526154,184.976944,123.290436
131.829758,67.448479,180.649551,119.095100
130.315216,61.477692,179.276398,113.274353
133.262589,59.713104,182.469742,111.770782
134.160248,61.717838,183.545898,113.964729
133.401978,63.900696,183.041931,116.417145
133.569992,66.717125,183.207626,119.231133
133.949677,69.354149,183.369476,121.637245
132.597748,70.113556,181.893250,122.264893
129.958923,71.417198,179.076782,123.380257
127.423820,72.130951,176.361984,123.907120
124.750381,69.497307,173.470551,121.042137
127.923775,65.850922,176.860886,117.625977
131.233246,63.985096,180.103210,115.688904
134.577194,62.755497,183.609695,114.631805
144.181778,67.257660,193.253677,119.174927
148.622864,70.495865,197.840759,122.564972
154.265244,70.494995,203.808701,122.909210
162.058350,67.804245,211.888000,120.521835
166.392715,65.981979,216.345993,118.830612
169.878296,63.987095,219.788696,116.790291
171.808029,63.436062,221.248276,115.740906
173.832657,63.064896,222.474716,114.523666
173.890610,59.654251,221.825577,110.362656
175.329269,56.555832,222.697769,106.662361
176.250351,55.233189,222.932144,104.610085
175.109375,55.398708,221.060944,103.998756
175.215515,57.483528,220.620087,105.500908
178.342957,64.465919,223.138611,111.834679
175.551758,71.495880,220.007202,118.501755
172.072586,76.014572,215.994583,122.451431
167.781601,78.418503,211.687027,124.837662
161.629532,77.783913,205.514084,124.180763
155.890961,74.204704,199.905304,120.740196
154.879364,70.033180,199.429382,117.128166
158.807419,64.443436,203.796494,112.006744
160.248413,63.723846,205.197235,111.244232
161.073029,65.792534,205.849121,113.128654
160.595184,69.582878,204.893311,116.409172
161.903488,74.052170,205.440079,120.083084
162.444473,76.881737,205.523026,122.423378
161.494003,78.881042,204.473892,124.319519
161.845154,81.773186,204.372253,126.727287
162.236923,83.852600,204.073135,128.083679
164.378372,84.135170,205.683487,127.797203
166.358566,79.665260,207.227280,122.870110
165.646118,75.966988,205.948334,118.563866
169.157791,75.503349,209.048599,117.668755
171.945343,79.232765,211.338287,120.862984
171.420135,83.748184,210.021027,124.546738
169.217850,86.743782,207.098923,126.785591
165.702621,88.846947,203.311417,128.595001
161.673981,89.531364,199.075592,129.061340
159.918900,88.614166,196.823135,127.620598
159.271042,87.559708,195.616440,125.961983
156.498764,84.877861,192.420425,122.833481
152.921310,82.870842,188.185684,120.132645
147.915756,80.944115,182.667892,117.665237
145.237289,79.883896,180.011215,116.628059
141.658325,75.271072,176.426575,112.009239
140.238647,68.508270,175.272858,105.527580
138.452835,68.116226,173.707321,105.368034
135.761383,72.262497,170.991241,109.488304
135.951645,74.555397,171.221115,111.823029
136.088776,75.479256,171.554993,112.954575
133.647995,78.801018,169.298660,116.471039
131.832657,80.862206,167.558640,118.611725
131.023270,81.391617,166.547440,118.928108
129.143829,81.126747,164.912415,118.921219
132.330505,79.960594,168.267975,117.933334
138.326324,80.285873,174.263672,118.258492
144.630768,80.825294,180.686859,118.923248
151.438950,81.105385,187.554062,119.265564
156.782791,80.857071,192.856155,118.973244
160.267838,80.525383,196.303177,118.601471
162.013931,82.436478,197.759109,120.206718
160.698959,84.931671,195.888412,122.115334
161.734070,84.438004,196.283569,120.946159
165.579910,81.803673,199.814041,117.978424
164.118896,81.161224,197.810303,116.762245
163.321701,81.328453,196.192886,116.061005
158.721085,80.107544,189.855881,112.998451
153.977509,77.021057,183.934448,108.697304
156.064529,78.283676,184.413040,108.244255
152.892899,82.587692,179.645004,110.896797
152.193588,85.470261,177.787979,112.535912
151.476288,88.345451,176.028320,114.288544
150.432877,89.245598,174.099960,114.268341
155.630783,91.098274,178.536057,115.295715
157.812286,91.985962,180.256836,115.682625
160.099152,92.622429,182.044983,115.798706
161.309891,93.950569,183.108200,116.965897
163.227890,94.470032,184.934982,117.385841
162.327347,93.738487,184.091995,116.714462
162.806305,93.582878,184.913818,116.917297
161.750549,93.471375,184.146912,117.107201
152.554779,91.426903,175.965363,116.121048
146.363556,89.316116,170.420898,114.683983
141.473083,87.888824,166.933868,114.716270
139.443924,87.822151,165.471085,115.237747
136.011856,86.296562,162.740463,114.439575
135.341507,85.929466,162.832230,114.891037
133.578857,84.253983,161.972839,114.151085
133.367416,83.449020,162.757584,114.376663
134.695251,80.577240,164.842102,112.286789
137.445831,79.020020,168.402557,111.565567
138.897812,77.243919,170.599899,110.582939
140.882965,76.754539,173.160217,110.704674
143.073669,76.060471,176.074860,110.756470
143.830276,75.575661,177.429703,110.887489
143.159805,76.253067,177.220932,112.053757
139.358826,75.957237,173.888916,112.240288
139.237915,74.265564,174.220612,111.027069
139.214828,72.452744,174.782211,109.832336
139.672577,71.537407,175.669159,109.370049
140.231995,70.412018,176.692657,108.734512
141.777817,69.378723,178.489761,107.966095
141.465317,68.009468,178.455429,106.890053
144.844040,66.527214,182.168869,105.760612
146.150726,64.678230,184.065521,104.532646
146.464752,63.161293,185.086884,103.760262
139.823456,60.012157,179.458099,101.675568
139.383347,59.197113,179.584824,101.455688
137.730499,60.551395,178.196198,103.087074
132.768036,61.359089,173.898773,104.592232
131.414566,63.664413,173.217636,107.601898
127.167068,62.082794,169.629013,106.710526
129.719772,63.026539,172.827133,108.329712
129.855438,60.482395,173.811554,106.672913
137.000000,59.000000,167.000000,91.000000
140.277802,54.212288,170.855042,86.826759
143.754639,51.326584,174.829498,84.470764
148.882187,51.669529,180.397812,85.282021
153.443970,53.457554,185.352051,87.487038
155.168533,54.922474,187.264725,89.157692
159.521576,55.577896,191.714813,89.916054
162.281479,54.281742,194.429825,88.572296
161.672821,49.879292,193.860107,84.211136
162.957458,46.894455,195.049652,81.125443
165.885941,45.272587,197.910690,79.432053
170.011276,45.691513,201.821121,79.623055
167.559586,49.478096,199.103928,83.127548
167.140854,55.684933,198.429092,89.062279
163.967987,60.334850,195.172913,93.623680
156.825943,63.607029,187.852310,96.706146
149.650635,65.600960,180.633209,98.653557
143.199387,66.166458,174.205185,99.244522
135.515778,63.833103,166.706970,97.108154
135.490280,64.584663,166.989273,98.186752
132.619263,62.033428,164.544006,96.087883
131.362289,57.599693,163.637741,92.037750
134.432114,58.375172,166.962936,93.084091
137.179276,60.111507,169.894028,95.015503
140.170624,60.618271,173.252472,95.911606
144.492691,62.972675,177.893753,98.603996
146.359161,65.723648,180.046082,101.657646
148.912704,68.967072,183.020706,105.346916
153.219040,72.005585,187.672592,108.750740
155.473541,73.173759,190.175232,110.181244
157.695740,70.513542,192.778534,107.934799
162.403015,61.804867,200.393524,102.295395
161.797974,59.914471,200.161133,100.807068
158.795959,52.273331,197.595581,93.624779
158.682007,47.347538,197.522095,88.742577
158.661896,42.897800,197.627014,84.427475
154.288071,37.120625,193.344345,78.748459
152.748077,39.847813,191.533875,81.191643
147.513016,44.207253,185.977219,85.204750
142.464798,46.475407,180.499985,87.021896
139.782166,46.846558,177.333099,86.883972
139.820648,48.039261,176.800171,87.460159
140.186874,48.625782,176.475540,87.299820
138.689911,50.162262,174.201111,88.016815
137.245926,51.175613,172.012619,88.244308
136.172012,51.089127,170.324844,87.491333
138.311295,48.974045,172.116959,85.009247
141.137650,50.502544,174.490280,86.044746
142.706131,54.017315,175.957352,89.452141
144.486984,58.691498,177.676956,94.061470
144.712280,63.617149,177.879639,98.963181
143.778793,67.126854,177.000565,102.530502
144.872116,69.803566,178.165451,105.282990
141.980255,68.531876,175.345123,104.087044
143.428436,61.932323,177.051514,97.760895
146.187576,52.601860,180.477829,89.136856
149.938919,46.932919,184.649033,83.911766
152.483261,50.027164,187.266861,87.083694
154.512894,54.776787,189.299759,91.836853
154.494324,59.752644,189.313599,96.847908
153.041779,61.818085,187.701813,98.740448
151.715286,63.565529,186.106949,100.204185
151.190155,65.197830,185.216095,101.449860
150.424911,66.360504,184.040848,102.179108
150.805618,64.087898,184.134872,99.602959
153.068451,64.063873,185.960388,99.115891
153.496048,64.662636,185.926224,99.210915
148.363312,63.190659,180.350891,97.269531
143.955612,64.144745,175.678268,97.933868
141.395706,65.087379,172.852707,98.594246
136.954895,64.978607,168.166809,98.225082
130.748795,64.079994,161.867020,97.226936
126.166939,62.773140,157.324188,95.961540
121.067848,61.940422,152.296967,95.205177
112.000000,62.000000,164.000000,117.000000
115.314125,61.188194,167.351807,116.228004
116.507614,58.685898,168.698166,113.887238
117.734680,53.758152,170.264038,109.317482
121.979309,54.133053,174.664597,109.857132
124.835106,58.602802,177.483475,114.287880
127.898186,64.958374,180.068527,120.138359
131.952744,70.036865,183.622696,124.688133
138.590622,71.304413,189.841171,125.512077
145.737442,68.780327,196.592087,122.569229
150.434479,64.958260,200.859192,118.291946
153.443985,60.271160,203.978592,113.721207
156.711594,57.025063,207.329025,110.562798
159.344147,54.227627,209.908081,107.708717
161.079224,53.141247,211.557587,106.531746
161.419098,54.157646,211.860901,107.509438
160.626450,55.306934,210.826218,108.402458
160.388443,57.126186,210.475571,110.102448
159.954315,59.638638,210.094604,112.670151
155.702164,61.974987,205.881241,115.047562
152.793808,62.954124,202.880295,115.928673
152.166824,62.820236,202.693466,116.252213
148.237732,62.272270,199.481720,116.463783
148.411713,59.553429,199.906250,114.009956
148.077393,57.433437,199.920837,112.259003
147.791931,56.839748,200.156769,112.216782
147.164322,57.724785,200.181351,113.790939
146.855179,57.906845,200.397659,114.527657
146.662338,58.806011,200.563889,115.805832
149.033783,59.595539,203.004547,116.668419
151.826340,60.766907,205.468521,117.486870
152.257828,61.139645,205.480728,117.417046
151.371979,62.388462,204.110229,118.154297
153.584976,63.923687,205.850571,119.190102
151.930115,66.574677,203.635651,121.249329
147.335144,71.741074,198.521637,125.866745
147.519226,76.540382,198.435547,130.380280
149.031113,79.940109,199.762558,133.584244
149.025879,83.657669,199.766998,137.312057
146.233704,85.531570,197.026276,139.240433
142.617142,83.880508,193.721481,137.919479
142.995682,81.271385,194.429764,135.659134
144.765244,79.739754,196.462204,134.405518
141.911087,77.285072,193.795792,132.149399
143.457230,73.365845,195.403152,128.294922
146.173752,72.343597,198.139816,127.293976
149.113983,72.725113,200.872650,127.456146
153.042130,73.592964,204.573471,128.083542
156.351700,74.457558,207.573685,128.620926
157.906158,74.854240,208.903320,128.779816
160.911484,75.107826,211.703568,128.816238
162.951813,73.893707,213.624298,127.475502
163.387238,69.450333,214.003479,122.972572
162.761688,67.689117,213.299622,121.128441
159.465881,65.708740,209.865967,119.002113
155.211319,62.975677,205.868118,116.540855
150.681824,63.724339,201.354828,117.306671
145.023026,66.831787,195.892502,120.622162
140.044144,69.462044,191.028976,123.374565
135.410049,70.914772,186.401871,124.834709
132.145203,72.949913,183.145020,126.878319
127.265259,74.129784,178.302551,128.097870
123.049393,74.748039,173.826767,128.446228
122.909828,74.757462,173.468063,128.223618
119.391457,72.200424,169.735916,125.440216
120.201813,67.939453,170.286255,120.903931
122.839104,66.752106,172.795471,119.583496
125.409332,68.639030,174.798721,120.869423
127.736748,73.439209,176.395355,124.894974
131.866638,78.177391,179.865280,128.932770
138.049484,84.002274,185.208618,133.865662
143.105911,87.590080,189.737976,136.904434
149.051010,87.727867,195.293365,136.627640
152.306915,85.878784,198.362289,134.583618
158.777649,82.798637,204.854294,131.525650
165.843445,80.469414,211.862045,129.135910
169.274261,81.416473,215.281357,130.070984
172.339371,84.230530,218.206543,132.739166
174.538940,88.406853,220.313614,136.816940
175.001678,91.408913,220.556931,139.585281
172.656754,92.685539,218.024017,140.661652
168.913101,91.736382,214.188477,139.616608
164.504135,89.843742,209.522766,137.456070
162.822418,87.313629,207.735977,134.816315
161.036911,87.311897,205.809509,134.664230
157.649628,87.839973,202.261826,135.021225
156.428085,87.217590,200.936066,134.287689
157.457138,86.488602,201.988373,133.583511
155.721283,86.637711,200.477737,133.972855
153.625168,87.657204,198.677002,135.307434
151.098297,88.153656,196.339035,136.000992
148.328766,87.933151,193.763535,135.982956
147.534546,87.682320,192.958023,135.720108
147.144806,87.931206,192.497055,135.893127
146.749115,87.875008,191.954697,135.683884
146.781342,86.015587,191.694626,133.519440
148.308884,83.994041,193.238159,131.514954
150.141724,83.078865,195.177231,130.713089
153.183105,82.473480,198.461716,130.361359
158.272461,84.188980,203.771988,132.307388
163.465057,86.683945,209.150406,135.000290
167.116440,89.857849,212.907837,138.287170
168.968826,91.922607,215.313629,140.941437
170.751480,93.158798,217.720123,142.841278
172.404251,92.956856,219.831421,143.127151
174.656342,91.179962,222.376694,141.661758
175.487015,88.641350,223.532867,139.469009
175.223251,87.167267,223.352875,138.082108
175.299866,86.416359,223.369492,137.268768
174.335724,85.849678,222.236374,136.526230
175.698227,85.017639,223.225037,135.297012
175.867096,80.731857,223.531906,131.157867
179.550995,77.871895,227.339676,128.429504
182.301163,78.949211,230.323975,129.755600
181.707031,82.113205,229.549057,132.731415
183.051208,85.436310,230.637527,135.782822
186.064346,87.353729,232.908295,136.911484
185.738068,88.531693,232.360458,137.853729
184.009033,88.122726,230.971756,137.806824
182.284546,88.182655,229.474411,138.108383
180.269974,86.953522,227.703339,137.132904
177.084991,85.479874,224.942215,136.109619
172.118683,83.653549,220.383011,134.715851
169.889069,83.442543,218.688797,135.073013
170.063217,84.948769,219.237122,136.976334
168.840179,85.161293,218.506638,137.710983
166.923279,85.237625,217.186783,138.420197
165.506760,83.327461,216.550690,137.336349
161.296204,80.331932,213.363907,135.423645
157.926544,76.814102,209.832932,131.735367
157.257874,73.182770,209.192001,128.133392
156.785370,70.641685,208.519913,125.381203
152.899551,68.847527,204.385590,123.324196
159.551971,68.103279,210.965073,122.502785
163.044510,69.662994,214.220184,123.811371
167.679596,72.729980,218.699631,126.713745
171.542709,75.999474,222.330139,129.741684
172.702850,76.804573,223.433334,130.486481
175.586792,76.464699,226.362717,130.194702
177.801926,76.222946,228.578674,129.953812
176.912247,75.875694,227.556396,129.466171
173.828751,75.226089,224.252716,128.583420
171.872879,72.923248,222.150787,126.125946
172.454803,70.606483,222.978714,124.069664
169.935379,71.146385,220.519867,124.673698
166.771729,73.823441,217.186630,127.171188
166.192322,77.609962,216.475235,130.817978
164.178070,81.124245,214.397110,134.264603
161.853409,82.585014,212.036865,135.687714
156.692474,80.859657,206.694962,133.770737
150.677536,78.638771,200.628052,131.495834
148.893997,76.656570,198.702118,129.362701
145.811050,74.904625,195.590240,127.580086
142.858749,73.766449,192.505890,126.301926
141.790710,73.126137,191.289291,125.504143
138.941940,73.672226,188.108673,125.698471
137.895798,74.410294,186.781677,126.138824
138.282883,76.650375,186.780884,127.967278
139.811295,77.554321,188.109222,128.658920
143.108688,77.351585,191.349182,128.395248
147.476608,76.968903,195.646820,127.937965
152.680298,77.579231,200.643784,128.333130
157.958420,77.488808,205.891785,128.210724
162.503021,76.044182,210.366684,126.692047
164.655609,75.581947,212.166031,125.854492
168.057266,74.116692,215.301056,124.105942
170.176239,74.884384,217.187515,124.631447
171.718567,77.728027,218.538742,127.276039
171.614624,81.713440,218.223679,131.036835
170.945892,85.208488,217.379440,134.345169
169.051178,88.091057,215.388718,137.125610
167.064682,90.426254,213.264069,139.313843
165.441254,91.565613,211.671524,140.485397
162.770523,91.490685,208.905151,140.310730
158.042465,87.884972,204.241699,136.772354
157.612289,83.674782,204.026886,132.786713
152.983459,81.596191,199.718460,131.048996
150.115036,82.077209,196.878845,131.560684
149.000000,86.000000,179.000000,118.000000
146.810593,87.636925,176.905869,119.738350
146.081818,87.274513,176.561340,119.784996
144.924438,84.978302,175.605438,117.703278
142.614273,84.421028,173.599777,117.470161
141.905807,83.924179,173.224930,117.339218
139.921204,83.631111,171.447632,117.266396
137.007782,82.723251,168.790405,116.630737
134.706482,82.436768,166.548462,116.407333
132.191666,81.718216,164.063858,115.720886
128.987183,79.716454,160.925873,113.791847
