162.000000,92.000000,214.000000,147.000000
161.515930,92.553497,213.495209,147.531586
160.733643,97.159889,210.363831,149.653381
157.625473,99.912949,207.459885,152.622910
155.054474,100.763382,203.851227,152.373428
152.265228,99.863823,200.110321,150.463943
151.063324,96.085785,198.429260,146.176819
150.047867,91.762978,196.394547,140.771057
149.609955,89.374153,195.396088,137.785904
149.223358,89.108025,194.778473,137.273712
145.957703,88.950638,191.780304,137.401245
139.432510,88.209671,185.894882,137.341766
133.876511,91.254562,180.322739,140.369476
127.860786,92.974838,174.340271,142.125122
123.017548,91.970886,170.665909,142.364655
122.255371,89.248970,170.222824,139.981766
122.301559,86.343262,170.374329,137.187958
124.900986,85.471550,173.127014,136.475754
127.917427,86.085426,176.227798,137.179123
130.477203,87.215401,178.567169,138.075211
131.976562,90.297684,180.357269,141.460114
131.614655,93.255966,180.078247,144.506363
131.457092,94.314651,179.811005,145.448669
132.510544,94.816017,181.014511,146.109283
133.179062,96.315636,181.370499,147.277237
134.216782,97.642250,181.818192,147.989746
133.921448,96.212021,181.418488,146.448639
135.351578,91.594643,182.968094,141.958191
138.278366,86.758453,185.678452,136.892044
143.289825,81.056885,191.353882,131.895950
148.235138,77.953461,195.980682,128.461014
151.618423,76.427246,199.867386,127.469696
155.762054,75.444023,204.481140,126.985374
159.841278,75.340408,208.206482,126.506195
162.763733,77.819969,210.857208,128.697403
163.582245,80.672874,211.703796,131.579514
162.821365,81.883720,210.508957,132.338684
161.386703,80.237282,209.632401,131.285233
159.381882,77.210754,207.849869,128.494598
155.368408,74.335182,204.358032,126.172585
152.012878,72.708961,201.081665,124.630379
148.417999,74.038788,197.651306,126.131302
141.788330,78.519318,191.452606,131.068649
135.649628,83.031372,184.844269,135.082901
130.590607,84.880234,180.399384,137.582764
126.114693,83.756477,177.033646,137.635788
123.064445,83.560303,174.670837,138.167496
121.640091,83.808846,173.398590,138.576935
119.943405,83.867371,171.660126,138.591278
119.835388,81.852257,171.574051,136.599380
120.960518,76.286209,172.363373,130.678162
122.550621,72.090134,174.345413,126.896637
125.963577,70.979576,177.985001,126.025780
129.309341,73.018250,181.074142,127.793304
130.745682,77.568832,182.422775,132.251114
133.032257,83.353432,184.084747,137.375061
136.264954,88.093102,187.127228,141.913528
139.782471,91.600243,190.826538,145.613144
142.465759,93.114685,193.328583,146.935898
144.596375,90.531960,196.414368,145.364532
148.768173,85.204208,200.845688,140.311295
152.146515,78.168251,205.142334,134.245621
156.027847,73.360634,209.255142,129.686966
156.389954,70.130669,210.291962,127.169189
158.039978,70.337502,211.977264,127.413910
157.798080,76.560699,211.314804,133.185394
154.480911,82.044701,207.151657,137.776413
152.661179,83.587753,205.157913,139.135605
150.646606,85.868324,202.676971,140.923416
150.687607,87.207260,202.251907,141.769897
148.145065,86.867409,199.332687,141.031631
148.194351,83.757767,199.005112,137.523392
149.446518,80.439873,200.248337,134.196045
149.842163,80.899467,200.353302,134.347870
149.703979,85.793869,200.041290,139.058212
147.739304,90.992111,197.482254,143.627121
145.869400,91.778938,195.582779,144.382614
144.830154,91.706841,194.495865,144.259979
143.895935,92.939362,193.248230,145.160278
142.682526,94.311180,192.166168,146.671341
140.660828,94.061325,189.837952,146.096573
136.712662,91.207405,186.010696,143.370819
132.877350,88.259399,181.736847,139.957962
131.765396,85.685532,180.325699,137.066589
132.975769,84.847610,181.293274,135.970993
131.209854,89.836205,179.317093,140.736450
130.396652,95.355362,178.038101,145.770813
131.145691,98.974281,178.679169,149.275009
132.585480,102.732300,179.934082,152.836594
134.850037,106.109940,182.401154,156.429398
137.902328,105.663605,185.721756,156.268158
139.397308,99.365196,187.623993,150.402451
143.234543,89.724167,191.845078,141.168762
146.513779,82.595802,196.058853,135.032150
151.641739,78.493286,201.571396,131.337280
155.477524,76.535728,205.981155,129.988129
156.621460,79.227959,206.940491,132.484894
158.131836,82.310875,208.404388,135.518616
160.181595,83.971138,210.065353,136.767227
162.278320,84.815361,211.744751,137.169067
163.368530,85.858345,212.267090,137.610092
163.620178,85.384651,212.065094,136.654968
163.487335,85.384247,211.370056,136.057938
163.636749,84.817192,211.337616,135.297668
161.827423,84.720718,208.857941,134.488937
160.601242,83.344017,207.413864,132.885269
159.775726,84.931473,206.442505,134.317566
155.740524,89.918282,202.094406,138.971512
152.094452,92.059410,198.249146,140.900726
148.889069,92.101044,194.845703,140.735870
145.328735,94.477196,191.370331,143.202545
140.861832,97.071312,186.937668,145.832367
136.940216,95.090637,183.073883,143.911987
136.846008,91.015839,183.248016,140.116943
137.924240,88.008270,184.856094,137.673035
138.819214,87.296341,186.268097,137.511124
138.563477,87.193535,186.023407,137.420059
139.001144,87.861450,186.212967,137.824371
137.503906,88.510017,184.881836,138.645981
138.525543,90.331589,185.965424,140.533371
139.770218,92.896599,187.486984,143.392578
140.436859,94.095306,188.705872,145.178055
142.521500,92.873772,191.341690,144.541458
145.871857,89.875153,195.377258,142.270020
148.340179,86.597015,199.027283,140.244507
151.339203,83.851021,202.813538,138.332062
155.877029,81.292374,207.976913,136.435059
160.884827,78.976265,214.071930,135.267715
165.094879,78.135048,218.827667,135.002518
167.447067,78.289085,221.643967,135.646439
168.940002,80.687996,222.672729,137.555847
170.182190,81.681519,223.943604,138.579651
170.903625,81.777748,224.425323,138.422836
171.175415,81.122437,224.684845,137.754562
169.800354,80.798531,222.455170,136.528564
168.718765,79.235924,220.982407,134.552628
168.570236,77.484886,220.051193,131.974594
170.837845,74.305069,221.620346,128.056030
172.875763,72.097893,223.561432,125.746330
172.148697,71.022835,222.325455,124.132423
169.987167,70.557106,219.878799,123.364799
165.400208,69.928047,215.386139,122.835686
163.348770,71.462631,213.293747,124.326843
159.453384,73.503784,209.562088,126.541565
155.769577,75.574707,205.624710,128.344009
151.703873,76.164902,201.374069,128.738190
149.474670,74.844467,198.891998,127.149704
147.347275,70.763992,196.779556,123.085098
145.369965,66.298645,194.433105,118.228470
143.459564,63.660355,192.280487,115.338272
143.329849,62.518738,192.197281,114.246017
140.467804,62.344044,189.838226,114.605118
140.769470,63.508141,190.430786,116.077553
140.180786,66.005486,190.265808,119.024010
139.582275,71.092941,190.075073,124.543228
139.749496,75.553123,190.778671,129.571350
140.209564,77.768738,191.696777,132.271439
140.331589,76.356117,192.532364,131.613541
141.812012,73.846512,194.672852,129.801346
141.494324,69.559860,195.723663,126.960648
140.880463,65.421875,195.920410,123.677505
142.165604,61.352367,198.113480,120.564575
142.007217,57.626484,198.626572,117.558128
142.119156,56.302555,199.099228,116.613914
140.125275,57.210911,197.043030,117.455574
138.072113,59.069904,194.823029,119.136024
136.180496,62.058647,192.620285,121.791794
135.212082,66.330612,191.280533,125.672859
134.595871,70.240021,190.195023,129.088257
134.610886,73.200073,189.653000,131.461426
135.726074,74.856491,190.055389,132.366837
134.726639,73.403610,188.309402,130.126694
135.678558,69.713127,188.596161,125.734108
136.246689,65.969406,188.371353,121.137589
135.425064,62.555744,187.190750,117.344612
134.717560,60.553421,185.427643,114.225800
134.453217,59.283165,184.438293,112.187889
133.789658,59.806160,183.168961,112.068764
135.423843,62.533039,184.381760,114.348961
137.510422,65.564583,186.032242,116.917717
139.442902,67.049995,187.820953,118.250542
139.334549,69.556458,187.399185,120.424408
138.213120,72.523621,186.201950,123.312653
135.092606,74.285591,183.103561,125.098122
132.052917,75.944382,180.156006,126.852814
128.650879,76.245201,176.766083,127.166237
124.968384,74.405678,172.921173,125.157661
123.630783,72.604660,171.410873,123.173157
121.256889,70.853394,168.827362,121.199173
118.777069,69.715332,166.172623,119.875259
115.802788,69.968735,163.022934,119.942291
116.071922,69.986740,163.006393,119.662720
116.798836,70.737877,163.924683,120.617439
118.765442,70.714775,165.892502,120.595589
122.736465,69.075035,170.109467,119.212029
127.099869,64.393127,174.691315,114.762222
131.414871,60.406826,179.070343,110.843941
131.988266,57.737888,179.909302,108.457169
132.672028,52.354263,180.726730,103.215576
138.414902,53.927086,186.421356,104.738182
143.894867,57.473774,192.262253,108.660530
146.313843,61.372665,194.685318,112.563751
151.081085,62.839874,199.605820,114.193588
155.198639,65.003693,203.865707,116.508453
157.174988,64.438324,205.913101,116.018478
159.850861,64.900139,208.728348,116.628212
160.934357,65.732712,209.941940,117.598831
162.292572,68.681007,211.197495,120.440361
164.867615,72.115463,214.141861,124.266739
166.284912,74.084167,215.933243,126.631973
167.695053,75.244019,218.009399,128.497787
168.520416,75.627724,219.709702,129.807907
168.004669,76.172043,220.088608,131.298523
165.438202,75.372459,218.508865,131.541519
159.922226,73.266563,213.782593,130.269211
155.563095,74.380707,210.253418,132.274780
150.614594,73.843445,205.970474,132.439362
145.833313,73.401703,201.889359,132.735291
139.510742,72.166267,196.443130,132.422333
137.399445,70.869896,195.024246,131.866974
134.704330,69.873299,193.100922,131.682098
132.134415,69.070389,191.314819,131.702850
132.470367,70.257858,192.354965,133.629730
134.233521,73.812759,194.767014,137.876770
136.024643,76.630913,197.305084,141.490860
140.227036,78.428337,202.224457,144.039963
144.568893,79.526108,206.658264,145.235626
149.355225,79.395164,212.123550,145.815979
154.995453,79.391113,217.892960,145.949310
159.988846,78.434189,223.073639,145.191544
163.819504,78.725983,226.615204,145.180710
167.018692,78.207726,229.062897,143.863251
170.181747,77.519852,231.373688,142.282532
172.974823,78.099503,233.209061,141.858124
173.735458,81.078232,233.036682,143.857956
171.772659,83.858803,230.003967,145.515121
171.163864,86.964256,228.222534,147.388336
169.486404,89.537491,225.792358,149.169907
168.578262,90.459023,224.104828,149.271042
168.466324,91.375374,223.129059,149.277267
169.020889,91.141441,223.152466,148.483215
169.746750,90.753571,223.366974,147.556107
170.736130,89.536736,224.107666,146.076752
174.017807,88.660011,227.408997,145.220749
176.100723,88.556923,229.710999,145.348938
177.014771,88.614449,230.820328,145.612579
179.872452,90.663101,234.026825,148.029419
179.494125,92.161324,234.425110,150.346619
179.545624,93.214806,235.325363,152.310562
178.944611,92.999016,235.569077,152.999832
177.397522,92.740341,234.753372,153.523880
173.060150,90.081940,230.941696,151.418365
169.388977,84.890297,228.241196,147.264313
167.632782,81.698654,227.102066,144.731583
165.080750,78.551743,224.763077,141.811935
164.095947,75.454819,223.850052,138.791580
162.069214,72.380783,221.424698,135.292343
162.468781,70.622253,221.862930,133.574402
162.391449,71.041397,221.829849,134.040024
162.916779,75.199234,221.772354,137.585892
161.467529,82.414322,220.324600,144.802597
161.800583,88.577087,220.602570,150.906540
163.881561,91.733833,222.736893,154.120239
165.613739,90.756866,224.994156,153.703949
167.499008,86.818428,227.712555,150.640305
169.430954,80.563309,230.754150,145.549393
170.676544,75.290535,232.296371,140.587631
172.916092,72.231995,234.694580,137.697968
172.999130,70.454933,234.606781,135.739059
172.325104,68.266739,233.796860,133.406219
171.086365,67.941170,232.067276,132.558136
170.090454,71.708015,230.472610,135.686951
168.997818,75.118484,228.995514,138.694031
168.448898,78.204247,228.286285,141.608810
167.968262,79.368729,227.738419,142.701584
163.623856,79.415497,223.489868,142.850586
157.495132,77.828751,217.216766,141.109848
151.867249,76.297974,211.319107,139.291290
146.562149,73.878685,205.745758,136.590347
141.304260,68.682503,200.758530,131.678345
132.526474,63.967911,192.202423,127.196526
127.913467,62.450024,187.520294,125.604919
123.850136,62.135902,183.556107,125.396545
122.379997,63.824829,182.346436,127.363304
120.043915,68.204018,179.930634,131.657471
119.613083,74.149475,179.755875,137.876068
118.554535,79.127899,178.878021,143.044067
119.011391,81.067688,179.550629,145.210236
121.640526,79.903664,182.705399,144.606308
127.385727,80.855759,188.934830,146.066055
132.528320,80.241188,194.216125,145.599121
137.737427,78.073814,199.934540,143.973923
145.448868,76.297195,208.063980,142.635208
146.539429,75.992203,208.976227,142.140579
145.434647,75.045410,208.076004,141.411316
141.821564,74.177574,204.555054,140.641464
137.034958,74.417923,200.209579,141.350952
131.039780,74.353806,194.661972,141.755402
124.337677,75.488907,188.538116,143.504883
116.201782,75.123093,181.201782,143.987823
108.162323,73.427597,174.004547,143.172821
101.006226,69.651237,167.478058,140.064224
93.977188,63.877953,160.893082,134.761490
87.240730,58.157032,154.453323,129.354996
82.287323,54.977482,148.924545,125.566238
81.935959,54.462868,148.464050,124.935989
80.787598,55.850449,147.659012,126.687386
80.196503,61.769039,147.048706,132.585617
78.592430,68.882668,145.211929,139.452667
76.514275,73.923416,142.870804,144.214752
73.213387,77.617485,139.405045,147.734116
67.301117,79.341812,133.279312,149.232224
61.047920,78.512177,126.657082,148.011185
55.120068,76.857567,120.444283,146.054367
49.910564,72.703011,114.669823,141.300613
50.839615,69.093056,115.334023,137.409500
51.340218,65.097305,115.564758,133.127274
54.089378,65.019264,117.675888,132.371933
59.091675,65.840256,122.139366,132.620422
64.404541,70.083778,126.817184,136.199127
66.906334,74.006332,128.591431,139.347946
67.957756,77.008224,129.205109,141.883865
72.715675,79.096642,133.497391,143.484131
76.969170,81.646820,137.064850,145.303284
81.839760,82.145126,141.405960,145.246078
86.786911,79.186096,146.216583,142.141418
91.449028,74.671486,150.746002,137.487503
95.992447,66.087334,155.584229,129.212906
104.451996,58.650387,164.514694,122.278275
112.925461,53.726616,173.953003,118.366791
120.229019,54.191654,181.682281,119.278137
124.728981,58.713650,186.746231,124.400505
125.891060,61.833267,188.254562,127.882858
127.754730,63.920437,190.547333,130.426361
128.943695,64.516739,192.198334,131.514023
130.658447,66.220184,194.542145,133.875992
129.962555,66.181061,194.683899,134.726868
128.895004,64.621826,194.156662,133.741180
130.619186,62.472740,196.499802,132.248581
131.221619,60.725258,196.871155,130.255997
130.306091,57.890320,196.021454,127.490883
131.903076,57.613419,197.863861,127.474266
130.686249,59.645794,196.500519,129.351242
130.830429,60.641003,196.544632,130.240311
130.897552,62.463253,196.494446,131.938141
129.935867,62.452084,195.976181,132.397278
130.641647,62.849018,196.746048,132.861176
131.004868,62.953766,196.984818,132.834030
133.692673,62.221008,199.169510,131.567657
136.110794,58.381287,201.131943,127.244644
139.639877,53.703186,204.342758,122.233795
145.186066,51.397709,209.312347,119.316223
148.941055,51.268040,212.556046,118.651665
151.692780,57.460594,214.793091,124.297379
151.943741,65.084663,214.381668,131.228027
150.706345,71.517235,212.538040,137.015884
151.146637,76.284531,212.397766,141.165176
150.355270,78.019493,211.374924,142.657471
147.048920,74.411140,207.700500,138.663223
146.567398,68.627632,206.757767,132.388260
151.188019,63.756821,210.827118,126.939064
157.500443,60.915039,216.432449,123.343040
162.693909,63.400723,220.699493,124.839508
163.537506,66.213264,219.632721,125.644554
163.758392,70.716461,218.624176,128.853622
159.615967,73.414230,213.351746,130.339203
153.020065,75.789032,205.770554,131.673965
147.279205,75.837524,199.241943,130.890106
141.285217,75.874420,192.707703,130.345184
133.198059,71.480682,184.292603,125.604599
128.904053,67.286888,180.057739,121.473366
127.434525,61.578800,178.777328,115.965309
130.415466,59.862766,182.050262,114.558113
131.299011,61.868366,183.175476,116.819328
130.355179,63.957550,182.539383,119.234016
130.451538,66.743797,182.740265,122.130707
130.917206,69.424026,182.953735,124.544441
129.590286,70.191437,181.512070,125.190590
126.978683,71.381699,178.702347,126.171303
124.459656,72.139763,176.050201,126.788559
121.813858,69.468346,173.212845,123.914536
124.978531,65.845352,176.548386,120.472267
128.431702,63.996216,179.830597,118.442299
131.806107,62.775555,183.323105,117.346565
141.193970,67.219444,192.765198,121.847816
145.660782,70.453148,197.404587,125.264046
151.371872,70.511528,203.329300,125.548363
159.228485,67.802170,211.435242,123.107498
163.558212,65.880142,215.984329,121.417252
166.954849,63.802296,219.346237,119.302719
169.073685,63.241070,220.755569,117.991844
171.204407,62.603176,222.181244,116.608223
171.493652,59.071419,221.698425,112.243835
173.416718,56.034279,223.064697,108.617149
174.359390,54.829422,223.291061,106.653015
173.308350,55.038349,221.506042,106.083031
173.545486,56.898556,221.006638,107.161591
176.675598,64.222282,223.480774,113.788353
173.944000,71.247208,220.373871,120.414001
170.369278,76.017822,216.086075,124.426025
166.047409,78.230972,211.728806,126.601471
159.409180,77.734329,205.229889,126.253235
153.745346,74.232346,199.699326,122.893219
152.893082,70.053650,199.290176,119.186539
157.188553,64.525780,204.010483,114.110619
158.952713,63.696472,205.808182,113.316986
159.726196,65.720879,206.448456,115.199669
159.279053,69.505157,205.349152,118.290146
160.694458,73.843384,205.839447,121.663895
161.192642,76.928963,205.623398,124.004189
160.479294,78.981964,204.398727,125.511780
160.939545,81.906349,204.294678,127.833397
161.548035,83.759087,204.099304,128.845734
163.497818,83.968872,205.467728,128.433609
165.338272,79.334297,207.074600,123.548790
164.427719,75.520752,205.787277,119.331573
167.973145,74.971245,208.869110,118.296410
170.548538,78.681946,210.874283,121.395172
169.718643,83.212158,209.339676,125.186295
167.277985,86.638489,206.281860,127.964592
163.648697,88.673615,202.437759,129.774185
159.700974,89.383926,198.073105,130.035477
157.950775,88.807831,195.729797,128.835846
157.259872,87.611046,194.561111,127.123543
154.466309,84.978844,191.236786,123.932625
150.903656,83.015038,186.975769,121.232704
145.786041,80.906731,181.786346,119.048714
143.124557,80.041672,179.146469,118.206421
139.402512,75.354446,175.854996,113.973053
137.963089,68.605667,174.842453,107.674210
136.180267,68.204414,173.346252,107.582802
133.449722,72.417702,170.469345,111.642036
133.686813,74.759888,170.648575,113.923325
133.782639,75.686577,170.941330,115.062920
130.771225,78.911354,168.599106,118.992119
129.193939,81.030983,166.933044,121.015968
128.483963,81.615608,165.796860,121.151939
126.806190,81.336662,164.057785,120.808464
130.126968,80.158607,167.382019,119.634026
136.210281,80.436012,173.409454,119.852623
142.534882,81.015297,179.818344,120.520622
149.434753,81.499184,186.478989,120.752693
154.520187,81.145218,191.833588,120.682068
157.914444,80.676750,195.359924,120.352638
159.741135,82.568871,196.806091,121.844200
158.779572,84.654495,195.286667,123.342606
160.097443,84.044174,196.117691,122.219101
163.971542,81.366158,199.592682,119.120415
162.536957,80.691605,197.515671,117.767761
162.023438,80.509438,195.952133,116.445580
157.331192,78.823006,189.930847,113.351936
151.250732,75.247192,182.584305,108.433319
152.204849,76.103004,182.028870,107.685234
148.864716,80.387077,177.315140,110.504128
145.990112,83.571487,173.520493,112.705032
144.539612,86.692230,170.711807,114.370590
143.413742,87.549591,168.810272,114.423569
148.624847,89.183372,173.366745,115.377556
150.712967,89.997787,175.282959,116.006317
152.857376,90.285255,177.112885,115.954155
154.406311,91.909615,177.916733,116.803612
156.418381,92.353790,179.872589,117.189224
155.515732,91.828529,178.873810,116.563835
155.949768,91.739380,179.472046,116.645721
154.877930,91.696144,178.545685,116.754036
145.263107,89.618286,170.241562,116.096085
139.226913,87.592262,164.932663,114.855537
134.476471,86.161621,161.505035,114.849457
132.440628,86.061089,160.052322,115.352882
129.126282,84.599548,157.427460,114.630066
128.370651,84.251854,157.398422,115.059059
126.546822,82.466583,156.550461,114.282196
126.471222,81.642441,157.626389,114.646729
127.585274,78.496025,159.958054,112.794029
130.065735,76.843063,163.395676,112.156235
131.511642,74.868057,165.892792,111.294266
133.033615,73.848785,168.347931,111.261475
135.197586,73.032021,171.346619,111.325783
135.641251,72.067604,172.712189,111.333107
134.736633,72.309753,172.691849,112.506073
130.515594,71.382370,169.521713,112.712555
130.167114,69.346298,170.055878,111.603256
129.931305,67.213692,170.574127,110.281273
130.092682,66.023964,171.393951,109.798164
130.674088,64.769890,172.355118,108.941933
132.118149,63.506142,174.380447,108.300972
131.654251,61.977409,174.360397,107.236732
134.746155,59.788307,178.247498,105.898308
135.942444,57.917114,179.950714,104.568604
136.441010,56.414982,180.949005,103.588402
129.769852,52.727707,175.616104,101.328606
129.285507,51.680008,175.867111,101.064217
127.591225,52.842308,174.580566,102.660278
122.628044,53.604683,170.422867,104.279556
121.166420,55.797771,169.821838,107.387032
116.935577,54.109928,166.396957,106.554489
119.422218,54.979389,169.669586,108.257095
119.754196,52.185055,170.900818,106.414909
125.581711,49.845959,177.611664,105.010109
128.807251,44.946289,181.855026,101.185883
132.127029,41.871006,186.031525,99.014915
137.230087,42.044952,191.841888,99.948547
141.583542,43.486084,197.342468,102.599396
143.100662,44.872055,199.167053,104.314774
147.439590,45.575726,203.585968,105.102638
150.188721,44.262066,206.272507,103.723106
149.603729,39.825851,205.762131,99.365433
150.886185,36.842403,206.911499,96.241882
153.804977,35.259979,209.699036,94.521271
158.019333,35.702442,213.583435,94.610207
155.588898,39.494312,210.701492,97.926384
155.261017,45.811028,210.083176,103.937103
151.989777,50.442329,206.918930,108.683182
144.900452,53.722694,199.607285,111.725067
137.612671,55.664692,192.348099,113.697746
131.138763,56.289795,185.815872,114.260292
123.404221,53.793995,178.481964,112.186989
123.358444,54.554756,178.799316,113.330330
120.355110,51.729973,176.532440,111.281456
119.079620,47.028008,175.906677,107.263420
121.927231,47.697102,179.248917,108.461845
124.243958,49.010777,182.401978,110.655113
127.067917,49.271915,185.908676,111.633705
131.098999,51.239429,190.679749,114.391365
132.910736,53.668255,193.302612,117.685394
135.433701,56.603516,196.603134,121.449211
139.542206,59.232090,201.650848,125.062454
141.758087,59.867729,204.979065,126.863411
143.915955,56.567955,208.193573,124.669823
147.254898,44.749607,216.815659,118.459747
146.200623,42.641678,216.362640,116.987442
142.531448,34.848057,213.350967,109.888359
142.163147,29.942232,212.919830,104.915276
142.068222,25.462759,212.852585,100.465027
137.557816,19.645716,208.686417,95.016479
136.073029,22.502317,206.640167,97.280426
131.112503,27.152937,200.802933,101.004936
126.312630,29.592495,195.318390,102.720695
123.685989,30.049484,192.011780,102.458855
123.893700,31.553955,191.207977,102.893173
124.480415,32.486671,190.628311,102.590904
123.215485,34.399574,188.145538,103.213249
121.954346,35.737301,185.599030,103.186501
120.886230,35.916348,183.464111,102.232079
122.850975,33.918571,184.881760,99.652473
125.471130,35.472820,186.968933,100.648369
127.059517,39.101433,188.288925,103.991272
128.902786,43.809101,189.973587,108.532677
129.249054,48.540592,190.311188,113.255074
128.344193,52.107788,189.450363,116.868454
129.570389,54.711197,190.658829,119.453278
126.647751,53.679024,188.268387,118.979057
128.266647,47.160217,190.653122,113.275497
130.919922,37.994984,194.303467,105.170624
134.540680,32.619591,198.357971,100.256104
136.971786,35.753777,200.815262,103.418121
139.026184,40.587467,202.700317,108.071884
138.891144,45.515213,202.449463,112.876587
137.464371,47.830597,200.602097,114.745102
136.306259,49.849274,198.839615,116.131088
135.719025,51.642429,197.676086,117.311356
135.043427,53.096329,196.275970,117.993988
135.652283,51.055855,196.254456,115.292641
137.988251,51.327053,197.702667,114.617874
138.502869,52.258698,197.300720,114.571854
133.642517,51.126553,191.454346,112.386841
129.236328,52.210949,186.579681,112.970444
126.844208,53.389866,183.670044,113.605080
122.553795,53.495911,178.921555,113.220909
116.353264,52.703735,172.448624,112.142006
111.872353,51.555695,167.739288,110.753525
106.707146,50.604519,162.822342,110.068344
102.189323,50.385361,158.681625,110.246140
105.086777,49.622787,161.814240,109.731117
106.148880,46.957878,163.057556,107.260147
107.250496,42.054142,164.543503,102.767708
111.028008,42.437443,168.707886,103.557892
113.931137,46.830452,171.461044,107.790588
117.174492,53.216476,174.403946,113.860619
121.535591,58.318558,178.273132,118.445335
128.376099,59.592274,184.690674,119.266388
135.799316,57.305939,191.483948,116.316940
140.572357,53.506378,195.799408,112.027115
144.053741,49.083393,198.846863,107.146965
147.582520,45.879082,202.234863,103.791634
150.129318,43.129360,204.761215,101.020348
151.789520,42.107063,206.422638,99.999344
151.953598,43.142414,206.589462,101.037582
151.007370,44.221886,205.645889,102.119843
150.601044,45.958054,205.369507,103.993050
150.178482,48.560192,204.921280,106.567665
145.889572,50.959858,200.906296,109.261185
143.014053,51.737762,198.347549,110.372818
142.947754,51.503399,198.781189,110.665161
139.600510,51.160843,195.627579,110.530060
139.941086,48.194023,196.252396,107.862442
139.259567,45.732933,196.430435,106.306137
138.841705,45.089149,196.457794,106.130615
138.118179,46.001450,196.603806,107.972420
137.826950,45.993114,196.892044,108.573013
137.521790,46.811291,197.112488,109.943069
139.737488,47.709644,199.421478,110.940941
142.507950,49.122242,201.826340,111.963554
142.993164,49.455902,201.953949,111.921730
142.592026,50.791672,200.721024,112.369331
144.890213,52.627766,202.422012,113.577873
143.228851,55.471069,200.165924,115.795685
138.985046,60.824806,195.157379,120.331017
139.241119,65.559669,195.213104,124.854988
140.860153,68.946442,196.597397,127.990242
140.849014,72.544113,196.706314,131.716537
138.101013,74.425552,194.027649,133.672256
134.603210,72.816795,190.737976,132.286484
135.036148,70.195122,191.458084,129.967087
136.727478,68.623955,193.562592,128.830826
133.724152,66.094963,190.863098,126.626984
135.284943,62.169312,192.468994,122.748772
137.961929,61.170090,195.154068,121.758049
141.010529,61.581326,197.957458,121.911400
145.087494,62.493687,201.496124,122.247696
148.399490,63.432331,204.442551,122.801514
150.169815,63.897861,205.793167,122.825241
153.264343,64.083961,208.713135,122.827438
155.461594,62.879757,210.798019,121.504852
155.884125,58.356236,211.312439,117.078148
155.262558,56.602867,210.623611,115.253922
152.048431,54.685776,207.120514,113.032387
147.805283,51.935932,203.100723,110.517860
143.229187,52.687168,198.632324,111.382576
137.517380,55.789818,193.158066,114.735504
132.530487,58.481632,188.196045,117.453514
127.872726,59.860435,183.602097,118.899544
124.631752,61.928211,180.308914,120.911392
119.892838,63.160892,175.552322,122.125443
115.676727,63.785931,171.103119,122.504906
115.734016,63.908028,170.798706,122.245918
112.457207,61.127911,167.753860,119.710197
113.395477,56.874680,168.313965,115.058540
115.954674,55.760090,170.708862,113.767708
118.522362,57.765648,172.661102,115.113052
120.773331,62.507019,174.288193,119.196510
125.028725,67.251915,177.725296,123.077652
131.094070,73.022812,182.926407,127.935417
136.295166,76.705467,187.545380,131.002380
142.347549,76.930962,193.086777,130.687408
145.581207,75.064400,196.209351,128.703232
151.904999,71.845230,202.803436,125.770271
158.980240,69.452339,209.908676,123.409149
162.376862,70.410927,213.280060,124.341003
165.442719,73.174232,216.246460,126.999023
167.648956,77.200127,218.479156,131.052933
167.989105,80.042809,218.697662,133.766815
165.683807,81.233192,216.165466,134.716949
161.960114,80.303177,212.306000,133.643188
157.539032,78.386681,207.705383,131.536606
155.810150,75.838394,205.955627,128.966217
154.092392,75.899605,204.052658,128.831314
150.680099,76.262169,200.475967,129.019608
149.510971,75.634430,199.166214,128.242828
150.369171,74.734474,200.371979,127.711311
148.619308,74.825249,198.843674,128.032333
146.412445,75.705582,197.007233,129.304871
143.836853,76.207901,194.644348,130.032410
141.106033,75.903992,192.107803,129.934219
140.289963,75.634651,191.375473,129.753464
139.815247,75.760529,191.006500,129.991196
139.430008,75.665367,190.614456,129.888824
139.543442,73.783745,190.592606,127.864120
141.206589,71.811371,192.371933,126.014626
143.199478,70.602966,194.566177,125.019188
146.252411,69.722069,197.985474,124.525803
151.315659,71.364510,203.401443,126.541321
156.179932,73.581757,208.725922,129.244843
159.750610,76.430130,212.629028,132.444473
161.693863,78.540810,214.914627,134.923355
163.421829,79.699448,217.189285,136.659058
164.963974,79.491531,219.159622,136.903107
167.183594,77.537102,221.716431,135.304260
167.733139,74.745811,222.686600,132.956512
167.411789,73.422035,222.266190,131.526474
167.489822,72.823502,222.103348,130.669540
166.251328,72.138397,220.862961,129.982437
167.388840,71.180580,221.854477,128.870651
167.569702,66.989212,222.184509,124.836586
171.180984,64.121727,225.855759,122.032349
173.894501,65.274307,228.712616,123.336098
173.292160,68.449081,227.954453,126.343712
174.389709,71.548897,229.319061,129.725174
176.928070,73.916039,231.989410,132.233902
175.985199,75.469208,230.842010,133.571579
173.973999,75.200607,228.934113,133.413803
171.833054,75.007294,227.331223,133.797668
168.860886,73.756157,224.578598,132.777832
165.402191,72.193344,221.395172,131.509949
160.190674,70.321014,216.582275,130.064713
157.819824,69.822342,214.926910,130.319183
157.723251,71.124893,215.234451,132.046768
156.502777,71.342102,214.212219,132.472473
154.681534,71.392036,212.350296,132.478912
153.665070,69.824768,211.338257,130.916382
149.999420,67.155724,207.723755,128.301987
146.705521,63.427074,204.574631,124.728111
146.074066,59.730106,204.119202,121.219299
145.562836,56.973145,203.727783,118.588242
141.668777,55.313454,199.378311,116.449974
148.187073,54.630535,205.672821,115.527824
151.654388,56.226948,208.887756,116.858795
156.364731,59.330204,213.351822,119.703049
160.289246,62.682835,217.002747,122.762894
161.617737,63.580025,218.242432,123.565048
164.785049,63.358906,221.395920,123.329391
167.272980,63.322098,223.659180,123.056084
166.401031,63.029533,222.628723,122.596664
163.212952,62.432102,219.344757,121.898285
161.070694,60.172272,217.101425,119.532066
161.502411,57.921013,217.482666,117.227692
159.142410,58.582123,214.939224,117.692245
155.847412,61.163074,211.729553,120.364609
155.013657,64.738586,211.086197,124.144127
152.951584,68.104126,209.002335,127.486732
150.464828,69.458130,206.563797,128.891495
145.258789,67.869629,201.059174,126.988708
138.994598,65.920967,194.683960,124.921089
137.158600,63.995537,192.679169,122.814812
134.020172,62.273338,189.530182,121.081490
130.926270,61.069973,186.259521,119.691887
129.821945,60.399868,185.106308,118.970268
126.943329,61.032276,181.830109,119.183792
126.013786,61.805241,180.624435,119.660538
126.353531,64.433067,180.623932,121.929558
127.943016,65.378967,181.945160,122.592560
131.481079,65.299629,185.202393,122.217079
135.889557,64.858818,189.645294,121.812614
140.916168,65.325752,194.710327,122.320107
146.066559,65.146805,200.034058,122.324127
150.608200,63.770763,204.470932,120.835564
152.733994,63.304714,206.238602,119.984871
156.224960,61.903812,209.443588,118.282104
158.250259,62.638943,211.300034,118.839012
159.749130,65.506325,212.578079,121.473320
159.556915,69.513451,212.189545,125.273018
158.858902,73.015640,211.373154,128.650146
156.883911,75.853569,209.435516,131.527542
154.835052,78.230049,207.216888,133.724640
153.156738,79.308029,205.604889,134.872681
150.505051,79.227432,202.893356,134.728851
145.739792,75.554031,198.270187,131.205566
145.289581,71.369171,197.993164,127.203690
140.731140,69.378571,193.528168,125.311813
137.943069,69.860451,190.773422,125.828896
132.793976,73.085358,185.886719,129.331055
130.447876,74.555435,183.802673,131.077728
129.704819,74.084801,183.583603,131.160187
128.530319,71.708778,182.647141,129.039825
126.039177,70.943878,180.755096,128.906708
125.341743,70.373978,180.449203,128.749710
123.243835,69.953720,178.746552,128.745865
120.172966,68.892685,176.194824,128.231781
117.806602,68.530037,174.013611,128.064026
115.321320,67.805992,171.560898,127.374268
112.060165,65.676773,168.584656,125.544960
