162.000000,92.000000,214.000000,147.000000
161.637009,92.568916,213.444412,147.365433
159.495880,95.575546,211.183441,150.245300
156.423462,98.659500,207.656799,152.848816
153.854996,99.548698,204.164474,152.760849
151.162308,98.702911,200.515701,150.902740
149.725922,94.843399,198.760803,146.705612
149.122894,90.551659,197.116516,141.330963
148.457504,88.086075,195.521622,137.877777
147.935394,87.619331,195.309326,137.733749
144.670837,87.553612,191.983704,137.603149
138.260590,87.310333,186.143951,137.966034
132.849625,89.994537,180.955032,140.886169
126.909988,92.073250,175.161606,143.117050
123.306152,91.461082,171.728760,142.686340
122.418823,88.615898,171.348999,140.379791
122.462326,85.681557,171.797867,137.875626
124.751488,84.504601,174.636246,137.280823
127.498451,85.257317,177.488892,138.145569
129.817230,86.025528,179.803101,138.908920
131.779785,89.320984,181.676758,142.110153
131.419922,92.192924,181.455902,145.129425
131.335770,93.301971,181.379959,146.246994
132.472168,93.821236,182.569733,146.821732
132.951782,95.493019,182.655273,148.076248
134.285995,97.206535,183.229172,148.983841
133.778946,95.638588,183.009720,147.721100
135.690720,91.208549,184.726456,143.084305
138.649170,86.167702,187.229309,137.569641
143.656448,80.459412,193.039871,132.713806
148.413971,77.687920,197.194763,129.303528
151.834213,76.099800,201.091446,128.221008
155.941849,75.153900,205.506699,127.601173
159.901489,74.900772,209.468048,127.349846
162.737106,77.403755,211.894608,129.419205
164.082184,80.688301,212.697205,132.128708
163.342758,81.996727,211.122299,132.550491
161.991959,80.611511,209.839157,131.237152
159.655365,77.249069,207.906158,128.303528
155.685608,74.424965,204.489197,126.066078
152.181305,72.595512,201.507263,124.790977
148.550674,73.968094,198.015915,126.311203
141.637619,78.251366,191.708084,131.236023
134.935364,82.279366,185.312195,135.582413
129.849930,84.065018,180.865616,138.044479
125.718102,83.129791,177.686096,138.098190
122.699539,82.852806,175.224274,138.410065
121.054314,83.099419,173.966064,139.065613
119.401878,83.308968,172.160217,139.113083
119.116173,81.238831,172.198151,137.384903
120.086327,75.648323,172.879150,131.489182
122.007339,71.640152,174.879150,127.564476
125.224541,70.357513,178.624481,126.839851
128.778503,72.554375,181.577240,128.402115
130.319565,77.003891,182.841721,132.559402
132.583069,82.743668,184.669403,137.838684
136.081696,87.531136,187.674194,142.104370
139.543396,91.006714,191.284393,145.737015
142.126633,92.518745,193.634079,147.002045
144.667755,90.183022,196.438843,144.945190
148.654465,84.966446,201.112289,140.454971
151.889023,78.098877,205.299942,134.594452
155.468979,72.874901,209.713394,130.250275
155.850723,69.790771,210.788223,127.897026
157.275345,70.015335,212.227127,128.136902
157.148682,76.373375,211.591339,133.948792
153.906219,81.443695,207.494751,138.118408
152.236115,82.950287,205.454742,139.234558
150.277863,85.303268,202.860962,140.916718
150.610001,86.792038,202.452560,141.623016
148.260010,86.342072,199.531799,140.569366
148.416550,83.451813,199.199051,137.161591
149.628662,80.110397,200.516296,133.931473
150.170822,80.642021,200.664688,134.046173
150.324265,85.659134,200.247147,138.458694
148.491821,90.775215,197.610748,142.722595
146.702972,91.304085,195.972565,143.408142
145.806213,91.399948,194.905212,143.323196
145.070038,92.711868,193.571991,144.014206
143.937973,94.071373,192.524063,145.463013
141.998352,93.883385,190.222168,144.890564
138.183365,91.023567,186.368851,141.990082
134.407364,88.109055,182.023270,138.482727
133.125900,85.167755,180.972946,135.787003
134.456055,84.351402,181.778351,134.413132
132.829269,89.531265,179.457169,138.855194
132.252853,94.969734,178.038559,143.397690
133.246002,98.758133,178.485809,146.604584
134.552246,102.453629,179.751312,150.257568
136.681396,106.006874,181.807281,153.734467
139.576828,105.516960,185.234970,153.799957
140.868774,99.213768,187.113342,148.121429
144.361862,89.260582,192.007767,139.629196
147.401260,82.247536,196.141678,133.779053
152.085251,78.022499,201.490128,130.259155
155.926773,76.138123,205.956985,129.037628
157.131165,78.789200,206.954132,131.473343
158.666626,81.903427,208.362213,134.452560
160.623535,83.471092,210.071564,135.757812
162.574295,84.140953,211.808090,136.200562
163.821014,85.195869,212.214081,136.364319
164.075211,84.695869,211.908890,135.270691
163.901367,84.615646,211.227661,134.651382
163.960495,83.994873,211.238419,133.979218
162.514786,83.903114,209.040695,133.104126
161.575653,82.769173,207.477325,131.306122
160.720764,84.270531,206.540009,132.719666
156.811920,89.238342,202.240540,137.271378
153.160324,91.434509,198.563889,139.440872
150.053040,91.503059,195.135437,139.167313
146.428436,93.933212,191.487671,141.573303
141.851425,96.425537,187.031174,144.191391
137.728653,94.308060,183.469986,142.659912
137.779739,90.314178,183.879745,139.048080
138.964005,87.407707,185.457413,136.551743
139.920151,86.831596,186.753128,136.336868
139.795883,86.733376,186.540237,136.144363
140.287842,87.459503,186.675934,136.491470
139.055161,88.306671,185.123245,136.998199
139.959274,90.235374,186.185867,139.092148
141.204193,92.884613,187.650635,141.970596
141.788757,94.006439,188.749176,143.639206
143.529022,92.694130,191.143402,143.022598
146.390533,89.576874,194.787567,140.736908
148.327774,86.440681,197.624466,138.555466
151.165176,83.729149,201.356400,136.792145
155.511841,81.244804,206.519440,135.172195
160.458038,79.171402,212.119324,133.777618
164.522858,78.316208,216.656250,133.421768
166.727066,78.568665,219.328354,134.168610
168.104004,80.725197,220.567688,136.179749
169.257217,81.632553,221.885208,137.260712
169.951187,81.689667,222.313309,137.036911
170.257523,81.116402,222.330124,136.157745
168.819946,80.570168,220.302277,134.987839
167.560684,78.990555,218.747726,133.095917
167.220474,77.289383,217.603958,130.544830
169.416840,74.148087,219.010254,126.566986
171.646332,72.219109,220.664703,124.028450
170.930359,71.068123,219.330963,122.234993
168.795807,70.593590,216.918762,121.465813
164.308609,70.034172,212.587814,121.069023
162.244751,71.476021,210.603943,122.595757
158.545837,73.630402,206.863861,124.706451
154.750732,75.632591,203.026154,126.663429
150.759171,76.135422,198.972916,127.100800
148.680161,74.747528,196.616409,125.424088
146.656906,70.700958,194.631424,121.418167
144.867325,66.248497,192.483292,116.584755
142.978836,63.528584,190.487442,113.750755
142.954773,62.379868,190.492249,112.632721
140.329605,62.288696,188.165787,112.858932
140.983078,63.565598,188.867447,114.187027
140.751282,66.085388,189.088074,117.187500
140.430023,71.359863,188.885712,122.588165
141.039078,76.078598,189.535019,127.349609
141.700226,78.317505,190.533691,129.946701
141.938568,77.178123,191.304779,129.372681
143.278152,74.584259,193.625809,127.819130
143.065491,70.793846,194.497345,125.176712
142.349213,66.832413,194.757355,122.247902
143.560593,62.790260,197.047653,119.345749
143.383301,59.343781,197.390808,116.448616
143.617401,58.092354,198.037964,115.632767
141.895798,59.011402,196.195358,116.424225
140.180222,60.963234,193.991226,117.860847
138.722458,64.188759,191.883560,120.400383
137.888229,68.487389,190.593887,124.218269
137.333160,72.122772,189.738037,127.535858
137.455856,75.088211,189.146652,129.746811
138.646500,76.883522,189.558517,130.718430
137.684631,75.342178,187.957977,128.500839
138.638062,71.431564,188.532013,124.188522
139.110519,67.354042,188.444901,119.517876
138.504837,64.082306,187.218704,115.588409
137.668625,61.944275,185.531021,112.546768
137.400909,60.532444,184.680542,110.515762
136.689941,61.081215,183.332550,110.400970
138.300598,63.667336,184.533936,112.551712
140.420273,66.677620,186.170059,115.057861
142.291641,68.086044,187.957596,116.376976
142.046066,70.422173,187.557205,118.548172
140.907303,73.389702,186.469315,121.569885
137.676193,75.130104,183.322372,123.399933
134.674789,76.781914,180.371750,125.105820
131.201416,76.942589,177.088287,125.468796
127.337624,74.895523,173.296722,123.498665
125.803276,73.069206,171.670547,121.574539
123.269707,71.171669,169.159286,119.700760
120.606239,69.861176,166.610504,118.512444
117.518349,69.949387,163.404053,118.477043
117.735649,69.914047,163.403702,118.209862
118.564690,70.751701,164.284592,119.102737
120.556053,70.823868,166.151718,119.042564
124.403473,69.186882,170.143600,117.559448
128.603302,64.500046,174.603745,113.149895
132.625595,60.554577,178.775818,109.360573
133.255005,57.929337,179.593582,106.931702
133.824615,52.431488,180.356461,101.639450
139.691528,54.216427,185.990402,103.176537
144.996765,57.652512,191.693222,107.027115
147.494003,61.544491,194.193329,110.922142
152.331680,63.020912,199.166626,112.542854
156.509872,65.142166,203.524963,114.855759
158.438660,64.554306,205.647110,114.469299
161.233673,65.015778,208.567459,115.061325
162.351746,65.834946,209.821304,116.024750
163.747406,68.812302,211.155624,118.936935
166.316208,72.244644,214.106140,122.774857
167.594910,74.206139,215.831711,125.211159
169.079178,75.417152,217.959381,127.104973
169.715622,75.857185,219.374115,128.370941
169.177032,76.593910,219.714462,130.039337
166.374832,75.618767,217.986206,130.201309
160.744522,73.469170,213.215118,128.960510
156.548782,74.622513,209.963379,131.111298
151.528214,73.868263,205.802979,131.265015
146.634949,73.357124,201.731323,131.620300
140.561340,71.985367,196.600708,131.242065
138.475586,70.627640,195.398376,130.814270
135.661392,69.685219,193.507462,130.859909
132.749039,68.851364,191.551834,131.048752
132.965149,69.916901,192.583130,132.984726
134.726929,73.507263,195.040070,137.316574
136.403366,76.377441,197.403885,140.907944
140.803665,78.159233,202.606216,143.530594
145.104706,79.225029,207.150391,144.855209
149.911224,79.201721,212.574280,145.478653
155.328552,79.112709,218.280884,145.697281
160.483231,78.253822,223.421127,144.823029
164.335815,78.571014,226.893951,144.736359
167.747330,77.937180,229.561050,143.310852
170.809433,77.161423,231.600754,141.446747
173.538193,77.727409,233.398056,141.020172
174.203110,80.774147,232.949661,142.879379
172.199539,83.438293,229.974716,144.506287
171.779388,86.320953,228.476807,146.236847
170.314514,88.957626,225.848206,147.648529
169.378220,89.720161,224.064987,147.518753
169.240829,90.577194,223.219711,147.629288
169.760971,90.382217,223.171768,146.824142
170.527191,89.879776,223.607452,145.972794
171.580475,88.681931,224.325684,144.421295
174.790268,87.823753,227.543320,143.571411
176.993607,87.718887,229.815231,143.539001
177.906799,87.760468,230.903809,143.765915
180.833771,89.823074,234.133270,146.153839
180.464676,91.407639,234.427048,148.438095
180.641586,92.351204,235.544418,150.391785
180.289154,92.213463,235.973907,151.092834
178.702805,91.653885,235.149979,151.336517
174.186172,88.733887,231.369980,149.191910
170.581024,83.637466,228.729645,145.110199
168.936508,80.498032,227.675095,142.590744
166.328903,77.231979,225.460129,139.743958
165.350388,74.187057,224.393387,136.606415
163.288116,71.101776,221.997284,133.170593
163.646072,69.356064,222.446121,131.521927
163.514084,69.756577,222.461319,132.079620
163.573975,73.534805,222.697601,136.046204
162.168716,80.509705,221.421890,143.157120
162.541092,86.771431,221.698990,149.318817
164.557968,89.889191,224.025497,152.761673
166.388672,89.037582,226.174133,152.243896
168.370102,85.183472,228.795914,149.072830
170.285568,79.032990,231.583908,143.837799
171.479828,73.800629,233.030090,138.869537
173.719971,70.667717,235.435242,135.912277
173.800140,68.657646,235.472778,133.856827
173.299286,66.492462,234.548096,131.240463
172.186752,66.225327,232.731430,130.235107
171.249374,69.810928,231.204666,133.192673
170.195587,73.124847,229.601562,135.920654
169.801300,76.415878,228.838623,138.824600
169.327530,77.528473,228.364517,139.936829
164.916290,77.514999,223.955902,139.926117
158.741379,75.909546,217.793900,138.334213
152.975494,74.389236,211.955444,136.737717
147.513626,71.878006,206.489059,134.221664
142.108170,66.597504,201.471268,129.355103
133.305588,61.914860,193.034439,125.056488
128.404984,60.298763,188.324142,123.643394
124.278824,60.039608,184.242264,123.431465
122.607201,61.666748,183.044830,125.564407
120.152443,65.974983,180.708481,129.996872
119.818237,71.923363,180.653427,136.242706
118.951782,76.871399,180.049728,141.470734
119.434280,78.678757,180.907898,143.671936
121.898468,77.621254,183.751938,143.012680
127.555191,78.495148,189.929535,144.441055
132.799179,77.917389,195.478180,144.182449
138.203461,75.800529,201.151688,142.351929
146.220978,74.211388,209.235977,140.833771
147.257812,73.740379,210.163620,140.248444
146.541229,73.001312,209.265488,139.316299
142.920471,72.085220,205.765366,138.528503
138.167267,72.405823,201.318771,139.175186
132.179306,72.556076,195.754852,139.769348
125.378830,73.827431,189.382843,141.495926
117.023621,73.850586,181.798080,142.325089
108.905197,72.226677,174.393250,141.458679
101.819328,68.625465,167.832443,138.414337
94.734352,62.982128,161.448303,133.503220
87.993248,57.272209,154.864700,127.960190
83.018715,53.962170,149.465546,124.200180
82.490791,53.339058,148.843658,123.477501
81.380417,54.767166,147.804733,124.981323
80.840149,60.709667,147.130371,130.781738
79.190010,67.673882,145.331024,137.587845
77.216675,72.849716,143.051361,142.443619
73.984032,76.507378,139.540665,145.806381
67.978256,78.093452,133.422226,147.272964
61.655499,77.229805,126.854912,146.149948
55.732674,75.513618,120.788544,144.283707
50.406158,71.344048,114.931938,139.559937
51.368572,67.598518,115.546654,135.445312
51.805199,63.517918,115.786919,131.159286
54.606812,63.408588,118.066727,130.495544
59.728371,64.109505,122.524666,130.491348
65.035301,68.377296,127.016487,133.892288
67.492310,72.312523,128.744766,137.051758
68.673851,75.314774,129.382263,139.483643
73.420242,77.284180,133.526825,140.811768
77.507851,79.841415,136.934509,142.655655
82.078186,80.430260,141.250290,142.977234
86.914246,77.526993,145.914352,139.893372
91.375595,72.790031,150.486572,135.272812
95.559265,64.308212,155.267990,127.418633
103.623009,57.021088,163.764877,120.593529
112.282906,52.295929,172.924286,116.392433
119.647713,52.819195,180.487701,117.127327
124.308357,57.439835,185.413086,122.030060
125.514114,60.700848,186.802231,125.483337
127.560753,62.929562,189.067093,127.940826
128.861969,63.631649,190.779327,129.080414
130.470596,65.278152,193.110397,131.495956
129.769165,65.261688,193.366211,132.497528
128.486145,63.529541,192.771149,131.496323
130.206238,61.364422,194.878143,129.735962
130.773972,59.493412,195.508774,127.931709
129.747192,56.724937,194.545746,125.230911
131.188324,56.398514,196.193420,125.123726
130.002930,58.335243,194.990234,127.041870
130.084015,59.256050,195.171661,128.069183
130.156372,60.883244,195.375427,129.833771
129.317200,61.148746,194.753296,130.326172
129.793579,61.551407,195.147064,130.641220
130.201706,61.684174,195.377823,130.585876
132.760178,60.764679,197.351028,129.054504
135.115677,56.890827,199.201614,124.644676
138.555374,52.214275,202.214401,119.521500
143.967224,49.712738,206.985901,116.339577
147.755066,49.660717,210.159546,115.644577
150.536179,55.842728,212.247757,121.100700
150.690933,63.440483,211.829849,128.088837
149.338043,69.805397,210.050323,134.006454
149.689636,74.466209,209.904175,138.136871
148.865143,76.236473,208.694336,139.502838
145.525696,72.482613,204.952942,135.320236
145.104752,66.630394,204.012222,128.922241
149.716461,61.688034,207.869537,123.174355
155.822968,58.600697,213.306732,119.383659
161.059341,60.932751,217.642990,120.769028
161.409073,63.795609,216.719223,122.291351
161.589905,68.593346,215.642548,125.764198
157.677094,71.542000,210.615509,127.537872
150.917191,73.783730,202.877487,128.746124
145.405701,73.573967,196.519867,127.641426
139.500671,73.424713,189.971466,126.811691
131.542480,68.880684,181.546875,121.773811
127.293610,64.740944,177.239014,117.572762
125.789703,59.019020,175.874695,111.998802
128.787872,57.293247,179.074280,110.482353
129.700394,59.307945,180.167587,112.688461
128.980270,61.513512,179.642227,115.100250
129.112106,64.262787,179.850479,117.930428
129.446045,66.847244,179.976471,120.294701
128.105728,67.561745,178.517227,120.883270
125.516869,68.870209,175.725266,121.976677
123.061211,69.562454,173.108994,122.498863
120.387634,66.955673,170.244110,119.693275
123.589035,63.477463,173.471664,116.242790
127.001717,61.588207,176.821869,114.287300
130.352371,60.364410,180.312210,113.211571
139.941467,64.780304,189.910919,117.637657
144.467438,68.035568,194.602692,121.068687
150.263168,68.150620,200.533066,121.326302
158.088455,65.425392,208.648270,118.908051
162.461609,63.577633,213.190186,117.238976
165.994507,61.568928,216.662384,115.166000
168.035080,61.006157,218.077530,113.941010
170.147736,60.441929,219.414185,112.570358
170.264740,56.867828,218.786713,108.207115
171.879211,53.883823,219.721893,104.502235
172.811951,52.610909,219.955444,102.486443
171.738281,52.562683,218.181488,101.708740
171.854752,54.427197,217.766373,103.007751
174.938339,61.641415,220.366531,109.707016
172.223984,68.879601,217.181564,116.443909
168.490845,73.310776,213.178680,120.587357
164.133148,75.549889,208.666992,122.662209
157.784576,75.278419,202.167297,122.229546
152.389389,71.787888,196.703568,118.667435
151.541840,67.803360,196.035461,114.870316
155.566299,62.271538,200.412735,109.714821
157.038483,61.543610,201.904755,109.008057
157.921005,63.669914,202.535416,110.865700
157.465286,67.453003,201.470627,113.999115
158.778275,71.877205,201.946548,117.549049
159.404343,74.952415,201.758102,119.772728
158.769836,77.063568,200.532013,121.264801
159.472458,80.107719,200.381516,123.394890
160.084717,82.225471,200.048859,124.498589
162.425537,82.579384,201.843903,124.265785
164.357285,77.979469,203.413284,119.285393
163.537842,74.093842,202.331207,115.123993
167.069565,73.600685,205.536728,114.279533
169.725159,77.251114,207.786469,117.503311
169.146408,81.708374,206.371597,121.081589
166.961884,85.046509,203.515320,123.712616
163.426422,87.115250,199.743256,125.531952
159.548752,87.833824,195.593735,125.963997
157.657883,87.180199,193.186996,124.766609
157.014893,86.016907,191.957031,122.983719
154.174591,83.601196,188.614929,120.037521
150.559250,81.607994,184.420273,117.431892
145.539230,79.641823,179.135544,115.185432
142.985580,78.784119,176.526413,114.268982
139.310150,74.192566,173.053833,109.892197
137.664536,67.393738,172.158981,103.888306
135.718964,67.067574,170.628998,104.001472
132.894699,71.235481,167.802536,108.167076
133.134903,73.636009,167.929214,110.447594
133.128784,74.555702,168.180420,111.639320
130.363495,77.844650,165.876312,115.415070
128.590347,79.927933,164.038895,117.430527
127.849518,80.472931,162.973663,117.633102
126.034790,80.179428,161.116180,117.294464
129.275818,78.988136,164.307983,116.051216
135.341034,79.282333,170.336945,116.307144
141.596970,79.853195,176.649429,116.939407
148.449875,80.180679,183.480362,117.243698
153.539230,79.836182,188.892654,117.240082
156.911987,79.427544,192.360565,116.931877
158.619690,81.230354,193.926819,118.585381
157.477142,83.636879,192.081635,120.250237
158.828308,83.065102,192.802734,119.012383
162.854095,80.523743,196.363922,115.979095
161.522873,79.796196,194.583694,114.776146
160.999451,79.867447,193.054962,113.812531
155.464340,78.232269,186.329544,110.950989
150.717560,75.388145,179.474396,105.862495
152.910141,76.635918,179.801804,105.116463
151.312424,81.019684,175.955368,107.084930
150.617111,84.165466,173.506485,108.336853
149.946899,87.298431,171.545044,110.066299
148.560043,88.433311,169.332077,110.337532
153.525818,90.085365,173.747406,111.412910
155.830795,91.117256,175.646500,112.019585
158.196136,91.624779,177.534943,112.026375
159.296799,92.889160,178.701981,113.360443
161.347946,93.453636,180.669235,113.836815
160.367462,92.752365,179.858856,113.314148
160.836411,92.609673,180.653275,113.513191
159.706741,92.537270,179.703354,113.629524
150.634354,90.486481,171.810745,112.876495
144.532242,88.411598,166.358780,111.481300
139.380615,86.808777,162.792969,111.608459
137.299042,86.727097,161.239655,112.077042
133.910812,85.193916,158.558487,111.309853
133.006775,84.768578,158.517578,111.816689
130.813431,83.019814,157.396866,111.223045
130.075272,82.097946,158.096146,111.845108
130.525711,79.194389,159.699875,110.134605
133.033295,77.637634,163.016510,109.413879
134.456024,75.677261,165.305695,108.377731
136.116013,75.043365,167.696365,108.521652
138.213852,74.246323,170.589615,108.569717
138.743011,73.616669,171.817810,108.681458
137.951447,74.050453,171.718689,109.848412
133.946854,73.504654,168.427963,110.058487
133.530045,71.536316,168.928665,109.060074
133.284149,69.511543,169.500610,107.898567
133.603790,68.450554,170.416290,107.465828
133.858673,67.014198,171.466064,106.888817
135.211655,65.733208,173.423447,106.244026
134.642395,64.118408,173.478546,105.285599
137.567184,62.111389,177.536728,104.499146
138.715302,60.223072,179.488403,103.474670
139.097763,58.843163,180.365860,102.625984
132.385605,55.408508,174.796768,100.388824
131.809464,54.529945,175.045609,100.373604
130.062088,55.807789,173.717514,102.089798
124.788208,56.333569,169.473663,103.715828
123.401154,58.621300,168.769470,106.731941
119.212364,56.782730,165.408539,105.775223
121.701355,57.570816,168.735184,107.436615
121.922729,54.770752,169.884415,105.603073
127.708298,52.636841,176.554291,104.408737
130.577835,47.702003,180.737701,100.868217
133.860123,44.746964,184.943054,98.890549
138.642899,44.930470,190.634674,100.035339
143.070770,46.508579,195.690933,102.290184
144.710144,47.883537,197.564011,103.912071
149.064453,48.676796,201.938889,104.727455
151.712433,47.279655,204.628036,103.374580
151.137589,42.899445,203.979187,98.914780
152.335892,39.831699,205.305023,95.984177
155.322052,38.307148,208.048264,94.198364
159.379028,38.582859,212.093521,94.461708
156.948151,42.332573,209.217117,97.740662
156.534882,48.391861,208.535965,103.516899
153.493378,53.210300,205.168167,107.990593
146.437057,56.516918,197.945831,111.121628
139.199707,58.470970,190.895767,113.273758
132.780807,58.988003,184.580475,113.900391
124.982559,56.603897,177.148743,111.903938
124.736092,57.260838,177.424866,113.113052
121.570114,54.450687,174.921799,111.003342
119.873123,49.835747,173.804703,107.000519
122.685638,50.485981,177.094635,108.163536
125.135597,52.029503,179.994781,110.181793
128.010361,52.443764,183.367371,111.130081
132.078873,54.712540,187.895477,113.883064
133.980576,57.329544,190.286255,117.024071
136.580460,60.526283,193.366730,120.726685
150.000000,74.000000,186.000000,112.000000
152.288803,75.198135,188.444351,113.362091
154.587006,72.527397,191.034912,110.999535
158.276764,63.552776,198.148193,105.633507
157.286102,61.549599,197.921143,104.451195
153.696930,53.743813,195.207062,97.563194
152.980530,48.578903,195.038361,92.972076
152.694962,43.868027,195.361099,88.897812
148.053528,37.963360,191.110535,83.411278
146.678894,40.667812,189.350586,85.712883
141.359100,44.826450,183.967010,89.803307
136.606461,47.119099,178.586960,91.439354
134.088577,47.541332,175.486191,91.237076
134.412949,48.840721,175.037888,91.726997
135.168655,49.479740,174.928818,91.459053
133.939026,51.144489,172.731628,92.107857
132.740891,52.127762,170.673691,92.187241
131.752228,52.022671,169.052094,91.399254
133.890320,49.869240,170.872040,88.910919
136.747437,51.329323,173.327393,89.936653
138.335358,54.820969,174.826447,93.334641
140.140839,59.542439,176.533356,97.952217
140.321106,64.329330,176.744659,102.771820
139.420959,67.883209,175.856750,106.338593
140.591599,70.537727,176.867081,108.824135
137.627701,69.532600,173.778061,107.687141
138.967041,63.122845,175.060944,101.217880
141.625168,54.052860,178.260483,92.718559
145.294159,48.385960,182.314575,87.457565
147.713989,51.383083,185.022400,90.757835
149.632278,55.930717,187.079178,95.451263
149.593475,60.896080,187.092285,100.471260
148.108688,62.946770,185.580612,102.493660
146.664703,64.513824,184.202606,104.130173
146.257767,66.195770,183.458633,105.457336
145.549210,67.319138,182.420181,106.233444
146.117416,65.027313,182.659805,103.595276
148.537216,65.125153,184.587906,103.174850
148.982498,65.702164,184.580734,103.274933
143.928192,64.079048,179.299591,101.412376
139.578766,65.127693,174.538574,102.026573
137.055344,66.100830,171.787796,102.759369
132.614502,65.953255,167.194489,102.450600
126.445534,65.119644,160.851822,101.433365
121.901894,63.774513,156.364120,100.147362
116.830093,62.951988,151.384689,99.422478
112.687729,63.043411,147.203018,99.472351
115.855125,62.450375,150.386322,98.896133
117.120293,60.044418,151.695480,96.536682
118.324333,55.267342,153.050308,91.919014
122.366760,55.855213,157.080780,92.494247
125.255890,60.457279,159.704437,96.815674
128.394470,66.670395,162.215393,102.365311
132.460220,71.517799,165.884781,106.793022
139.087646,72.701653,172.183990,107.629356
146.530441,70.185936,179.048874,104.518730
151.197662,66.014389,183.656006,100.283463
154.323090,61.148037,186.899231,95.542053
157.833786,57.799931,190.365555,92.146873
160.447403,55.043518,193.015854,89.429359
162.133499,54.053680,194.735977,88.475609
162.453094,55.142944,194.948669,89.451500
161.558334,56.248798,193.954330,90.451752
161.269028,58.116123,193.577469,92.226212
160.876724,60.650234,193.154495,94.727806
156.595703,63.037884,189.088623,97.343651
153.761887,64.109070,186.269882,98.430832
153.714493,63.786171,186.712631,98.627785
150.266769,63.249474,183.228470,98.052437
150.479401,60.248062,183.789154,95.420181
149.894913,57.818508,183.920151,93.748199
149.363266,57.171906,184.005508,93.736237
148.775330,58.133198,183.840546,95.144669
148.531372,58.281094,183.880615,95.592354
148.318130,59.279449,183.932816,96.870903
150.617722,60.196327,186.327438,97.888092
153.385925,61.482239,188.910919,98.979012
153.793777,61.716072,189.194199,99.081360
153.204849,62.942062,188.322983,100.009377
155.349716,64.631111,190.176071,101.390427
153.751282,67.421249,188.030945,103.602654
149.359573,72.583580,183.159897,108.258255
149.534607,77.311005,183.197357,112.840019
151.006683,80.605156,184.628326,116.090652
151.027344,84.284409,184.576874,119.693550
148.237427,86.148521,181.791901,121.562912
144.683136,84.463387,178.594666,120.255844
145.037613,81.919579,179.165573,117.941193
146.800934,80.382164,181.214325,116.705536
143.976730,78.063637,178.392990,114.390060
145.538528,74.255951,179.863266,110.485634
148.257416,73.259972,182.558777,109.464935
151.191940,73.603539,185.288803,109.592316
155.090286,74.383080,188.981155,110.159973
158.441360,75.252640,192.098587,110.782143
160.069122,75.662773,193.440948,110.890091
163.092102,75.788422,196.406799,110.955254
165.213211,74.506264,198.496292,109.639603
165.658844,70.032654,198.943207,105.167366
164.978058,68.191963,198.356628,103.426422
161.696304,66.224831,194.965469,101.343460
157.489182,63.584904,190.883682,98.836235
152.922424,64.380882,186.407043,99.727631
147.310287,67.622574,180.860001,103.038261
142.363373,70.267258,175.955475,105.727806
137.708679,71.759438,171.271667,107.189148
134.471954,73.825333,168.022247,109.241600
129.578400,74.903923,163.367645,110.573181
125.203102,75.354942,159.041046,111.075760
125.056282,75.178604,159.020233,111.032837
121.712868,72.282021,156.014923,108.494255
122.584435,67.995781,156.833389,104.151878
125.184288,66.709946,159.501907,102.938629
127.677162,68.537941,161.558899,104.305840
129.938995,73.168060,163.394104,108.484238
134.038666,77.815010,167.018402,112.627846
140.017456,83.408524,172.464508,117.656387
145.183167,86.901749,177.122620,120.611252
151.116043,87.043594,182.686386,120.360931
154.322723,85.156059,185.807281,118.382256
160.664658,82.051369,192.272629,115.408699
167.757721,79.652901,199.378448,113.023796
171.130615,80.532715,202.963440,114.128952
174.139404,83.252884,205.994873,116.873184
176.356018,87.329552,208.304352,121.048515
176.760193,90.211548,208.650726,123.869080
174.319977,91.345543,206.216583,125.009529
170.618317,90.447716,202.382904,123.971413
166.161133,88.443527,197.833282,121.869003
164.467621,85.901871,196.101013,119.286163
162.687286,85.800148,194.285034,119.146553
159.186646,86.173233,190.897797,119.640106
157.926956,85.459984,189.672073,118.962944
158.799286,84.606720,190.812408,118.394424
157.072800,84.730675,189.353653,118.794228
154.938141,85.658936,187.528656,120.050919
152.389328,86.183784,185.125290,120.730019
149.604385,85.875038,182.536240,120.629021
148.741135,85.478333,181.773941,120.339401
148.256638,85.607170,181.406296,120.588524
147.809433,85.442001,181.121017,120.590042
147.996857,83.614197,181.307770,118.761536
149.764236,81.662544,183.178329,116.919136
151.736343,80.514542,185.358658,115.991592
154.833694,79.783119,188.657669,115.473671
160.043549,81.479652,194.085510,117.400993
165.176819,83.902031,199.419617,120.029945
168.738129,86.910362,203.251160,123.323967
170.690369,89.081230,205.578156,125.890984
172.430878,90.491852,207.737274,127.744125
174.059509,90.342743,209.767365,128.018784
176.356537,88.601585,212.221649,126.443611
177.130280,85.994736,213.267090,124.123550
176.896774,84.637527,212.932022,122.659286
177.024582,84.012169,212.841751,121.804054
175.975967,83.466194,211.735428,121.197166
177.225220,82.473167,212.808929,120.018623
177.531036,78.320145,213.175568,115.929810
181.280411,75.453423,216.992233,113.134102
183.967926,76.584579,219.885345,114.482300
183.365021,79.765518,219.141479,117.514450
184.322983,82.911331,220.188156,120.753891
187.190674,85.708946,222.485718,122.949699
186.409042,87.321854,221.330154,124.167923
184.505249,87.082870,219.403229,123.904495
182.419052,86.922356,217.539963,123.979652
179.538803,85.668961,214.736221,122.807007
176.256470,84.311798,211.569855,121.572250
170.866577,82.352379,206.388763,119.833214
168.547760,81.893822,204.398834,119.721809
168.638046,83.502930,204.441605,121.280762
167.623230,83.903915,203.289825,121.537186
165.947678,84.111687,201.752731,121.891106
164.605682,82.361320,200.960388,120.720924
160.559219,79.481415,197.351547,118.302277
157.390900,75.959930,193.938232,114.522552
156.821701,72.198761,193.329880,110.720108
156.381912,69.674858,192.671585,107.965904
152.425583,67.883720,188.411911,105.855034
159.079315,67.335289,194.770050,104.994591
162.525772,68.965538,198.033798,106.431984
167.099930,72.029121,202.521988,109.404808
171.036987,75.353119,206.275177,112.534729
172.293396,76.172394,207.475220,113.294495
175.455811,75.932983,210.624786,113.041534
177.721817,75.763206,212.785934,112.761086
176.827820,75.394539,211.748535,112.245018
173.762650,74.847595,208.371292,111.368179
171.695740,72.593796,206.189423,108.992828
172.236130,70.338737,206.640427,106.643288
169.721817,70.822723,204.171829,107.175613
166.553436,73.520889,200.884888,109.748459
165.897598,77.290749,200.156876,113.442009
163.908371,80.829620,198.015121,116.819626
161.526657,82.278770,195.801865,118.442039
156.233139,80.545006,190.613449,116.819374
150.226532,78.478287,184.515717,114.656311
148.490601,76.681908,182.654785,112.727806
145.296417,74.955849,179.499969,111.043373
142.287949,73.799309,176.437485,109.829735
141.183853,73.113991,175.232254,109.037483
138.401749,73.633705,172.164230,109.263100
137.480682,74.294273,171.001892,109.668190
137.907562,76.813866,171.137299,111.879173
139.474487,77.670876,172.503265,112.523415
142.927338,77.518967,175.789154,112.199631
147.291245,77.082069,180.116714,111.724205
152.426346,77.584274,185.137558,112.105209
157.713989,77.574936,190.302734,111.965973
162.306427,76.247971,194.622650,110.349976
164.467285,75.821129,196.393951,109.509956
167.870148,74.348343,199.551788,107.776825
169.957886,75.029274,201.557587,108.370689
171.495331,77.879745,202.944183,111.060898
171.428833,81.955460,202.597412,114.838821
170.772781,85.430840,201.740280,118.106850
168.899139,88.329285,199.743805,120.874542
166.920242,90.647949,197.661758,123.083405
165.360382,91.848770,196.001648,124.177505
162.657745,91.714867,193.277313,124.020485
157.971115,88.096565,188.587997,120.399330
157.496002,83.882820,188.346252,116.433998
152.841919,81.819832,184.012939,114.712471
149.950684,82.400047,181.076202,115.245750
144.993896,85.746666,176.106598,118.579155
142.777298,87.310524,174.110153,120.370033
141.951782,86.902626,173.663818,120.365028
140.701187,84.586319,172.708542,118.362488
138.191467,83.996651,170.559814,118.144753
137.373917,83.489632,170.081772,117.997810
135.323181,83.187180,168.281586,117.961105
132.422180,82.304558,165.578522,117.288429
130.151672,82.075142,163.340454,117.092400
127.654114,81.336807,160.860443,116.372650
124.508110,79.377991,157.690811,114.388809
