162.000000,92.000000,214.000000,147.000000
161.515930,92.553497,213.495209,147.531586
159.640289,96.213226,211.060181,150.599640
156.534714,99.185287,207.881241,153.494125
154.051773,99.972397,204.457382,153.286026
151.254074,98.774155,200.773605,151.149582
149.793991,94.608200,199.274338,146.942093
149.149796,90.660606,197.770126,142.082901
148.154572,87.521973,196.389740,138.535522
147.678040,87.005684,195.961853,138.070862
144.597961,86.836823,193.094421,138.127655
138.169556,86.494949,187.239807,138.394699
132.594696,89.386620,181.525330,141.141174
126.289177,91.534637,175.476120,143.561188
122.259323,91.042824,171.650024,143.285355
121.386368,88.298325,171.254944,141.047394
121.375397,85.348656,171.603531,138.478867
123.886681,84.345390,174.317215,137.689926
126.833138,85.284653,177.394989,138.768234
129.303818,86.288704,179.713791,139.611481
131.101334,89.630959,181.307449,142.737869
130.890854,92.609680,180.973831,145.586212
130.710602,93.691940,180.897156,146.776108
131.718552,94.117050,182.077438,147.383682
132.235107,95.937813,182.346680,148.942581
133.457779,97.363708,182.941330,149.703506
133.063644,95.959274,182.630630,148.387512
134.639847,91.580345,184.199936,144.001297
137.496460,86.559891,187.033264,138.956161
142.290802,80.876831,192.690582,134.187836
147.285324,77.694176,197.386612,130.689117
150.650375,76.118408,201.211594,129.591309
154.652863,75.098732,205.817871,129.210953
158.615952,74.920982,209.762283,129.013443
161.593414,77.362953,212.542664,131.246979
162.715210,80.428764,213.171783,133.791138
161.919754,81.530693,211.812637,134.296234
160.479782,80.049461,210.468704,132.916809
158.494171,76.958237,208.605438,129.955292
154.559845,74.045341,205.191437,127.583122
151.084152,72.244476,202.014908,126.098999
147.424026,73.562027,198.571976,127.646530
140.854645,78.030022,192.178802,132.300919
134.468552,82.218384,185.824356,136.522751
129.442383,84.149620,181.415405,139.106812
125.111000,83.173973,178.148834,139.257401
121.986397,82.935272,175.464172,139.483078
120.489304,83.131508,174.327682,140.059952
118.832901,83.188805,172.614029,140.056824
118.595268,81.044998,172.631775,138.182571
119.692345,75.491745,173.618103,132.512527
121.409409,71.451889,175.487015,128.635757
124.773781,70.267731,179.091248,127.704559
128.181259,72.184090,182.178146,129.282852
129.770569,76.816658,183.331573,133.447250
132.057236,82.482193,185.197830,138.669006
135.359833,87.217949,188.264038,143.155228
138.954666,90.879036,191.812943,146.767792
141.548309,92.292107,194.375732,148.148239
143.974854,89.905815,197.130371,146.108612
148.089630,84.636360,201.659882,141.276932
151.257629,77.772896,205.819244,135.459900
155.060837,72.932724,210.062668,131.083969
155.412292,69.768234,211.087952,128.629410
156.989182,69.946220,212.801559,128.951447
156.808365,76.287064,212.311874,134.961365
153.566772,81.600525,208.123779,139.277618
152.024246,83.272575,205.983627,140.319427
150.088425,85.554672,203.546677,142.063278
150.281021,86.999031,203.098160,142.830902
147.657944,86.598495,200.050949,141.982224
147.823288,83.549049,199.812790,138.506424
149.164520,80.201309,201.029144,135.026611
149.650452,80.708755,201.309204,135.316284
149.812668,85.700951,201.097946,139.913452
147.835388,90.795357,198.546692,144.400772
146.033539,91.484863,196.660187,145.000656
145.017853,91.411919,195.700806,144.987320
143.998306,92.478073,194.649307,146.019638
142.750870,93.796066,193.586411,147.533035
140.682617,93.578865,191.331726,147.118439
136.725952,90.693695,187.413483,144.273941
132.890045,87.792519,183.145538,140.915314
131.689621,84.976166,181.979050,138.134888
133.013275,84.156151,182.848022,136.833450
131.386215,89.281120,180.761917,141.471817
130.528137,94.737854,179.524475,146.526413
131.411469,98.545059,180.140106,150.049545
132.600296,102.189491,181.465134,153.838516
134.797928,105.514442,183.883255,157.397446
137.838440,105.061089,187.237244,157.270111
139.198044,98.688141,189.218552,151.556168
143.132584,89.057961,193.539322,142.327362
146.190765,81.870819,197.939117,136.560760
151.110321,77.803436,203.300476,132.960663
155.062683,75.908638,207.750336,131.591537
156.321213,78.605240,208.735031,133.998810
157.872070,81.743431,210.067841,136.906601
159.869247,83.270935,211.851852,138.208893
161.838181,84.126823,213.401749,138.621552
163.092407,85.202660,213.845367,138.840012
163.446899,84.790031,213.540680,137.729416
163.404327,84.842117,212.759003,137.013412
163.625092,84.374153,212.675018,136.222397
162.082733,84.216614,210.506592,135.413727
161.086868,82.966309,208.931747,133.548981
160.294220,84.590691,207.987244,135.012024
156.187332,89.328445,203.674606,139.531174
152.437439,91.414932,199.943634,141.637772
149.312668,91.439713,196.574783,141.403229
145.722473,93.881569,193.011139,143.872742
141.240295,96.477943,188.562103,146.503632
137.158279,94.419876,184.819046,144.805710
137.174286,90.331863,185.111450,141.011368
138.408035,87.498444,186.595566,138.443939
139.255402,86.882431,187.910950,138.315048
139.059433,86.776695,187.671188,138.162842
139.571243,87.520531,187.878799,138.583862
138.240097,88.256561,186.532974,139.304306
139.238312,90.121910,187.562866,141.203262
140.486755,92.761963,188.977509,144.019669
141.059860,93.896439,190.067673,145.702850
142.797836,92.412888,192.646774,145.094070
145.962585,89.353607,196.594513,142.864746
147.779083,86.225044,199.509583,140.899368
150.573730,83.484795,203.127655,139.030045
154.978973,80.894127,208.520233,137.482605
160.019409,78.849464,214.136566,136.045822
164.290451,78.027412,218.905136,135.748428
166.481064,78.183846,221.598740,136.435287
167.896835,80.407707,222.782730,138.414948
169.154922,81.428391,224.045609,139.440765
169.727448,81.550163,224.432007,139.362885
170.073196,80.928970,224.626144,138.581802
168.477371,80.383644,222.547287,137.527100
167.344666,78.797028,220.967987,135.469528
167.159988,77.087883,219.915359,132.844223
169.298386,73.765282,221.458878,128.893082
171.573944,71.872658,223.165253,126.399048
170.816162,70.682098,221.977448,124.753670
168.709320,70.169640,219.631744,123.988586
164.211563,69.602760,215.215897,123.508438
162.153564,71.057686,213.145111,124.950089
158.393478,73.186981,209.330978,127.022163
154.622131,75.223137,205.381958,128.870209
150.701096,75.799522,201.231949,129.204163
148.604248,74.458221,198.771851,127.478233
146.641922,70.440018,196.738327,123.384636
144.791199,65.962845,194.475861,118.479561
142.894775,63.352127,192.284973,115.556725
142.761917,62.186535,192.256119,114.501381
140.108337,62.175014,189.836273,114.737617
140.535172,63.423668,190.388260,116.118927
140.126999,65.908791,190.483047,119.137192
139.658676,71.084244,190.278122,124.591515
139.985184,75.774284,190.796616,129.484848
140.629486,77.967690,191.950256,132.217560
140.789215,76.674454,192.812958,131.667862
142.168304,74.135460,195.035858,130.004501
141.878250,70.211845,195.930222,127.332352
141.056763,66.138947,196.146362,124.353676
142.421234,62.131683,198.346863,121.227242
142.312881,58.556137,198.745743,118.195152
142.442596,57.362541,199.179382,117.321472
140.766403,58.276295,197.303604,118.025146
138.913223,60.214207,195.085922,119.579391
137.291687,63.274803,193.052368,122.206284
136.397964,67.559143,191.746933,126.056862
135.902069,71.382004,190.825928,129.431824
135.999176,74.377060,190.213806,131.666077
137.188339,76.043106,190.639297,132.526794
136.235382,74.529892,188.981384,130.269470
137.141815,70.581009,189.473785,125.883133
137.623581,66.538940,189.411026,121.265717
136.987518,63.191624,188.216309,117.327515
136.118591,61.073151,186.487396,114.299438
135.854828,59.716145,185.557648,112.237274
135.155106,60.218918,184.249405,112.095016
136.830658,62.810078,185.471649,114.214745
138.916672,65.873718,187.135239,116.830116
140.807343,67.287460,188.895477,118.108101
140.490707,69.565033,188.554794,120.360634
139.279068,72.631569,187.224838,123.304016
136.131042,74.426254,184.043579,125.063408
133.225479,76.215500,180.959244,126.662712
129.792419,76.479149,177.526947,126.927170
125.945930,74.485504,173.645279,124.896156
124.480751,72.658577,172.080399,122.963303
122.012840,70.850540,169.500427,121.036201
119.258141,69.553680,166.894928,119.897865
116.232628,69.681572,163.707855,119.854111
116.474663,69.680252,163.668152,119.553444
117.263680,70.468346,164.615707,120.506699
119.231750,70.497391,166.570114,120.521233
123.114471,68.831627,170.635513,119.049576
127.315338,64.089149,175.135788,114.625214
131.390411,60.061245,179.433823,110.834190
132.003860,57.394684,180.283295,108.413269
132.638794,51.894146,181.106857,103.112907
138.421295,53.589001,186.719620,104.627617
143.903473,57.204292,192.490128,108.548904
146.328049,61.041985,195.027832,112.506653
151.112289,62.526352,199.979919,114.169136
155.256546,64.634766,204.340576,116.507195
157.220917,63.995922,206.512680,116.084404
160.032852,64.521530,209.366364,116.654266
161.115585,65.358162,210.582764,117.632576
162.552734,68.310722,211.917282,120.476341
165.069717,71.716766,214.822449,124.293854
166.444046,73.683174,216.569641,126.655510
167.799591,74.849106,218.666794,128.592133
168.509689,75.188744,220.144989,129.745056
167.886566,75.738029,220.394608,131.217438
165.283691,74.821480,218.818314,131.385574
159.659348,72.701813,213.924561,130.037064
155.415573,73.784042,210.606384,132.095367
150.448334,72.939568,206.519913,132.178848
145.632812,72.586754,202.349747,132.505371
139.381104,71.208542,196.985580,132.061432
137.079971,69.740173,195.723541,131.685898
134.346848,68.724289,193.792755,131.513153
131.641464,67.903091,191.998016,131.648132
131.829498,69.084869,192.923447,133.603561
133.452957,72.603546,195.295746,137.907303
135.060867,75.394287,197.571136,141.408600
139.548737,77.204674,202.745438,143.949020
143.797073,78.199524,207.381378,145.349640
148.820541,78.181076,212.982117,145.944534
154.369720,78.084572,218.794662,146.123535
159.505661,77.216438,223.956329,145.282700
163.455429,77.524933,227.535217,145.197495
166.720154,76.938103,230.045700,143.821594
169.815933,76.228935,232.147644,142.072021
172.614288,76.772255,233.965469,141.588089
173.226578,79.663208,233.605621,143.459869
171.210327,82.416962,230.459579,145.028259
170.627502,85.338478,228.790176,146.808868
168.893753,87.872871,226.222290,148.466736
168.027893,88.644440,224.468857,148.304840
167.987747,89.672256,223.556152,148.414169
168.850342,89.518036,223.711136,147.514420
169.560089,89.028679,223.992905,146.573730
170.683151,87.842674,224.796387,145.050720
173.937164,86.941216,228.107010,144.208954
176.172165,86.807732,230.591980,144.339081
177.084442,86.866631,231.697647,144.601929
179.973434,88.944580,234.922882,147.034470
179.692719,90.526688,235.266891,149.286728
179.975769,91.506966,236.364761,151.125504
179.581680,91.379143,236.764923,151.833740
178.027954,90.747375,235.957626,151.987015
173.494293,87.834137,232.161850,149.862549
169.997360,82.754021,229.565521,145.744110
168.241730,79.570671,228.369644,143.148529
165.679306,76.315186,226.144836,140.247269
164.735474,73.305267,225.069534,137.099426
162.710602,70.189018,222.707901,133.629852
163.067719,68.458694,223.125320,131.963837
163.023132,68.807007,223.233749,132.472702
163.155594,72.637589,223.456940,136.398468
161.770187,79.889145,221.946014,143.518326
162.182999,86.085678,222.213318,149.562210
164.245331,89.237671,224.454208,152.901520
166.022369,88.302200,226.681015,152.437943
168.068893,84.477829,229.284241,149.206772
170.117447,78.369118,232.070618,143.871597
171.388382,73.146790,233.545197,138.866058
173.573410,70.098305,235.846619,135.939514
173.641144,68.224983,235.860916,134.010208
172.972137,65.972076,235.009537,131.566238
171.795395,65.730850,233.149200,130.608887
170.731888,69.373375,231.499298,133.636642
169.596054,72.586861,229.970947,136.431854
169.141647,75.873230,229.231659,139.419342
168.669373,77.015793,228.707382,140.507324
164.292648,77.009178,224.274567,140.441864
158.130341,75.458626,218.057968,138.833420
152.520981,74.012886,212.202087,137.124725
147.080231,71.611328,206.589493,134.539856
141.773727,66.376602,201.508728,129.542160
133.016739,61.631905,193.086761,125.154808
128.151184,59.992352,188.449631,123.754913
124.070892,59.692131,184.479965,123.570755
122.570251,61.397293,183.309830,125.622673
120.275635,65.720963,181.181839,130.123901
119.963020,71.656387,181.164932,136.374420
118.969414,76.610527,180.428223,141.597900
119.567261,78.381332,181.296402,143.652115
122.014610,77.268089,184.261688,143.090210
127.617928,77.996811,190.355453,144.332733
132.821182,77.434875,195.709137,143.930771
138.057404,75.360680,201.450272,142.393555
145.895584,73.701859,209.589386,141.054459
146.918198,73.257027,210.515778,140.507385
146.069855,72.492317,209.535202,139.602173
142.393463,71.642265,205.897675,138.793411
137.704742,71.932976,201.550842,139.447372
131.697815,71.847054,196.053040,139.902374
125.070709,73.029053,189.835083,141.518707
116.757805,72.908661,182.355942,142.283386
108.705231,71.510719,175.029114,141.655182
101.740227,67.855186,168.615860,138.584335
94.765518,62.256321,162.175247,133.551453
88.114769,56.514217,155.679352,127.973320
83.173950,53.306057,150.224533,124.220924
82.671989,52.661251,149.504364,123.348289
81.594696,54.081860,148.627655,124.981453
81.153419,60.210377,148.112106,131.032425
79.649757,67.359924,146.323898,137.880432
77.638947,72.629341,144.046738,142.867599
74.391922,76.284821,140.639572,146.353378
68.390160,77.932663,134.496445,147.851410
62.174400,77.137672,127.871384,146.628799
56.265381,75.512497,121.614372,144.634552
50.945679,71.310608,115.862602,139.974411
51.921478,67.602135,116.514061,135.921631
52.504692,63.639984,116.687744,131.524750
55.247986,63.513123,118.970879,130.916489
60.397980,64.238098,123.527687,131.011215
65.674316,68.542084,127.946716,134.417709
68.020958,72.515282,129.731476,137.802261
69.085770,75.445259,130.445663,140.359009
73.829208,77.396729,134.801743,141.904373
77.910141,79.929924,138.313553,143.831116
82.712875,80.565979,142.666245,143.994995
87.526825,77.601280,147.343002,140.883957
91.950447,72.878098,151.914337,136.318329
96.130753,64.269699,156.753235,128.412415
104.388496,56.936886,165.525864,121.628242
112.932816,52.191879,174.840942,117.691292
120.220581,52.724922,182.561356,118.684891
124.916023,57.352581,187.607437,123.679886
126.114258,60.593521,188.971481,127.097160
128.045517,62.850960,191.048401,129.509506
129.344849,63.484417,192.843735,130.662216
130.987518,65.101265,195.151657,132.985886
130.302689,64.964767,195.340637,133.763535
129.265198,63.349823,194.722733,132.587250
130.792252,61.180279,196.767548,130.966873
131.402893,59.396370,197.262192,129.059952
130.512802,56.544376,196.507874,126.351959
132.131531,56.305264,198.200912,126.191673
130.880493,58.280037,196.873276,128.086411
131.070694,59.253872,197.023315,129.017639
131.146484,61.045231,197.049973,130.756866
130.474777,61.321842,196.680176,131.353699
131.146057,61.819252,197.279282,131.774628
131.561493,61.983891,197.500717,131.736572
134.265213,61.095970,199.637543,130.247406
136.611237,57.296738,201.419754,125.850182
140.125687,52.711708,204.349579,120.644562
145.516052,50.290558,209.216171,117.675453
149.196609,50.066299,212.297546,116.814552
151.961273,56.328785,214.497864,122.486237
152.067978,64.038101,214.056259,129.612427
150.750809,70.525864,212.216507,135.543884
151.176926,75.257195,212.091843,139.688904
150.362656,77.068817,210.858597,141.054077
147.073395,73.414093,207.193329,137.004852
146.550674,67.690941,206.269150,130.860504
151.126495,62.835079,210.241669,125.361130
157.271835,59.781780,215.842178,121.735764
162.503632,62.045403,220.061005,122.934906
162.854233,64.880966,219.088669,124.379097
163.166534,69.970680,218.062286,128.059692
159.047684,72.855560,212.891922,129.816589
152.269379,75.128387,205.165009,131.088104
146.598892,74.915901,198.656265,129.989914
140.645187,74.953812,192.101395,129.392639
132.741608,70.447189,183.719727,124.380341
128.527649,66.310028,179.477386,120.213135
126.932716,60.395290,178.100571,114.529350
129.885193,58.519058,181.278336,112.891411
130.836304,60.502342,182.444168,115.101822
130.070618,62.691006,181.989182,117.619102
130.201782,65.478348,182.132675,120.419472
130.563705,68.115852,182.287140,122.837540
129.212967,68.870110,180.840820,123.490707
126.645050,70.193398,178.055984,124.584564
124.197220,70.945290,175.407227,125.123932
121.507492,68.367554,172.531128,122.349083
124.726791,64.727982,175.858643,118.821892
128.063690,62.846279,179.132889,116.873924
131.392639,61.608177,182.624222,115.807587
140.867294,66.062439,192.238159,120.409187
145.353500,69.311951,196.866699,123.809242
151.090897,69.340500,202.876068,124.125465
158.913422,66.638840,211.012894,121.756233
163.264053,64.799164,215.500763,120.061554
166.741440,62.802616,218.920074,118.003647
168.804260,62.236343,220.412094,116.834274
170.817047,61.784084,221.664291,115.577545
170.923096,58.176788,220.998154,111.152626
172.566208,55.174225,222.001892,107.485603
173.493759,53.894730,222.220062,105.454170
172.454575,54.013748,220.480286,104.829720
172.568878,56.110931,220.056595,106.366936
175.743027,63.271946,222.569519,112.825401
172.981873,70.327629,219.383408,119.429016
169.479828,74.884178,215.306473,123.373978
165.165543,77.189125,210.931274,125.614029
159.452087,76.904892,204.821732,124.907860
153.808044,73.383736,199.272934,121.488159
152.960052,69.346581,198.721970,117.767395
157.048538,63.761333,203.238525,112.638153
158.502869,62.991707,204.668289,111.842926
159.301804,65.044319,205.328979,113.751404
158.913147,68.841095,204.277786,116.857430
160.385345,73.313332,204.757095,120.272034
160.992874,76.207497,204.705963,122.478287
160.255508,78.332199,203.524323,124.128410
160.693314,81.279381,203.394470,126.482147
161.127701,83.392670,202.990967,127.699089
163.180634,83.716248,204.552200,127.495842
165.077179,79.196159,206.013596,122.519867
164.277634,75.424309,204.790527,118.293503
167.837814,75.022446,207.826111,117.341469
170.490204,78.735847,209.981827,120.520935
169.961273,83.131889,208.603012,124.024582
167.781815,86.269363,205.647064,126.345741
164.245132,88.364761,201.813721,128.121048
160.302689,89.126465,197.594147,128.591034
158.663361,88.453857,195.337204,127.268311
158.114197,87.249168,194.229965,125.475395
155.349670,84.566589,190.975510,122.276413
151.802505,82.679466,186.675812,119.594933
146.871307,80.715126,181.398727,117.264946
144.232986,79.811890,178.732117,116.331818
140.712631,75.308090,175.161926,111.775345
139.353317,68.736847,174.009918,105.423264
137.583084,68.344345,172.457550,105.261093
134.910355,72.550598,169.657501,109.332764
135.094696,74.865990,169.835892,111.641853
135.197678,75.857300,170.019653,112.718567
132.635101,79.083138,167.865707,116.376381
130.997299,81.195877,166.154327,118.411438
130.392975,81.746948,165.213150,118.606964
128.606277,81.468933,163.400452,118.301483
131.847336,80.281258,166.699890,117.175529
137.843338,80.582047,172.666901,117.445679
144.167633,81.173782,178.985275,118.031158
151.092758,81.596992,185.753296,118.288277
29.000000,35.000000,59.000000,67.000000
25.847067,35.761967,55.718292,67.624886
161.000000,80.000000,191.000000,112.000000
159.653671,82.534744,189.181656,114.032288
160.677856,81.899460,189.806396,112.970917
164.576904,79.266891,193.405304,110.018188
163.282043,78.557846,191.671844,108.840317
162.727219,78.755447,190.184738,108.041351
157.969727,77.141129,183.910370,104.801819
153.356537,74.262215,177.611084,100.107094
154.716751,76.168991,176.753555,99.707428
154.160385,80.755569,173.717148,101.706131
153.956757,83.761581,172.073151,103.199753
152.379410,87.108833,169.095139,105.072624
150.958359,88.160133,167.105240,105.521614
156.158249,90.133888,171.564621,106.711296
158.374115,91.089211,173.609222,107.484642
160.797119,91.757835,175.679413,107.778404
161.957886,93.108887,176.791962,109.074814
163.690369,93.688759,178.511993,109.641411
162.770889,92.964851,177.767715,109.104378
163.247665,92.795639,178.539688,109.269714
162.445816,92.739014,177.948532,109.436966
153.208878,90.812508,169.724533,108.586708
147.184586,88.820518,164.030319,106.944206
142.573563,87.535309,160.380722,106.733521
140.594009,87.495880,158.839066,107.180649
137.338104,86.012199,156.109070,106.250557
136.703827,85.814804,155.931580,106.558044
134.912338,84.290878,154.793106,105.719788
134.492203,83.652222,155.278244,106.076920
134.961273,80.716629,156.811584,104.306946
137.819977,79.320282,160.144531,103.427963
139.453812,77.584427,162.402084,102.370041
141.457397,77.136314,164.886841,102.444954
143.748474,76.511673,167.690948,102.376114
144.762161,76.170937,169.017441,102.374229
144.001846,76.782631,168.897659,103.677711
140.157379,76.458229,165.531433,103.869820
140.090088,74.797905,165.770721,102.539665
140.042068,72.980309,166.206345,101.242897
140.238968,71.863159,166.990616,100.756638
140.662415,70.431900,168.126617,100.090714
142.181000,69.314522,170.019745,99.374626
141.937561,67.829941,170.183929,98.341324
145.187439,66.134613,174.224854,97.491592
146.201416,63.987411,176.353577,96.533463
146.640549,62.481388,177.319931,95.588676
140.496979,59.382946,171.674500,93.036575
140.123077,58.437408,171.872314,92.698502
138.506378,59.694519,170.608765,94.341873
133.558395,60.078968,166.450302,95.563698
132.325668,62.488094,165.729507,98.531296
128.170334,60.813080,162.237106,97.577690
130.786072,61.613503,165.525818,99.089554
131.109543,58.875366,166.617386,97.185356
137.160706,56.779453,173.378876,95.858963
140.418793,51.981178,177.412292,91.898872
143.805893,49.009533,181.517441,89.703484
148.948883,49.318249,187.157288,90.548286
153.597794,51.149998,192.324936,92.938675
155.300720,52.613426,194.195740,94.582893
159.598358,53.245308,198.621613,95.352859
162.393967,51.960907,201.337601,93.982872
161.821365,47.592842,200.753281,89.601898
163.093842,44.578976,201.946838,86.501015
166.004791,42.989441,204.739532,84.784126
170.166809,43.389793,208.709351,84.977478
167.710785,47.190281,206.040619,88.548897
167.408920,53.375572,205.308975,94.271355
157.000000,62.000000,209.000000,117.000000
149.902969,65.298218,201.735977,120.121780
142.695236,67.172592,194.682785,122.159622
136.315842,67.684746,188.422256,122.797508
128.622971,65.385445,180.886276,120.663979
128.525696,66.113205,181.228760,121.856369
125.338036,63.484802,178.635895,119.856430
123.891655,58.949371,177.696136,115.855766
126.658348,59.726959,180.854187,117.046455
129.224228,61.450836,183.663254,119.026802
132.239685,61.996700,186.975281,119.885399
136.390320,64.361137,191.406342,122.545563
138.307587,67.050018,193.767517,125.702141
140.833710,70.363037,196.726624,129.471344
144.967682,73.174301,201.622101,133.098526
147.138412,74.274498,204.264297,134.695007
149.040253,71.502335,207.159393,132.967468
152.981232,62.047005,216.381714,129.062027
152.125305,59.927551,216.211304,127.670921
148.956665,52.423229,213.064484,120.189438
148.578964,47.506069,212.689987,115.275620
148.379715,43.032898,212.720261,111.042557
143.679718,37.155090,208.318512,105.481346
142.317169,39.860569,206.485657,107.687584
137.193176,44.129219,200.828369,111.398315
132.455704,46.478130,195.414383,113.028435
129.941223,46.871693,192.290405,112.773804
130.469543,48.293171,191.776276,113.103195
131.070374,49.023861,191.253693,112.656120
129.652267,50.553833,188.863846,113.166557
128.322342,51.600792,186.455338,113.081017
127.554520,51.657696,184.702713,112.103043
129.801376,49.560532,186.360123,109.385933
132.662338,50.891594,188.782059,110.254852
134.292160,54.365707,190.167099,113.471291
136.129837,59.032211,191.793472,117.911385
136.430679,63.821606,192.190842,122.802475
135.585007,67.374840,191.389450,126.402359
136.650726,69.983582,192.566010,129.129883
133.329453,69.058380,189.791916,128.790955
133.848633,62.685986,191.292297,123.451416
136.098267,53.952969,194.611908,115.843704
139.703522,48.744652,198.617676,111.056259
142.212219,51.877300,201.213165,114.281601
144.197052,56.673271,203.096191,118.970688
144.326157,61.688278,203.042191,123.790184
142.771591,63.682346,201.384995,125.674660
141.359283,65.431435,199.834442,127.278473
140.976807,67.142204,198.889893,128.398575
140.363708,68.433739,197.543304,128.906021
140.830322,66.264183,197.531769,126.233582
143.349182,66.424156,199.245941,125.546509
143.940292,67.147934,199.094650,125.474861
138.889496,65.700912,193.459503,123.412178
134.649139,66.778214,188.639008,123.877693
132.157791,67.804855,185.723129,124.448372
127.741852,67.669220,181.035706,124.026161
121.521736,66.834877,174.621857,122.987320
117.038383,65.581062,170.018631,121.606964
111.961540,64.721771,164.992111,120.801781
108.011032,64.761574,160.817490,120.605026
111.503937,64.004761,164.158630,119.687859
112.783974,61.538216,165.528183,117.315903
114.029999,56.649952,167.037155,112.705475
118.187149,57.049034,171.287140,113.202553
121.136269,61.550629,173.976166,117.429611
124.147987,67.686676,176.485657,123.035004
128.184006,72.647980,180.091599,127.541870
134.804810,73.868172,186.296173,128.321823
142.181839,71.369965,193.144608,125.264534
146.937073,67.475464,197.513580,120.961052
149.864136,62.639191,200.709412,116.409355
153.026413,59.419415,203.991653,113.316589
155.543411,56.566315,206.523788,110.479507
157.358505,55.627861,208.122452,109.311897
157.901123,56.727894,208.310272,110.036255
157.184296,57.920101,207.302155,110.920036
156.907913,59.758194,207.005600,112.737167
156.665100,62.255943,206.653320,115.121162
152.342880,64.557472,202.308060,117.398262
149.014313,65.198570,199.504639,118.596001
148.462479,65.078964,199.473099,119.027298
144.389648,64.477455,196.283722,119.343239
144.388702,61.849522,196.686371,117.142197
143.907120,59.631775,196.809982,115.563889
143.316086,58.904945,197.077682,115.744392
142.628677,60.006004,197.225296,117.726860
142.315277,60.396713,197.441132,118.675659
142.176880,61.288769,197.654449,119.938278
144.549271,62.075665,200.084946,120.786377
147.401108,63.269726,202.506119,121.526718
147.875946,63.506702,202.596863,121.359032
147.252670,64.695808,201.597733,122.151794
149.451248,66.231728,203.246017,123.107391
147.959488,68.841331,201.177139,125.107819
143.527664,74.065186,196.090073,129.640030
143.706390,78.830849,196.019684,134.142471
145.219208,82.250946,197.351898,137.371735
145.182587,85.965561,197.329315,141.101181
142.367416,87.842667,194.577805,143.045563
138.668106,86.174957,191.221146,141.739883
139.052414,83.626137,191.856674,139.456512
140.860306,82.134140,193.898087,138.211258
138.125916,79.753448,191.264923,135.937408
139.729294,75.898392,192.821152,132.032578
142.498367,74.897209,195.576950,131.017365
145.535034,75.330803,198.180573,130.993866
149.475342,76.155571,201.842407,131.524399
152.769714,77.008850,204.868195,132.093887
154.340622,77.457802,206.142776,132.229736
157.262451,77.712074,208.850403,132.257446
159.243835,76.480064,210.734131,130.922150
159.650177,72.029961,211.145935,126.477814
159.041855,70.257378,210.514359,124.680634
155.724228,68.198143,207.147293,122.569107
151.462036,65.452591,203.182465,120.138084
146.956161,66.196556,198.747757,120.957336
141.343811,69.296928,193.340942,124.275101
136.427658,71.918800,188.531052,127.009384
131.876114,73.420822,183.854813,128.379639
128.662857,75.427979,180.605270,130.348419
123.861549,76.653152,175.746078,131.512375
119.564445,77.204056,171.299408,131.905075
119.401794,77.183319,170.939011,131.675171
115.753044,74.418098,167.233246,128.849640
116.619057,70.141335,167.801071,124.257492
119.324966,68.983330,170.293304,122.873474
121.918877,70.849564,172.292709,124.110237
124.290619,75.554298,173.875137,127.979225
128.450424,80.213806,177.378357,131.942749
134.642380,85.899178,182.724426,136.730453
139.720001,89.430214,187.294327,139.733047
145.626846,89.575912,192.830505,139.484894
148.818848,87.705963,195.928421,137.516922
155.214752,84.562363,202.468704,134.523712
162.308899,82.234047,209.506027,132.136200
165.739029,83.156067,213.000763,133.125519
168.783066,85.905937,215.978729,135.806564
171.062988,90.071198,218.032211,139.735962
171.478958,93.015907,218.193085,142.409302
169.164398,94.244034,215.640793,143.384537
165.530853,93.353973,211.771713,142.243927
161.102295,91.402275,207.198044,140.140945
159.401611,88.916824,205.380997,137.534164
157.606201,88.936455,203.389023,137.344421
154.180389,89.369461,199.777512,137.579620
153.013351,88.818855,198.302185,136.700607
153.907303,88.009941,199.257263,135.955475
152.224075,88.166824,197.863434,136.414322
150.156281,89.148102,196.219864,137.847473
147.583664,89.684448,193.866669,138.612579
144.720398,89.356392,191.211624,138.501617
143.878265,89.170799,190.343979,138.288895
143.410797,89.375420,189.833084,138.447296
142.993561,89.315437,189.293655,138.257339
143.110596,87.442055,189.166580,136.129440
144.656372,85.452362,190.686050,134.112320
146.183075,84.388641,192.411819,133.256119
148.995911,83.715881,195.520462,132.891739
154.158768,85.410339,200.927551,134.846024
159.339661,87.844604,206.311325,137.496109
162.892105,90.935303,210.118683,140.857971
164.619659,92.998573,212.281998,143.375153
166.150986,94.377319,214.330414,145.303299
167.613098,94.155930,216.275986,145.585083
169.789932,92.325554,218.820221,144.144592
170.673553,89.883835,219.908951,141.916199
170.507782,88.509125,219.705612,140.501663
170.626877,87.791122,219.689331,139.642868
169.739944,87.192513,218.658203,138.894287
171.252029,86.324913,219.794342,137.627731
171.407104,82.077072,220.013351,133.447739
175.178635,79.233444,223.871979,130.696548
177.990295,80.420845,226.747574,131.951797
177.426270,83.588951,225.939651,134.861069
179.072937,87.082855,226.790817,137.510757
182.159042,89.426552,229.189941,139.124542
181.661148,90.673172,228.441864,140.110550
179.980637,90.356865,226.957306,140.002686
178.056290,90.317612,225.389069,140.342285
176.348068,89.272652,223.745728,139.366272
173.194839,87.814178,221.083954,138.429962
168.430145,86.514816,216.465927,137.286423
166.297638,86.607193,214.707474,137.768112
166.564423,88.293442,215.221054,139.716263
165.307816,88.426163,214.549408,140.469742
163.667542,88.727425,213.451462,141.345871
162.152771,86.707863,212.953110,140.403702
157.921402,83.932007,209.786224,138.754959
154.540924,80.500916,206.372147,135.288315
153.893417,76.713524,205.834351,131.616943
153.302139,74.072151,205.117279,128.842514
149.373016,72.284508,200.926712,126.778351
156.174866,71.613762,207.575882,125.946106
159.625290,73.120010,210.895935,127.314461
164.244461,76.175301,215.409729,130.258301
168.052902,79.416954,218.964996,133.232178
169.096954,80.121864,220.105545,134.039261
171.816650,79.788834,222.842499,133.724136
173.951767,79.426964,225.130875,133.521408
172.987305,79.052292,224.053955,133.027771
169.873337,78.438911,220.655167,132.118622
168.009567,76.163605,218.636948,129.679764
168.675446,73.965294,219.438812,127.625420
166.209503,74.551353,216.934814,128.171188
162.974655,77.204567,213.603439,130.722183
162.494873,81.062370,212.840546,134.280212
160.488495,84.593071,210.722595,137.692780
158.123718,86.034164,208.459747,139.241806
152.920563,84.231285,203.234192,137.415192
146.849335,82.001221,197.199707,135.224045
145.161591,80.028709,195.344238,133.073959
142.102402,78.238480,192.280228,131.278641
139.170990,77.125244,189.182251,129.989029
138.104828,76.488907,187.945648,129.175552
135.291779,77.034454,184.733185,129.297729
134.311142,77.783318,183.428635,129.703232
134.777191,80.111824,183.438019,131.556824
136.231949,80.915627,184.791428,132.253082
139.555359,80.711334,188.027710,131.956329
143.954285,80.322182,192.312836,131.446396
149.171387,80.915741,197.280945,131.775726
154.461105,80.893013,202.434402,131.611191
159.016388,79.533188,206.823547,130.074860
161.085251,78.997803,208.589493,129.217606
164.464172,77.543701,211.704071,127.482635
166.577698,78.234825,213.637085,127.985718
168.170303,81.121681,214.960587,130.592270
168.102158,85.120041,214.651230,134.334015
167.416580,88.571648,213.845261,137.657532
165.549698,91.436241,211.850784,140.386383
163.582642,93.769676,209.757111,142.587799
162.003021,94.938110,208.142670,143.719910
159.352707,94.863846,205.372269,143.520432
154.494797,91.238335,200.600418,139.984650
153.972641,87.033020,200.450577,136.167496
149.299454,85.244415,196.254684,134.886642
146.358688,85.723831,193.322403,135.375092
141.333328,89.001839,188.417953,138.781723
139.051056,90.541122,186.431122,140.628754
138.134628,90.257645,185.965042,140.823792
136.820267,87.917435,185.043411,138.900879
134.394196,87.335594,183.075623,138.796021
133.610291,86.792572,182.767456,138.757858
131.487396,86.450150,181.053375,138.840607
128.503647,85.504730,178.430344,138.277542
126.190102,85.143661,176.340469,138.153564
123.674576,84.430687,173.900879,137.521011
120.419083,82.385391,170.904297,135.749863
