162.000000,92.000000,214.000000,147.000000
161.712204,92.871735,213.369217,147.509338
159.662582,96.339157,210.376450,149.979202
156.497025,99.283936,206.953903,152.651886
153.688477,100.455917,203.310913,152.940323
150.961777,99.665695,199.521957,151.024124
149.528900,95.804466,197.755585,146.808975
148.668839,91.636330,196.012985,141.704285
147.772476,88.570938,194.564560,138.052322
147.239120,88.051605,194.273727,137.790985
144.004379,87.765480,191.335434,137.813644
137.736710,87.399399,185.797592,138.223022
132.020691,90.005302,180.023865,140.768860
126.117027,91.959320,174.267410,142.876099
122.044518,91.497330,170.342789,142.568039
121.015236,88.814590,169.729187,140.326431
120.929565,85.643150,170.204819,137.750656
123.486465,84.665077,173.061798,137.090668
126.333916,85.055099,176.288116,137.882294
128.697739,85.923561,178.609375,138.705627
130.560272,89.069344,180.587753,141.974213
130.183716,92.098206,180.200607,144.992065
130.074493,93.205284,180.134384,146.143845
131.217224,93.729454,181.228378,146.617355
131.535278,95.398483,181.489304,148.227036
132.612106,96.998306,181.951721,149.175583
132.320526,95.588860,181.581375,147.682648
134.285950,91.167679,183.419662,143.126694
137.332932,86.244980,185.848969,137.561600
142.220139,80.702583,191.442902,132.769196
146.822464,77.793854,195.543945,129.329102
150.071533,76.024216,199.534073,128.345901
153.991196,74.928520,204.192749,128.033554
158.024643,74.823250,208.094788,127.789139
160.974182,77.428490,210.521561,129.851120
162.263016,80.800560,211.220703,132.598129
161.445755,82.143837,209.729736,133.226440
159.974655,80.541328,208.592377,131.978119
157.969406,77.399025,206.787079,129.048035
154.043808,74.422958,203.443207,126.689308
150.235809,72.422142,200.129593,125.212540
146.446503,73.797325,196.756149,127.028534
140.144806,78.238518,190.627426,131.652893
133.471863,82.274361,184.298721,136.053207
128.341843,84.307945,179.823059,138.779633
124.164421,83.046631,176.667068,138.598679
121.083412,82.641953,174.336914,138.987366
119.409691,82.710320,173.145340,139.564682
117.646835,82.843384,171.429855,139.747757
117.403648,80.972366,171.425339,138.128662
118.453804,75.260674,172.416901,132.355179
120.371849,71.288536,174.318649,128.365540
123.628143,70.001785,177.946762,127.478149
127.223175,72.336723,180.916580,129.153778
128.829834,76.837494,182.056351,133.161728
131.160889,82.494415,183.893051,138.296829
134.541122,87.394905,187.005005,142.913849
138.082520,90.812927,190.739914,146.536331
140.773026,92.293327,193.253326,147.829605
143.302887,89.998764,195.996292,145.760208
147.378143,84.602646,200.572800,140.893723
150.856644,78.074471,204.771881,135.126160
154.559174,72.849312,209.275803,130.761780
155.079727,69.851624,210.184723,128.173630
156.560684,70.067680,211.797485,128.528534
156.514664,76.385208,211.002380,134.056839
153.181473,81.531761,206.925201,138.418839
151.469177,82.976608,204.995773,139.634491
149.536819,85.283005,202.465790,141.310059
149.963058,86.794434,202.127655,141.999435
147.357361,86.188171,199.171127,141.022476
147.477936,83.226845,198.904770,137.651917
148.708023,79.891846,200.113342,134.294159
149.341248,80.491554,200.246689,134.365143
149.657761,85.640419,199.901611,138.813507
147.820404,90.752907,197.415451,143.239014
145.974579,91.277641,195.684616,143.885651
145.156998,91.437607,194.614410,143.777817
144.380325,92.674461,193.378296,144.527679
143.266190,93.887558,192.528778,146.021591
141.261490,93.692009,190.262238,145.548477
137.480728,90.895416,186.407318,142.674759
133.715149,87.873688,182.333298,139.325699
132.508667,84.992432,181.197433,136.519363
133.814148,84.109589,182.085342,135.193390
132.127426,89.315018,179.797577,139.760971
131.304993,94.611221,178.343887,144.386490
132.236343,98.445160,178.732513,147.655090
133.545837,102.067703,180.008774,151.242294
135.627655,105.550560,182.166458,154.805847
138.609344,105.173615,185.556290,154.863083
139.785812,99.003830,187.403381,149.406708
143.006058,88.873634,192.320251,141.079193
146.002335,81.570541,196.817383,135.366989
150.731339,77.357315,202.344238,131.998550
154.335892,75.244919,206.918335,130.911636
155.494232,77.898590,207.874863,133.352051
157.030121,80.984596,209.320114,136.342270
159.021484,82.541122,211.098801,137.674072
160.931915,83.350769,212.641556,138.095230
162.249374,84.450516,213.102386,138.288925
162.509644,84.016815,212.794968,137.254150
162.485382,84.051559,212.059219,136.535553
162.623840,83.389999,212.104752,135.775482
161.148270,83.239731,209.822327,134.769958
160.130905,82.047844,208.243958,132.982712
159.310272,83.535690,207.359482,134.404129
155.367386,88.379097,203.164520,138.985184
151.659546,90.561600,199.532303,141.248047
148.501343,90.561775,196.246994,141.113159
144.776093,92.975517,192.715775,143.733063
140.225815,95.491898,188.229187,146.317139
136.147659,93.422600,184.631927,144.748383
136.132187,89.397255,184.890533,141.013901
137.304764,86.531891,186.354004,138.457230
138.199158,85.901855,187.729233,138.327255
138.063812,85.805710,187.527237,138.160461
138.521591,86.577179,187.725647,138.656998
137.313629,87.479172,186.096298,139.112320
138.373138,89.353783,187.281693,141.120514
139.673920,92.029579,188.703537,143.924759
140.214691,93.054016,189.843979,145.572845
142.062897,91.698959,192.195786,144.751602
144.830429,88.224724,195.883392,142.251556
146.682556,84.945877,198.761917,140.058350
149.605850,82.104973,202.648407,138.235138
153.878540,79.473747,207.823135,136.556061
158.703049,77.338257,213.456360,135.289200
162.783798,76.452980,218.181305,135.083252
164.936935,76.724022,220.722198,135.762817
166.365494,78.989311,221.945831,137.808533
167.467117,79.850517,223.226776,138.858643
168.087158,79.946098,223.613358,138.704071
168.403961,79.318039,223.815765,137.955490
166.907211,78.821236,221.780502,136.891327
165.763184,77.329514,220.238251,134.972412
165.581924,75.707031,219.184433,132.429764
167.834198,72.504898,220.661377,128.409225
170.064423,70.465591,222.475342,125.930115
169.348953,69.288170,221.299454,124.266212
167.220551,68.680649,219.015533,123.494202
162.685974,68.207352,214.471313,123.010712
160.576889,69.615402,212.329391,124.384033
156.793320,71.751289,208.571548,126.547112
152.922653,73.693558,204.828232,128.624069
148.884033,74.235275,200.654053,129.022400
146.810532,72.885849,198.270065,127.344574
144.765991,68.827148,196.245575,123.307083
142.903900,64.430359,193.951111,118.452988
141.086212,61.792088,191.919647,115.588593
141.022049,60.618748,191.915970,114.479309
138.547791,60.483620,189.759064,114.680214
139.083466,61.828110,190.219879,115.945541
138.750320,64.384132,190.280106,118.917625
138.230164,69.546089,190.091888,124.430672
138.702393,74.385674,190.454285,129.154068
139.251984,76.580154,191.525055,131.899796
139.382126,75.263527,192.410904,131.381668
140.714996,72.657471,194.746338,129.833862
140.438950,68.821945,195.588821,127.177872
139.717590,64.704689,195.854523,124.100563
140.902313,60.755367,198.052185,121.217484
140.722580,57.318409,198.306107,118.236610
140.796463,56.035992,198.819809,117.416763
139.157227,56.948135,197.075806,118.218811
137.403748,58.876358,194.858917,119.651657
135.704803,61.848461,192.745392,122.187729
134.913879,66.142838,191.392181,125.890739
134.337997,69.785492,190.570572,129.274719
134.423187,72.729118,189.985229,131.512527
135.744873,74.488739,190.533081,132.456848
134.872620,72.974541,188.962280,130.205978
135.834488,69.089241,189.515701,125.889954
136.397934,65.196404,189.444748,121.327484
135.833511,61.869328,188.316452,117.405197
135.104874,59.785332,186.706894,114.390419
134.978210,58.490421,185.926575,112.404137
134.232849,59.155899,184.573547,112.426201
135.871567,61.783855,185.723862,114.537025
137.959122,64.824860,187.377365,117.117920
139.903320,66.247932,189.241730,118.456352
139.741791,68.676331,188.864136,120.655716
138.464096,71.462891,187.897659,123.765945
135.216156,73.087654,184.958679,125.718193
132.163818,74.765778,181.935089,127.426804
128.733383,74.992401,178.611862,127.767059
124.803635,72.942177,174.739304,125.777458
123.293953,71.121597,173.175690,123.899704
120.755577,69.249619,170.670853,122.063278
118.111191,68.027618,168.017075,120.831329
114.981247,68.132385,164.803543,120.847488
115.103210,68.054169,164.819672,120.657074
115.901268,68.853722,165.720474,121.565529
117.856308,68.897041,167.650955,121.582817
121.867111,67.311386,171.672958,120.009033
125.952095,62.584385,176.062241,115.604599
129.900864,58.520912,180.270630,111.815994
130.503036,55.831028,180.992432,109.252762
130.981949,50.341194,181.808563,104.119972
136.632690,51.860485,187.621902,105.811424
142.174789,55.542480,193.264618,109.599953
144.620575,59.406879,195.765305,113.522438
149.407944,60.844318,200.795959,115.217216
153.544937,62.989975,205.136871,117.578560
155.470398,62.340229,207.252365,117.129807
158.276917,62.813461,210.156631,117.706429
159.373810,63.647282,211.347488,118.639641
160.760880,66.579010,212.679352,121.512993
163.290024,70.007286,215.559662,125.312714
164.558868,71.921425,217.337296,127.764450
166.083832,73.100067,219.569016,129.689850
166.957123,73.506592,221.086990,130.776855
166.441803,74.096375,221.409317,132.249954
163.698349,73.169540,219.701324,132.433884
158.004532,70.934952,214.932159,131.172623
153.593475,71.945206,211.573135,133.308716
148.530029,71.159660,207.395462,133.470016
143.732330,70.649956,203.247757,133.654373
137.473190,69.272476,197.981812,133.336304
135.237640,67.721710,196.891434,133.005783
132.549576,66.781021,195.079590,132.997833
129.724121,65.883530,193.391098,133.309494
129.961929,66.957497,194.496185,135.304947
131.751968,70.594757,196.980469,139.679184
133.385757,73.382607,199.305237,143.199890
137.722382,75.214279,204.377670,145.811981
141.989532,76.152473,209.014450,147.141861
146.888611,76.275589,214.343277,147.713669
152.211853,76.093643,220.145554,148.038940
157.312012,75.222427,225.258194,147.180939
161.232239,75.548424,228.743179,147.046097
164.626099,74.988708,231.222061,145.517578
167.816315,74.262817,233.329300,143.644043
170.534409,74.849327,234.966644,143.084305
171.131973,77.874550,234.440491,144.916656
169.168945,80.687843,231.316757,146.496674
168.515137,83.546028,229.658737,148.302811
167.006210,86.150932,226.898071,149.595413
166.163559,86.928268,225.225189,149.487183
166.164413,87.965729,224.193329,149.440308
166.763275,87.777672,224.123245,148.549316
167.512283,87.294090,224.464722,147.637115
168.599609,86.100845,225.312393,146.187408
171.853165,85.205444,228.564545,145.290497
174.010071,85.119507,230.819931,145.309937
174.920425,85.120842,231.968933,145.566650
177.776855,87.121895,235.194412,147.955856
177.315720,88.657074,235.499725,150.297119
177.264832,89.647934,236.426590,152.315460
176.907516,89.394196,236.931366,152.966919
175.440582,88.823959,236.274094,153.246185
171.137054,85.991211,232.680161,151.169571
167.611221,80.969330,230.041595,147.092178
165.971054,77.971130,228.946411,144.673553
163.393433,74.770004,226.686234,141.810013
162.402405,71.735214,225.652023,138.729355
160.353012,68.608765,223.249603,135.233322
160.768723,66.940041,223.640564,133.538300
160.574997,67.277855,223.662109,134.105026
160.766464,71.122200,223.791229,137.884109
159.446365,78.284439,222.324921,144.893295
159.864182,84.519562,222.671631,151.052795
161.896072,87.643768,224.929504,154.417328
163.646500,86.707268,227.165680,153.989334
165.490128,82.695107,229.872192,150.893982
167.375397,76.500542,232.706985,145.707367
168.562241,71.203476,234.326630,140.869354
170.844635,68.096649,236.732101,137.893082
170.915436,66.126793,236.765518,135.883591
170.392593,63.925972,235.820831,133.235367
169.333084,63.661308,234.045319,132.211304
168.474655,67.257462,232.599945,135.184418
167.397156,70.537590,230.999069,137.916992
167.033203,73.745407,230.287460,140.755432
166.576096,74.909256,229.764801,141.849640
162.222641,74.943787,225.377380,141.848618
156.067413,73.248642,219.241302,140.173523
150.376663,71.721039,213.406296,138.494919
144.958420,69.340790,207.764542,135.880692
139.668610,64.142952,202.808014,131.037292
130.966629,59.587173,194.253250,126.635643
126.159935,57.967171,189.686279,125.270355
122.195435,57.755692,185.628586,124.959862
120.549042,59.360790,184.471817,127.085190
118.269028,63.657696,182.351929,131.552231
117.876030,69.580719,182.295776,137.827652
116.969635,74.542160,181.628845,143.043304
117.499863,76.334900,182.466675,145.162582
119.778709,75.199455,185.308136,144.624359
125.364922,76.024826,191.397644,145.983536
130.545746,75.603592,196.815353,145.809769
135.849731,73.381264,202.748154,144.253799
143.798386,71.746719,210.860413,142.792633
144.681000,71.252823,211.716141,142.270279
143.918503,70.376579,211.017578,141.461731
140.172958,69.358360,207.624908,140.817139
135.403641,69.572739,203.366791,141.572784
129.296219,69.474922,197.961914,142.229187
122.625710,70.890068,192.037262,144.433426
114.530182,70.850288,184.904663,145.411591
106.456062,69.266106,177.728287,144.775742
99.343193,65.608147,171.311157,141.852188
92.309822,59.908436,165.188538,137.126480
85.643677,54.326481,158.666641,131.698639
80.858521,51.182888,153.296036,127.937943
80.298691,50.578575,152.543610,127.130486
79.173180,52.094765,151.516769,128.750732
78.660942,57.972610,150.938980,134.559448
77.091644,65.083710,149.205093,141.496933
75.050323,70.318848,146.883713,146.436661
71.714043,73.921196,143.469757,149.955933
65.772995,75.562828,137.251495,151.301102
59.457306,74.720840,130.616516,150.122086
53.530357,73.057297,124.476234,148.233353
48.178162,68.699898,118.680634,143.401321
49.185474,65.003464,119.232216,139.223480
49.747437,61.081245,119.293861,134.772766
52.495281,61.011360,121.483917,134.113220
57.585720,61.778316,125.874359,134.129456
62.903080,66.016342,130.465561,137.599228
65.369194,69.928055,132.126846,140.658768
66.507530,72.793739,132.809525,143.041580
71.297722,74.756454,136.990723,144.358932
75.481247,77.198547,140.606308,146.198669
80.171402,77.817070,145.061859,146.568359
84.983643,74.802254,149.785355,143.459335
89.454346,70.037796,154.442062,138.892334
93.550987,61.352280,159.543533,131.273483
101.569977,53.976414,168.396133,124.781754
110.201607,49.380684,177.785858,120.989380
117.361732,49.698559,185.828705,122.241905
121.979012,54.256535,190.972137,127.356537
123.086464,57.362480,192.507904,130.921829
125.095673,59.420143,194.952820,133.440094
126.430450,60.053459,196.790131,134.611832
128.073471,61.627888,199.238876,137.037369
127.357002,61.438927,199.548676,137.931686
126.180801,59.730640,198.898392,136.778137
127.676231,57.483913,200.780075,134.944122
128.214035,55.684464,201.189072,133.008896
127.256523,52.835670,200.303696,130.237183
128.632172,52.578094,201.767349,130.072372
127.387169,54.560635,200.427307,131.954727
127.523468,55.545673,200.522247,132.896164
127.737289,57.388447,200.595078,134.588287
127.136879,58.002041,199.909332,135.110687
127.689644,58.463886,200.263245,135.360077
128.054977,58.620743,200.427490,135.304840
130.785965,57.835396,202.418732,133.739197
133.217484,54.027439,204.220795,129.266815
136.763428,49.427677,207.186142,124.054214
142.165344,47.021809,211.955734,120.980392
145.826248,46.933208,215.032837,120.274620
148.752457,53.420586,216.960938,125.706848
148.826767,61.150562,216.455109,132.823059
147.589172,67.649811,214.544937,138.610184
147.987869,72.459084,214.467529,142.914917
147.318558,74.419113,213.098755,144.133728
144.065308,70.700783,209.379745,139.921402
143.568207,64.848701,208.363480,133.518692
148.085052,59.967743,212.171341,127.885124
154.205658,56.989689,217.505417,124.084244
159.487473,59.376183,221.739197,125.357201
159.899704,62.282196,220.737122,126.781570
159.978226,67.335899,219.467407,130.398621
155.953918,70.369354,214.361160,132.278015
149.316559,72.727432,206.657516,133.515610
143.776703,72.787079,200.168930,132.577454
137.901535,72.623924,193.770569,131.863586
129.911285,68.234688,185.294449,126.953781
125.725662,64.248901,180.810181,122.653358
123.936371,58.380821,179.357162,117.139572
126.941780,56.692005,182.558029,115.656677
127.877625,58.718636,183.644699,117.842216
127.147690,60.966072,183.212769,120.408943
127.264175,63.737129,183.384766,123.238426
127.606438,66.278923,183.486008,125.526512
126.279083,67.073166,182.038513,126.192032
123.651192,68.400871,179.213593,127.308632
121.245880,69.088936,176.579407,127.755562
118.619156,66.496559,173.684006,124.880119
121.797417,62.869396,177.030853,121.430580
125.222580,60.990448,180.341736,119.431236
128.531403,59.727776,183.832031,118.359756
138.160431,63.988575,193.446014,122.604691
142.691849,67.262634,198.045456,125.950409
148.322495,67.338173,203.892715,126.254173
156.186127,64.638687,212.022278,123.834854
160.465897,62.843994,216.422775,122.169525
163.913452,60.807064,219.850647,120.111519
165.960175,60.243416,221.352173,118.963722
168.153000,59.668484,222.755173,117.556656
168.345551,56.147362,222.153046,113.197510
169.986298,53.140335,223.133698,109.481514
170.947098,51.869896,223.338333,107.412903
169.893005,51.965542,221.531891,106.713615
169.975815,54.083889,220.987961,108.169067
173.067673,61.188282,223.442062,114.598900
170.263626,68.254272,220.309097,121.316620
166.611938,72.689430,216.223846,125.292702
162.252853,74.795883,211.737961,127.264740
156.270767,74.397964,205.543777,126.641998
151.014938,70.941376,200.170731,123.061157
150.285416,66.813553,199.819534,119.334381
154.322952,61.131905,204.372086,114.198662
155.811264,60.306423,205.849777,113.361938
156.624771,62.354904,206.479080,115.215393
156.175247,66.143211,205.454391,118.394020
157.547318,70.468803,206.040024,121.886009
158.121048,73.489044,205.793106,124.035370
157.463806,75.501427,204.588684,125.466377
157.918289,78.353645,204.484055,127.736183
158.480713,80.446266,204.094513,128.816086
160.715485,80.847137,205.751709,128.601715
162.737305,76.321564,207.370605,123.655716
162.018173,72.648621,206.158066,119.456482
165.536407,72.109268,209.322723,118.547852
168.081009,75.713524,211.427872,121.682701
167.442841,80.316452,209.896332,125.351639
165.189041,83.661568,206.925156,127.929337
161.695038,85.790771,203.097351,129.700912
157.714310,86.484535,198.879654,130.146439
155.861679,85.915009,196.408096,128.928513
155.214325,84.769981,195.234314,127.218529
152.367035,82.317093,191.879181,124.233032
148.654144,80.342133,187.628662,121.693573
143.616730,78.345345,182.355499,119.442894
140.969437,77.340729,179.777878,118.513306
137.493195,72.727486,176.356720,113.959389
136.146103,66.096199,175.237442,107.573448
134.187088,65.770050,173.607895,107.593231
131.382919,69.896278,170.863968,111.782707
131.540100,72.218239,171.063324,114.148964
131.570923,73.214058,171.232605,115.290169
129.052185,76.545891,169.089172,119.025444
127.357063,78.667343,167.327286,121.076874
126.468056,79.215370,166.246841,121.419106
124.585159,78.935097,164.424591,121.204033
127.594406,77.602020,167.748444,120.209152
133.645859,77.868881,173.825867,120.503235
139.821335,78.356171,180.185791,121.183990
146.614609,78.596420,187.109833,121.561386
151.693359,78.265076,192.450851,121.505096
155.007812,77.798241,195.966385,121.254051
158.000000,77.000000,188.000000,109.000000
156.913773,79.624481,186.254837,110.923050
158.068436,78.996193,187.032181,109.892296
162.101990,76.400024,190.639832,106.840866
160.901077,75.736137,189.009048,105.717461
160.828415,75.916336,187.795303,104.717224
155.198395,74.069748,181.223206,101.858765
151.136581,72.691322,173.629379,96.817513
153.988708,74.710823,174.132843,96.284096
152.999817,79.562141,170.631287,98.503105
152.246750,82.607292,168.319656,99.903099
151.566071,85.856697,166.374237,101.813377
149.925003,86.993080,164.157974,102.336220
155.390793,89.193321,168.618301,103.463982
157.663086,90.162125,170.802734,104.338654
160.093170,90.744530,173.123505,104.803932
161.163635,92.008446,174.225433,106.101555
162.796280,92.626816,175.898514,106.763260
161.568726,91.848122,174.905975,106.236382
162.142654,91.655678,175.779861,106.365303
161.053024,91.605255,174.871323,106.508911
151.835541,89.691643,166.492523,105.493889
145.886902,87.612167,161.105560,104.013535
140.831604,86.362251,157.032318,103.807045
138.929047,86.449684,155.347198,104.124687
135.550583,84.923660,152.567795,103.232956
134.903214,84.774506,152.297714,103.482040
133.332001,83.185707,151.324188,102.524147
132.917664,82.485672,151.764313,102.773529
133.369476,79.849716,152.969177,100.969910
136.061447,78.470749,156.187119,100.169495
137.634949,76.646538,158.385162,98.999580
139.466187,76.130348,160.708221,99.022057
141.743607,75.494278,163.467789,98.890060
142.634521,74.944771,164.812439,98.835548
141.861588,75.465279,164.568558,99.908119
137.897827,74.927498,161.070618,99.876671
137.697617,73.182915,161.250137,98.527626
137.406631,71.077530,161.683212,97.206650
137.584366,69.917252,162.461990,96.695511
137.977478,68.482788,163.509644,95.967972
139.452347,67.249428,165.397781,95.179680
138.974991,65.559547,165.489670,94.102821
142.127518,63.605797,169.363297,92.923576
142.946106,61.496513,171.125183,91.824974
143.247772,59.995785,171.969055,90.903862
137.065536,56.884449,166.300278,88.341385
136.793198,55.991299,166.468430,87.918091
135.073959,57.205624,165.227554,89.642654
130.091278,57.905499,160.889252,91.028473
128.674179,60.256958,160.057846,94.022316
124.612411,58.409016,156.648209,92.867264
127.224098,59.262249,159.846817,94.342995
127.652260,56.320747,160.931168,92.117332
133.579620,54.132526,167.641556,90.758179
136.842911,49.375172,171.542999,86.675430
140.366348,46.455505,175.584503,84.318237
145.307907,46.659374,181.102325,85.130371
149.860901,48.476612,186.135361,87.467644
151.492111,49.910873,187.932190,89.076485
155.741730,50.620907,192.353317,89.971924
158.503143,49.273144,195.109604,88.618607
157.835007,44.840355,194.552216,84.305557
159.117905,41.822418,195.855988,81.310188
162.015121,40.216171,198.671051,79.615128
166.162628,40.576836,202.650467,79.794075
163.664398,44.268341,199.908310,83.221863
163.246277,50.338718,199.271103,89.061310
160.048233,54.920605,196.015930,93.582985
152.914474,58.259857,188.812988,96.847275
145.778229,60.328815,181.607681,98.841423
139.330795,60.819252,175.309235,99.493263
131.717758,58.555843,167.780396,97.321068
131.586731,59.252148,168.062454,98.452782
128.725067,56.523624,165.664597,96.225670
127.274361,51.943211,164.704208,92.175323
130.096115,52.693909,167.936218,93.368652
132.585312,54.238007,170.805756,95.323105
135.406509,54.556423,174.155365,96.210571
139.493652,56.848194,178.652115,98.943459
141.370926,59.591026,180.844299,102.024834
143.875336,62.646660,183.945267,105.721764
148.068665,65.573967,188.577774,109.120369
150.254288,66.558853,191.166443,110.537781
152.661819,63.743301,194.016388,108.197006
156.498016,54.032211,201.946487,102.872238
155.160461,51.853710,201.356125,101.489670
151.755981,44.168121,198.538925,94.428833
151.147125,39.214050,198.092575,89.651093
151.029510,34.619991,198.273972,85.381477
146.413727,28.693014,194.045883,79.866425
144.993988,31.572132,192.145554,82.224915
139.882782,35.895035,186.740616,86.235733
135.281815,38.338139,181.421173,87.899223
132.645264,38.759766,178.223495,87.723923
132.833893,40.154106,177.614334,88.268456
133.598450,40.876083,177.481445,88.013214
132.450638,42.740067,175.264572,88.710938
131.203506,43.851692,173.062027,88.800484
130.355682,44.006435,171.379791,88.061226
132.495529,41.895672,173.111252,85.512917
135.267410,43.477867,175.372818,86.547470
136.884186,47.054234,176.801300,89.921761
138.659546,51.742870,178.517609,94.546921
138.887100,56.661213,178.596848,99.305824
138.123642,60.332741,177.667404,102.798927
139.426239,63.026611,178.814972,105.326157
136.483047,61.714314,176.032272,104.186378
137.868530,54.871365,177.911682,97.874405
140.853973,45.848583,181.335175,89.321716
144.765335,40.345596,185.394272,83.977287
147.220062,43.402290,188.036041,87.234711
149.244690,48.045898,190.023102,91.838013
149.220520,53.100388,189.957062,96.847572
147.751617,55.158897,188.391785,98.802643
146.350342,56.815777,186.807709,100.263336
145.760376,58.464767,185.774323,101.436470
145.116638,59.760635,184.625092,102.202171
145.582809,57.581291,184.708450,99.611313
147.982986,57.718330,186.538254,99.135208
148.464676,58.335773,186.489792,99.181717
143.478592,56.986820,180.904861,97.203217
139.002655,57.973747,176.189240,97.931526
136.562393,58.976517,173.433456,98.602158
132.125305,58.889168,168.756866,98.255898
125.922562,58.035423,162.436996,97.275520
121.471596,56.772133,157.867874,95.884499
116.428978,55.983974,152.839844,95.112106
112.122772,55.905403,148.765091,95.283752
115.233398,55.254410,151.913437,94.673531
117.000000,56.000000,169.000000,111.000000
118.173592,51.093983,170.549637,106.491318
122.391190,51.450619,174.879257,106.966316
125.165794,55.947197,177.695328,111.506706
128.213257,62.222336,180.285965,117.299164
132.229401,67.390823,183.942215,122.087387
138.823425,68.685371,190.103500,122.924232
146.080917,66.196274,196.770599,119.810684
150.784943,62.288799,201.104874,115.511696
153.952530,57.640903,204.172333,110.757782
157.457565,54.538200,207.381897,107.342209
160.044891,51.716175,209.971634,104.522736
161.772644,50.703121,211.618729,103.424187
162.254700,51.766804,211.979752,104.359589
161.450806,52.880325,211.048569,105.338173
161.189194,54.666973,210.834625,107.175354
160.856979,57.160496,210.493469,109.659386
156.674362,59.639626,206.472076,112.309418
153.665253,60.462910,203.704330,113.388542
153.317627,60.048126,204.113388,113.760124
149.519470,59.482700,200.862930,113.774628
149.968246,56.890621,201.321320,111.192726
149.571732,54.791611,201.378052,109.573105
149.098389,54.171898,201.631973,109.722618
148.433762,55.205307,201.735840,111.568039
148.204041,55.643162,201.929825,112.453148
148.114227,56.541138,202.132828,113.660194
150.502594,57.386295,204.581589,114.569054
153.336273,58.529453,207.006821,115.281471
153.798721,58.888905,206.949585,115.092384
153.207092,60.170761,205.783554,115.767929
155.292145,61.672829,207.367111,116.740105
153.551727,64.188728,205.195389,118.800270
148.909821,69.354637,200.028183,123.410576
149.060654,74.103539,200.010254,127.980972
150.520676,77.564735,201.291107,131.252472
150.513931,81.292023,201.244507,134.937576
147.736725,83.224045,198.469315,136.871735
144.287567,81.679230,195.160995,135.476028
144.728119,79.099937,195.755325,133.059570
146.562027,77.565155,197.811737,131.755844
143.799484,75.164886,195.184113,129.498306
145.331512,71.238960,196.848007,125.711845
148.018402,70.133423,199.738174,124.821304
150.936127,70.547943,202.521286,125.093445
154.810043,71.402855,206.235138,125.779045
158.072433,72.249504,209.244415,126.357979
159.656601,72.788452,210.469116,126.516708
162.612656,73.043060,213.278931,126.616486
164.686203,71.961617,215.222351,125.397270
165.109818,67.640121,215.547791,120.971817
164.489777,65.874428,214.906204,119.183296
161.150711,63.864342,211.443817,117.042641
156.894958,60.995514,207.460403,114.462173
152.305725,61.646812,202.967300,115.215263
146.699387,64.755753,197.530151,118.503342
141.764969,67.390236,192.697968,121.246071
137.099808,68.797081,188.086670,122.709953
133.903961,70.900063,184.808945,124.726234
129.111435,72.095901,180.038544,125.945496
124.780792,72.664856,175.562912,126.360931
124.784554,72.808006,175.097214,126.006996
121.541878,70.282669,171.645706,123.260544
122.477669,66.008713,172.269577,118.662430
125.192253,64.733498,174.739044,117.127388
127.707787,66.560959,176.710693,118.378326
129.937897,71.199326,178.540604,122.600479
133.997101,75.817383,182.094009,126.681763
139.953522,81.495132,187.303421,131.582016
145.027985,85.172943,191.801102,134.646988
150.924957,85.347244,197.346725,134.447525
154.092255,83.514763,200.371658,132.463593
160.400314,80.321625,206.882324,129.481689
167.406830,78.010429,213.874619,127.155373
170.844421,78.879631,217.397202,128.114990
173.981628,81.687424,220.211716,130.579483
176.326706,85.925377,222.049866,134.288940
176.836090,88.976440,222.088791,136.838867
174.510223,90.228783,219.529221,137.847336
170.831146,89.259331,215.689346,136.710098
166.401123,87.305817,211.099472,134.586075
164.709030,84.776344,209.314026,131.957031
162.873550,84.823624,207.431671,131.954315
159.373734,85.344742,204.010529,132.559357
158.241302,84.739174,202.614548,131.672668
159.141586,83.897034,203.753357,131.079636
157.422485,83.978439,202.236862,131.377167
155.336411,84.904182,200.509064,132.685059
152.749191,85.397720,198.160858,133.428009
150.018219,85.158905,195.627731,133.399948
149.152725,85.005081,194.758911,133.242584
148.677353,85.152489,194.369995,133.482101
148.258591,85.072487,193.826691,133.269409
148.410934,83.239281,193.839752,131.287827
150.188431,81.349144,195.545898,129.321686
152.226501,80.371475,197.655441,128.418579
155.353943,79.756767,200.955460,127.987694
160.534607,81.405800,206.383926,129.900696
165.681671,83.828720,211.759842,132.567383
169.223282,86.821655,215.603271,135.874985
171.309311,88.931702,218.069763,138.389786
173.100311,90.357735,220.311111,140.294907
174.774048,90.151649,222.386627,140.507339
177.061707,88.293175,224.984070,138.977997
177.912613,85.675476,226.254410,136.805954
177.572647,84.220200,225.985458,135.426056
177.686874,83.480431,225.977066,134.556183
176.765869,82.861206,225.040741,133.920700
178.055634,81.811020,226.130280,132.658020
178.335480,77.723717,226.279694,128.434967
182.007065,74.708267,230.184280,125.667076
184.644333,75.757080,233.161942,127.070183
184.126541,78.877068,232.507431,130.045074
185.465836,82.092514,233.682541,133.086273
188.303192,84.628624,236.118652,135.204773
187.646774,86.046967,235.215591,136.361053
185.827072,85.819511,233.495956,136.239929
183.816498,85.794670,231.786377,136.534882
181.087753,84.574921,229.346054,135.621582
178.021454,83.266487,226.535217,134.584259
172.741333,81.349388,221.523804,132.952347
170.512131,80.901031,219.904831,133.151581
170.491760,82.355652,220.138458,134.875458
169.498413,82.742340,219.251862,135.375305
167.765976,82.793724,217.819321,135.744583
166.620544,81.075974,217.058533,134.426575
162.465256,78.023376,213.760239,132.281387
159.034546,74.570595,210.247589,128.741943
158.453659,70.982430,209.670059,125.157333
157.985260,68.358498,209.213898,122.546341
154.025299,66.542450,205.081940,120.548363
160.642212,65.904175,211.483185,119.681984
164.085938,67.394081,214.746094,120.980423
168.722824,70.474823,219.198868,123.866219
172.492996,73.726334,222.779678,126.917213
173.666656,74.536469,223.914886,127.686623
176.502335,74.219116,226.837631,127.461449
178.658783,73.942696,228.970032,127.159561
177.620941,73.607361,227.898956,126.789055
174.536102,73.089020,224.556549,125.998009
172.373306,70.788170,222.278458,123.577347
172.758057,68.387482,223.004089,121.538002
170.210175,68.958824,220.375854,122.024246
166.952591,71.579857,217.070114,124.594284
166.283340,75.327110,216.341537,128.278732
164.340775,78.854332,214.190933,131.589767
162.005630,80.259857,211.881699,133.022766
156.768570,78.425644,206.692123,131.238892
150.733749,76.237183,200.725571,129.122803
148.947205,74.288673,198.801117,127.028099
145.859146,72.514481,195.653793,125.191071
142.920929,71.343590,192.555389,123.850380
141.816101,70.660912,191.348785,123.059837
138.993225,71.172478,188.172455,123.196754
138.057236,71.898811,186.944107,123.613197
138.425018,74.176430,186.903259,125.457176
139.958801,75.042656,188.236603,126.110695
143.221146,74.835411,191.449844,125.851357
147.566925,74.485229,195.733276,125.435028
152.650696,75.046181,200.574646,125.743675
157.888321,74.885994,205.912582,125.690071
162.380630,73.483971,210.369339,124.251060
164.544891,72.996574,212.146545,123.352440
167.875748,71.520477,215.317490,121.706451
169.933029,72.189430,217.195938,122.185402
171.526947,75.019249,218.610260,124.828133
171.390060,78.974686,218.266434,128.568024
170.709930,82.423119,217.456909,131.878815
168.857544,85.331070,215.452301,134.624847
166.906799,87.664719,213.327881,136.773743
165.298279,88.807564,211.721344,137.918686
162.709137,88.753761,209.014069,137.739182
157.899139,85.198486,204.188873,134.168060
157.371384,80.997093,204.031418,130.352722
152.754929,79.102310,199.774826,128.840775
149.776825,79.617241,196.827759,129.388046
144.755386,82.934601,191.825272,132.725143
142.567017,84.585876,189.778137,134.523544
141.787903,84.271667,189.422516,134.650467
140.540939,81.986427,188.477585,132.686157
138.157669,81.435173,186.481308,132.546066
137.392639,80.942238,186.177734,132.542831
135.287857,80.568565,184.495804,132.617889
132.356796,79.618187,181.900803,132.023712
130.085953,79.291016,179.789749,131.865921
127.577019,78.581001,177.318039,131.195358
124.452217,76.537086,174.374786,129.343887
