162.000000,92.000000,214.000000,147.000000
161.553726,92.568230,213.493607,147.504700
159.658737,96.210281,211.067001,150.584457
156.552231,99.286285,207.686111,153.370239
154.075104,100.009201,204.359406,153.194565
151.483185,99.092010,200.542236,150.980042
150.131577,94.997108,198.911270,146.594589
149.390915,90.614204,197.211197,141.193527
148.541641,87.583168,195.942398,137.716751
148.231476,87.049927,195.632904,137.184219
145.172943,86.806000,192.811432,137.192169
138.773682,86.750374,187.001648,137.762878
133.553314,89.830803,181.740448,140.799973
127.292206,91.896935,175.911072,143.315460
123.144150,91.376244,171.995621,143.041611
122.390274,88.757538,171.576431,140.778076
122.483620,85.880577,171.960785,138.209579
124.790543,85.032982,174.459396,137.565170
127.350075,85.593575,177.728653,138.878082
129.815720,86.576530,179.973755,139.627518
131.713898,89.846375,181.719345,142.735794
131.446152,92.762695,181.425293,145.624771
131.283844,93.915535,181.296432,146.813034
132.203217,94.352669,182.441452,147.484665
132.727585,96.115211,182.806244,149.078232
134.075455,97.516800,183.586029,149.889465
133.678391,96.090561,183.290741,148.571121
135.317215,91.740768,184.873535,144.161911
138.351639,86.651939,187.779205,138.936615
143.175919,81.013863,193.485809,134.233810
148.095123,77.698807,198.071487,130.565613
151.604813,76.203659,201.939819,129.450638
155.600204,75.440094,206.026001,128.783203
159.658875,75.372047,210.028702,128.655884
162.593216,77.712860,212.756042,130.777527
163.788986,80.865028,213.407227,133.353073
162.967133,82.001350,212.025589,133.896042
161.558807,80.507416,210.672531,132.459595
159.525879,77.412720,208.800797,129.532562
155.656479,74.636986,205.243683,127.087868
152.026428,72.745842,201.949600,125.552864
148.246552,74.139557,198.342606,127.129822
141.693375,78.806320,192.012512,132.028427
135.234070,82.952118,185.682907,136.311554
130.717377,84.898682,181.918686,139.054871
126.339508,83.937500,178.647537,139.264267
123.329292,83.656876,175.856522,139.215240
121.664131,83.969322,174.818405,140.190216
120.119530,84.020599,173.124420,140.083817
119.995300,81.882729,173.093094,138.044006
121.058640,76.219139,173.919647,132.130478
122.917999,72.104996,175.801071,128.039642
126.330681,70.918159,179.485031,127.139442
129.694946,72.905487,182.624374,128.889343
131.305969,77.395775,183.773758,132.891861
133.561295,82.906982,185.715576,138.071823
136.829895,87.668671,188.780716,142.618546
140.281891,91.210083,192.501175,146.443893
142.864594,92.626755,195.095261,147.872589
145.184845,90.095787,197.895340,145.848618
149.327560,84.896721,202.397247,141.029068
152.649704,77.910347,206.564606,134.934860
156.491669,73.082191,210.674088,130.394028
156.937332,69.873451,211.693756,127.790604
158.537048,70.012978,213.406723,128.049576
158.376511,76.336868,212.702820,133.790588
154.990189,81.685951,208.684418,138.473114
153.307388,83.238411,206.520538,139.517761
151.360352,85.532112,204.081497,141.292130
151.506683,86.994568,203.487869,141.972717
148.994949,86.518456,200.575775,141.073151
149.098557,83.527267,200.380798,137.766144
150.525665,80.341469,201.582718,134.342148
150.941711,80.795799,201.948593,134.743423
151.224869,85.842438,201.726074,139.264923
149.388794,90.913910,199.353928,143.768799
147.549042,91.610901,197.478134,144.427582
146.558899,91.604454,196.454819,144.385986
145.510925,92.608070,195.402359,145.384872
144.276138,93.942612,194.328125,146.889603
142.228195,93.587486,192.039581,146.284439
138.364975,90.717796,188.183380,143.422165
134.604004,87.819801,183.806686,139.871521
133.356918,84.908813,182.829681,137.246826
134.642532,84.067604,183.758911,136.027847
133.014755,89.238968,181.623169,140.670944
132.131134,94.607361,180.493149,145.777863
133.083023,98.392799,181.089142,149.185608
134.293152,101.992027,182.496017,152.989609
136.403610,105.355682,184.823303,156.578934
139.303009,104.890862,188.297806,156.724411
140.580002,98.480888,190.223663,151.003036
144.296341,88.638306,194.663910,141.927811
147.375778,81.737846,198.828949,136.176804
152.301697,77.682007,204.171341,132.561462
156.233871,75.826447,208.642029,131.275482
157.412659,78.466354,209.696182,133.783707
158.940353,81.539597,211.048828,136.671997
160.899582,83.096077,212.829071,138.039352
162.882568,83.877762,214.463364,138.452225
164.066193,84.851173,215.060349,138.805145
164.400421,84.324097,214.834000,137.684525
164.352051,84.350151,214.054855,136.936813
164.488251,83.743919,214.058945,136.190552
162.976410,83.567635,211.901901,135.330338
161.852921,82.318481,210.359222,133.636337
161.099167,83.907516,209.475769,135.087738
157.108505,88.865501,205.075958,139.611511
153.318756,90.967758,201.328354,141.758530
150.099762,90.887314,198.084549,141.652237
146.535263,93.292381,194.608063,144.150818
142.051239,95.920830,190.079514,146.732941
137.936127,93.848541,186.464706,145.181381
137.993042,89.839165,186.878799,141.551056
139.265213,87.117447,188.239532,138.923325
140.130447,86.468430,189.576233,138.774643
140.007172,86.421402,189.294266,138.559402
140.435379,87.033104,189.664886,139.110077
139.027100,87.694397,188.320694,139.839310
139.927322,89.545532,189.534973,142.023346
141.087708,92.092690,191.129288,145.030472
141.616180,93.263237,192.245224,146.811523
143.443619,91.996269,194.688721,146.196854
146.229080,88.899315,198.352936,144.029343
147.986252,85.803329,201.156891,142.039383
150.783707,83.156158,204.762360,140.245117
154.976974,80.778915,209.747314,138.718201
159.685379,78.735397,215.118835,137.373962
163.714188,77.910210,219.714386,137.145874
165.856247,78.152924,222.300995,137.856537
167.239578,80.339783,223.427399,139.772949
168.385956,81.346519,224.655960,140.866196
169.015305,81.438904,225.173431,140.840805
169.416809,80.812897,225.375717,140.005081
167.785660,80.216644,223.419037,139.060059
166.735870,78.644585,221.953690,137.050201
166.458664,76.909363,220.822510,134.415253
168.581360,73.514908,222.347427,130.390396
170.679352,71.415375,224.144455,127.973183
169.963440,70.248009,222.874557,126.221069
167.849548,69.745667,220.495865,125.438927
163.360443,69.213287,216.076462,124.980186
161.298813,70.641159,214.061310,126.457176
157.549637,72.731270,210.350525,128.587845
153.751709,74.717285,206.461807,130.477936
149.927963,75.358780,202.284973,130.746368
147.859848,74.037712,199.845337,129.032745
145.918060,69.997711,197.859879,124.946571
144.119080,65.507820,195.635269,120.006516
142.262085,62.854225,193.537338,117.098099
142.123672,61.638363,193.598358,116.093163
139.384766,61.513916,191.268784,116.401672
139.832535,62.803959,191.799438,117.779381
139.422729,65.256622,191.996414,120.873825
138.928680,70.452179,191.768326,126.350388
139.433640,75.121925,192.550262,131.312805
140.025116,77.411903,193.485947,133.966125
140.141068,76.048523,194.475250,133.524628
141.480591,73.423355,196.812027,131.951096
141.164337,69.480530,197.756699,129.336761
140.337311,65.449089,197.988022,126.419395
141.658386,61.444790,200.221512,123.374702
141.471237,57.880646,200.660614,120.468651
141.541245,56.650021,201.174744,119.704338
139.734207,57.566422,199.270752,120.517303
138.035995,59.504814,197.059814,121.917320
136.480911,62.575058,195.056549,124.516968
135.622101,66.860275,193.679672,128.257767
135.130280,70.687935,192.782486,131.659454
135.213745,73.597931,192.210434,133.880035
136.403275,75.179359,192.667084,134.677139
135.331039,73.573158,190.986176,132.430222
136.210342,69.675209,191.453003,128.097672
136.714981,65.612701,191.418762,123.467415
136.234116,62.284695,190.295349,119.461815
135.371429,60.148327,188.596115,116.443260
135.135803,58.829456,187.630569,114.353928
134.388077,59.351318,186.282440,114.241394
136.025269,61.963387,187.430496,116.336113
138.145370,65.067490,189.069550,118.931427
140.074982,66.499466,190.857925,120.213852
139.851913,68.914131,190.397369,122.377052
138.685135,71.950195,189.111420,125.286942
135.524979,73.736038,185.919098,127.038727
132.513199,75.461021,182.933716,128.791656
129.209793,75.807625,179.472839,128.971512
125.450897,73.886864,175.575455,126.904129
123.961411,72.028824,174.074615,125.034081
121.501701,70.275574,171.417068,123.071358
118.776840,69.008873,168.737549,121.852707
115.770508,69.136086,165.554977,121.793106
115.977608,69.120148,165.505219,121.504906
116.818390,69.953735,166.435394,122.433266
118.782906,70.049988,168.276886,122.399117
122.645409,68.388939,172.289627,120.897308
126.812073,63.733696,176.726944,116.528961
130.832489,59.736698,180.972946,112.771088
131.470276,57.059723,181.822464,110.318306
132.083725,51.607712,182.639343,105.081703
137.923172,53.365112,188.239624,106.585854
143.336868,56.883686,194.026794,110.499886
145.852570,60.716221,196.605057,114.398659
150.628937,62.232700,201.494431,116.034798
154.799072,64.412659,205.832047,118.392097
156.797516,63.828293,207.906082,117.886238
159.596863,64.305481,210.814987,118.479301
160.726837,65.152893,212.020432,119.406532
162.122620,68.081467,213.345657,122.260475
164.686569,71.531708,216.192291,126.009712
166.044724,73.584526,217.808289,128.335236
167.544266,74.840927,219.969818,130.291824
168.314850,75.263237,221.631760,131.655945
167.778152,75.960831,222.002777,133.311676
165.034714,75.039299,220.285919,133.472717
159.448578,72.900574,215.637833,132.322311
155.262070,74.024483,212.402527,134.447510
150.249405,73.156044,208.363495,134.603058
145.525574,72.777870,204.341629,134.962555
139.254578,71.419197,199.076797,134.678268
137.013031,69.922501,197.888809,134.305374
134.232925,68.945335,196.000092,134.278061
131.453156,68.142441,194.162521,134.478134
131.795807,69.310402,195.294022,136.485031
133.668030,72.872894,197.873016,140.798477
135.336838,75.712860,200.287918,144.418976
139.818481,77.574501,205.456757,147.010101
144.116653,78.603188,210.065536,148.368225
149.082977,78.653564,215.550842,148.969040
154.513626,78.575974,221.223648,149.148056
159.656616,77.746513,226.317810,148.266861
163.593307,78.036644,229.869186,148.148666
166.792801,77.503784,232.270828,146.770309
169.915314,76.755814,234.332825,144.897552
172.511627,77.242363,235.985260,144.382141
173.113693,80.135139,235.618607,146.245651
171.049957,82.806305,232.388031,147.675888
170.455246,85.648201,230.791306,149.467300
168.767899,88.105148,228.198593,150.974365
167.833786,88.805122,226.340714,150.704376
167.687561,89.724586,225.428284,150.818665
168.333771,89.537338,225.393341,149.903275
169.106140,89.128975,225.609039,148.909439
170.200165,87.961227,226.344666,147.364441
173.479935,87.155342,229.577103,146.508743
175.591492,87.027290,231.790802,146.488205
176.532059,87.105751,232.877548,146.720551
179.463684,89.169312,236.177399,149.171707
179.236755,90.814041,236.480652,151.383820
179.494125,91.791687,237.593887,153.261612
179.045044,91.601730,238.091309,154.066284
177.479721,91.074699,237.286728,154.338013
172.984299,88.184982,233.523300,152.229095
169.411880,83.167747,230.904373,148.227890
167.678635,79.978279,229.819962,145.729095
165.137131,76.744225,227.581100,142.812088
164.223953,73.727798,226.513748,139.631699
162.127670,70.530708,224.214493,136.221970
162.477249,68.759132,224.648300,134.538635
162.387070,69.188332,224.607315,135.019379
162.511444,73.010406,224.777588,138.889557
161.063400,80.104561,223.465561,146.126190
161.320358,86.145760,223.887070,152.342392
163.400330,89.302414,226.149017,155.692596
165.166977,88.388336,228.349258,155.239639
167.235870,84.648399,230.878052,151.981171
169.461517,78.606201,233.747192,146.622681
170.796677,73.432999,235.188583,141.562241
173.025452,70.288673,237.490906,138.495987
173.100723,68.439156,237.427780,136.499573
172.444000,66.214920,236.577454,134.069809
171.111191,65.824387,234.798172,133.212204
170.286346,69.312370,233.400299,136.091354
169.121399,72.545708,231.833160,138.903671
168.632553,75.723671,231.105301,141.827454
168.122345,76.828224,230.581055,142.917068
163.676178,76.744087,226.211395,142.914291
157.443130,75.214058,219.964157,141.369186
151.637741,73.687424,214.156113,139.839752
146.149780,71.328651,208.478119,137.278885
140.749176,66.139862,203.369965,132.396484
132.051804,61.441174,194.851151,127.887688
127.203659,59.756542,190.254349,126.470360
123.099411,59.488293,186.253616,126.310478
121.624352,61.240303,185.093109,128.391800
119.322693,65.591736,182.898926,132.857422
118.992035,71.519295,182.919067,139.157700
118.164871,76.469589,182.348648,144.380783
118.762459,78.245247,183.227585,146.450790
121.321907,77.186722,186.144424,145.771667
126.951759,78.011314,192.297440,147.151611
132.136459,77.320213,197.660812,146.650024
137.554611,75.315910,203.501358,145.093719
145.576248,73.730835,211.604660,143.595245
146.597473,73.300499,212.542206,143.077499
145.722885,72.492088,211.702530,142.306122
142.044846,71.599442,208.161392,141.558685
137.299332,71.841507,203.799942,142.201996
131.195847,71.790375,198.268997,142.757584
124.494926,73.308525,192.104675,144.836014
116.118439,73.221710,184.619949,145.693420
108.066727,71.653244,177.391663,144.996109
100.977562,68.012825,170.954514,142.044952
94.003578,62.389858,164.660675,137.150711
87.363358,56.662384,158.215515,131.629288
82.468254,53.412525,152.792465,127.821747
81.834389,52.749672,151.993500,126.984489
107.000000,134.000000,137.000000,166.000000
106.542282,139.519608,136.586380,171.566574
105.441223,145.717987,134.917343,177.160339
103.565575,150.356949,132.783508,181.523911
100.238304,153.003784,129.525314,184.244415
94.034790,154.467041,122.822105,185.174652
87.618980,153.904144,116.193771,184.384552
81.768410,152.189331,110.399506,182.729919
76.263481,146.963440,105.590820,178.248291
76.553284,142.109756,106.574104,174.134323
76.638489,137.005707,107.027596,169.422333
79.891144,136.518463,109.754189,168.375092
85.352722,136.206940,114.523567,167.325226
91.030571,140.115616,119.067047,170.023911
93.534172,143.183731,120.971527,172.472244
94.768250,145.528564,121.562798,174.128357
99.568893,146.986404,125.210655,174.348007
103.082207,149.497604,127.993324,176.072372
107.403206,151.018524,131.016846,176.191986
111.630249,147.952499,135.127747,173.000137
115.719513,142.940903,139.669647,168.478897
119.136063,135.686600,143.061539,161.197891
126.212418,128.864868,150.842606,155.139587
134.706207,124.709579,159.923492,151.618362
142.218628,126.370102,167.409241,153.251205
147.189606,131.992035,172.088104,158.569794
148.888336,135.688370,173.596558,162.060623
151.854462,138.018707,176.605286,164.436981
153.789032,138.898407,179.090424,165.911285
155.953278,141.354050,181.401459,168.525009
155.684464,142.268631,181.381882,169.707993
154.905945,141.273285,180.491425,168.592102
156.769821,139.514618,182.081863,166.538971
157.576721,137.526276,182.565948,164.202972
156.678604,134.568100,181.384659,160.938980
158.398987,134.551895,182.745514,160.534500
156.928833,136.648438,181.444336,162.806793
156.324844,137.776840,181.058517,164.170792
155.381546,139.517014,180.273209,166.081589
153.310181,139.950882,178.492981,166.829880
152.695053,140.003174,178.259598,167.278595
152.407257,139.938812,177.777191,167.004639
154.914841,138.282944,179.750198,164.773056
156.942459,133.529434,181.462479,159.678970
160.278656,127.893616,184.408112,153.621338
165.522125,124.289627,189.744659,150.114151
169.309021,122.976471,193.270081,148.529053
171.900757,128.017899,195.686798,153.380875
171.555649,134.960724,194.983658,159.935822
169.971680,140.319199,193.176880,165.062180
170.127853,144.084351,193.536880,169.039642
169.403198,145.256683,192.778442,170.176788
166.574081,140.931274,189.766861,165.661285
166.734360,134.523254,189.845779,159.168518
171.516922,128.671967,194.302444,152.977753
152.000000,58.000000,214.000000,124.000000
157.300400,60.301090,218.395248,125.338455
157.798904,63.240707,217.395065,126.682693
157.934036,68.206932,216.227005,130.258850
153.932587,71.091812,211.072479,131.912491
147.318237,73.333298,203.379669,133.019730
141.689453,73.180069,196.883850,131.953842
135.773209,73.002861,190.414139,131.193512
127.826263,68.453941,181.914062,126.051224
123.602745,64.420128,177.497375,121.813705
122.118980,58.589172,176.174957,116.156044
125.193420,56.821259,179.474976,114.626015
126.079155,58.789696,180.574280,116.819672
125.357979,60.965137,180.037857,119.193298
125.515404,63.759544,180.248810,122.045120
125.866730,66.370880,180.338516,124.375816
124.523972,67.108643,178.854065,124.961586
121.938316,68.411751,176.043213,126.027206
119.504845,69.143631,173.430176,126.569725
116.818245,66.556755,170.576248,123.803131
119.991760,62.935783,173.915695,120.360382
123.386627,61.091148,177.174362,118.369461
126.740929,59.779163,180.791550,117.339836
136.254272,64.148193,190.408585,121.818207
140.690552,67.440559,194.926224,125.196373
146.384857,67.482330,200.862381,125.493179
154.189880,64.727608,208.996170,123.091118
158.519241,62.907944,213.451477,121.406540
162.029938,60.919876,216.892166,119.343384
164.102478,60.346596,218.344254,118.104515
166.183426,59.794277,219.601959,116.684059
166.300934,56.267342,219.032028,112.431496
168.015854,53.261646,220.058868,108.685776
168.982834,51.996246,220.284698,106.637268
167.902267,52.126080,218.432678,105.951149
168.056015,54.044018,217.931854,107.176018
171.184280,61.219593,220.458008,113.701324
168.485428,68.333900,217.297455,120.326241
164.836670,72.873901,213.145432,124.332153
160.421783,75.280685,208.554214,126.551804
154.204178,75.143242,201.909393,125.960976
148.910522,71.917717,196.154037,122.244896
147.971695,67.698524,195.801422,118.648567
152.043640,62.245449,200.169571,113.510216
153.485992,61.526402,201.583298,112.760788
154.350433,63.603977,202.239731,114.617615
153.935913,67.433975,201.207199,117.778091
155.316223,71.926208,201.724304,121.353165
155.938232,74.915977,201.706604,123.662392
155.316040,77.040634,200.368378,125.024307
155.817459,80.007751,200.170151,127.261353
156.349716,82.025993,199.777176,128.292679
158.586395,82.403099,201.344055,127.954330
160.620499,77.885590,202.886093,122.910423
159.877243,74.148865,201.664810,118.662331
163.428864,73.590355,204.831635,117.691544
166.046585,77.231529,207.010391,120.862381
165.426086,81.615738,205.591461,124.389732
163.326782,84.843338,202.708313,126.795265
159.771744,86.897484,198.884567,128.567276
155.890793,87.693382,194.605789,128.945450
154.165207,86.982849,192.291306,127.600700
153.500595,85.786812,191.058365,125.807190
150.726486,83.248886,187.752487,122.695518
147.181503,81.350494,183.462753,120.013191
142.100357,79.370758,178.026779,117.659439
139.460144,78.345543,175.436829,116.688683
135.963287,73.852638,171.830597,112.077293
134.559601,67.198112,170.776306,105.801292
132.730118,66.827873,169.182236,105.679176
130.040558,71.042877,166.386414,109.782181
130.250320,73.389458,166.564133,112.094978
130.324081,74.329659,166.814896,113.221764
127.547852,77.487572,164.766907,117.147270
125.703812,79.506111,162.877274,119.117805
124.860672,80.045609,161.722946,119.329727
122.923851,79.686234,160.018204,119.221237
126.077400,78.432167,163.296356,118.098320
132.068939,78.675499,169.357605,118.415031
138.395966,79.270897,175.652252,118.976341
145.102737,79.524277,182.548630,119.429291
150.411407,79.278214,187.878296,119.205338
153.810043,78.887085,191.339432,118.879990
155.482758,80.684143,192.886932,120.545258
154.193497,83.115303,191.075333,122.426582
155.343796,82.599129,191.549393,121.179344
159.363663,80.032906,195.146988,118.168007
158.023987,79.369949,193.269897,116.922852
157.476151,79.516731,191.716354,116.008064
152.585342,78.017967,185.180771,112.770531
148.103683,74.891663,178.855148,107.688507
150.296677,76.234352,179.211472,107.076027
148.994766,80.334709,176.184067,109.331886
148.455261,83.340759,174.142792,110.782516
147.795929,86.357002,172.402100,112.634209
146.762238,87.424957,170.513367,112.778702
152.026962,89.216988,174.976547,113.702385
154.205154,90.221909,176.842484,114.367905
156.642303,91.045891,178.709198,114.571861
157.877563,92.466553,179.701935,115.739441
159.798599,92.994530,181.576065,116.216255
158.898315,92.255989,180.797485,115.610497
159.443222,92.035469,181.687332,115.766273
158.381042,91.929802,180.949799,115.999367
149.055389,89.870926,172.834106,115.255646
142.859085,87.720741,167.244553,113.762779
137.080872,86.397011,162.643066,113.709923
134.852463,86.306007,161.067245,114.321724
131.239838,84.676880,158.415558,113.724701
130.250961,84.254761,158.415421,114.361954
128.476105,82.458870,157.673828,113.670570
128.414413,81.502831,158.768417,113.947884
129.575150,78.472351,161.011765,112.069870
132.161102,76.742561,164.549316,111.351143
133.712814,74.786873,167.125381,110.481895
135.572617,74.123886,169.801834,110.683609
137.879822,73.383675,172.854675,110.731651
138.660217,72.811707,174.373596,110.961517
137.786575,73.410027,174.150040,112.264091
133.753342,72.886749,170.923203,112.590790
133.457703,71.010841,171.337036,111.461693
133.305115,68.996277,172.026154,110.355286
133.677780,67.933609,172.985367,109.924286
134.137497,66.653503,174.110519,109.342880
135.629120,65.502617,176.017670,108.638695
135.210587,63.998978,176.062668,107.632507
138.498779,62.306622,180.064941,106.706490
139.635773,60.324085,182.109741,105.696609
140.160904,58.847725,183.234634,104.861862
133.439270,55.425091,177.613342,102.614594
132.963409,54.420059,177.931030,102.456009
131.170822,55.583740,176.635056,104.160461
125.995422,56.131229,172.447021,105.759712
124.745781,58.435043,171.927292,108.840027
120.427383,56.610558,168.591232,108.059273
122.956268,57.391331,172.008057,109.782356
123.140701,54.519279,173.260574,108.042473
129.018951,52.401020,180.064758,106.904602
131.916992,47.644703,184.092560,103.343231
135.106445,44.518143,188.434357,101.434235
139.991074,44.733456,194.119553,102.494583
144.462036,46.560215,199.181000,104.944038
146.152435,48.007462,201.037018,106.568954
150.488388,48.708439,205.478653,107.383293
153.115433,47.380325,208.156570,106.109764
152.512177,42.981384,207.553436,101.710960
153.771652,39.928173,208.762497,98.604645
156.740936,38.384499,211.494293,96.806198
160.812805,38.785923,215.381042,97.009048
158.396347,42.536289,212.518478,100.280853
157.959732,48.672832,211.711472,106.026817
154.871964,53.402992,208.312698,110.422928
147.777298,56.698711,200.990433,113.474182
140.619308,58.679272,193.814529,115.435822
134.195557,59.196827,187.526245,116.096382
126.548477,56.882881,180.056564,113.969696
126.444450,57.603516,180.385849,115.155739
123.425476,54.975048,177.905624,113.105919
121.983124,50.411060,177.054428,109.176086
124.910690,51.160606,180.287262,110.247246
127.454887,52.766239,183.199188,112.246872
130.138550,53.194504,186.321701,113.145309
134.271072,55.458473,190.892639,115.870781
136.148087,58.119041,193.243774,119.038734
138.551605,61.362946,196.029678,122.684814
142.713593,64.163780,200.915451,126.259361
144.795334,65.230606,203.665558,128.039856
146.813095,62.310963,206.627960,126.128891
149.995621,52.716179,215.173523,122.254684
149.011780,50.630707,214.855240,120.875114
145.603561,43.010483,211.840942,113.678642
145.163895,38.100010,211.436096,108.805069
144.826096,33.592220,211.365570,104.580498
140.252869,27.726986,207.087875,99.028419
138.909149,30.459549,205.262985,101.243919
133.849106,34.771076,199.628845,104.947083
129.097351,37.079330,194.286148,106.619614
126.548599,37.519032,191.133331,106.418640
126.836746,38.865467,190.522705,106.810997
127.406189,39.587112,190.071060,106.447739
126.149513,41.334053,187.696350,107.005669
124.986847,42.493778,185.391083,106.949081
124.118996,42.641644,183.504974,106.011917
126.360802,40.634087,185.097092,103.311348
129.138596,42.078796,187.321381,104.165039
130.719086,45.648518,188.624435,107.438522
132.552872,50.382217,190.277313,111.978836
132.732376,55.161884,190.570740,116.880295
131.822693,58.639977,189.768021,120.472725
132.881241,61.223270,190.999207,123.240562
129.794724,59.918171,188.195709,122.237679
130.982452,53.367657,190.023270,116.370361
133.390320,44.426292,193.361343,108.421204
137.003342,38.888630,197.538788,103.485573
139.474747,42.016884,200.130096,106.741585
141.494644,46.823280,202.098022,111.492607
141.479462,51.838394,201.920853,116.335098
140.051834,54.054813,200.293274,118.338440
138.751205,55.825573,198.789185,119.892403
138.369980,57.545155,197.842682,121.009644
137.730698,58.835213,196.500122,121.549553
138.232498,56.645214,196.457336,118.778038
140.667938,56.846046,198.080978,118.112045
141.331024,57.679295,197.875320,118.016632
136.290237,56.238895,192.204559,115.902039
132.061020,57.384766,187.351013,116.378967
129.607132,58.466488,184.410553,116.948036
125.219231,58.349194,179.699310,116.483879
119.040878,57.537647,173.264175,115.396866
114.528465,56.280125,168.613617,113.993668
109.446526,55.419807,163.624390,113.231125
105.418098,55.460739,159.482071,113.151955
108.624176,54.712399,162.767502,112.487289
109.784416,52.176476,164.071060,110.102509
110.953194,47.238186,165.582642,105.525726
114.940269,47.648304,169.768112,106.148674
117.776276,52.117802,172.474335,110.478951
120.822533,58.333218,175.027451,116.165359
124.952431,63.393185,178.849670,120.900864
131.483932,64.667831,184.985565,121.750618
138.763550,62.194328,191.674301,118.642456
143.506058,58.341042,195.935547,114.271576
146.752060,53.757675,199.002197,109.498695
150.099030,50.530895,202.229568,106.145546
152.711502,47.742157,204.835602,103.349998
154.382568,46.666428,206.544174,102.313896
154.678055,47.609741,206.928040,103.350578
153.681686,48.634647,205.995117,104.442520
153.277222,50.392632,205.739883,106.358185
152.915939,52.884377,205.355225,108.825241
148.596619,55.179649,201.296371,111.395721
145.733658,56.109814,198.444366,112.337662
145.704514,55.830662,198.881104,112.559563
142.087112,55.387161,195.608826,112.480347
142.337891,52.621326,196.121597,109.995903
141.864410,50.324100,196.287399,108.385323
141.383896,49.635113,196.515869,108.456879
140.706650,50.704002,196.637115,110.367050
140.373199,50.785919,196.835800,111.019112
140.224686,51.673038,197.052734,112.297318
142.590729,52.556412,199.511765,113.280197
145.453735,53.820595,201.981339,114.123344
145.941254,54.134739,202.078049,114.019257
145.385590,55.386772,201.018021,114.740372
147.585526,56.925415,202.679321,115.701897
145.917206,59.619762,200.519394,117.878296
141.368393,64.792343,195.467285,122.510986
141.524796,69.550369,195.387115,127.019531
143.023911,72.939323,196.770325,130.283966
143.051254,76.650757,196.813507,134.012405
140.236588,78.531776,194.085358,135.986343
136.602722,76.870132,190.812881,134.712860
137.042984,74.272575,191.506744,132.382736
138.827576,72.712875,193.573593,131.125809
135.971573,70.304062,190.866608,128.876862
137.533173,66.425034,192.446701,125.017685
140.203979,65.377983,195.223923,124.084785
143.133057,65.751701,197.974808,124.270760
147.027100,66.631805,201.612961,124.876358
150.417038,67.525757,204.659760,125.402206
152.066330,67.965019,205.989838,125.504829
155.093170,68.151917,208.856308,125.519470
157.190323,66.933372,210.865601,124.206566
157.567963,62.467590,211.257675,119.756302
157.000946,60.722725,210.572006,117.883995
153.706299,58.738132,207.169754,115.783836
149.436172,55.952263,203.133240,113.248886
144.855789,56.581486,198.709595,114.046455
139.253738,59.665810,193.260315,117.294853
134.344406,62.305500,188.386749,119.972252
129.694702,63.748158,183.759933,121.439034
126.464729,65.778915,180.495956,123.433929
121.679329,66.981949,175.710861,124.637283
117.427757,67.570816,171.213470,124.966919
117.339722,67.636414,170.789078,124.671249
114.129166,65.060249,167.449829,121.956856
115.045868,60.853935,168.092422,117.461205
117.713203,59.675919,170.603165,116.117889
120.269775,61.578571,172.508148,117.319771
122.541634,66.310562,174.121948,121.356453
126.691772,71.024437,177.594650,125.340775
132.653748,76.701309,182.803360,130.205322
137.813080,80.272652,187.412766,133.194397
143.789169,80.407478,192.971039,132.886337
147.065155,78.564896,196.052933,130.838028
153.524536,75.451118,202.547409,127.762215
160.626831,73.164963,209.493332,125.310318
164.071533,74.102654,212.938248,126.248238
167.075958,76.828758,215.924515,128.954727
169.224625,80.920403,218.137665,133.116104
169.768082,83.934715,218.321259,135.741165
167.478363,85.236610,215.740692,136.734406
163.786270,84.363754,211.846268,135.646851
159.359818,82.431839,207.243576,133.527893
157.680466,79.909187,205.484848,130.919250
155.830750,79.904602,203.540466,130.812134
152.386993,80.451393,199.952728,131.205948
151.140839,79.764122,198.659790,130.468979
151.958466,78.967033,199.652313,129.857712
150.301331,79.188553,198.148102,130.241730
148.237518,80.170601,196.466248,131.637558
145.619644,80.668564,194.091812,132.393875
142.906235,80.401436,191.569016,132.329010
142.046890,80.206741,190.778305,132.207138
141.558533,80.406631,190.335602,132.456390
141.163452,80.289482,189.943298,132.342255
141.342300,78.435745,189.915909,130.265457
143.041260,76.420952,191.627625,128.264221
144.988342,75.444450,193.657928,127.376022
147.904480,74.714554,196.904816,126.997131
153.015854,76.374352,202.276169,128.932510
158.093552,78.725510,207.675156,131.624237
161.647766,81.744431,211.493256,134.922882
163.453934,83.792358,213.723526,137.428848
165.187561,85.019600,216.006073,139.237305
166.755905,84.801285,218.039963,139.521057
168.971436,83.006073,220.522736,138.008499
169.722443,80.503098,221.543274,135.795807
169.474625,79.126389,221.263809,134.385040
169.610275,78.448357,221.227493,133.521820
168.545929,77.825928,220.096344,132.827423
169.763000,76.871704,221.134735,131.680756
169.977386,72.715981,221.374451,127.551811
173.603485,69.857887,225.041443,124.736977
176.304443,70.968086,227.931580,126.047264
175.790237,74.189941,227.135971,128.966080
177.249695,77.686699,228.008362,131.841904
180.119812,80.277687,230.221008,133.723846
179.263184,81.714478,229.180328,134.965759
177.152451,81.260262,227.406235,134.875122
174.892426,80.985817,225.616852,135.098984
172.180557,79.808884,223.046829,134.075012
168.888351,78.362099,220.052719,132.949707
163.748276,76.544373,215.153519,131.386749
161.306244,76.041855,213.379028,131.590302
161.159409,77.355263,213.670547,133.366882
160.033890,77.635765,212.718399,133.833832
158.134033,77.638260,211.094666,134.133286
156.969513,75.995789,210.258087,132.843506
153.131531,73.259026,206.854919,130.565735
149.859024,69.694221,203.601578,127.021515
149.272217,65.964249,203.014832,123.291618
148.897629,63.459625,202.409927,120.539604
145.073105,61.766575,198.239304,118.474823
151.645447,61.079681,204.614441,117.579758
155.083542,62.684597,207.905716,119.026779
159.827957,65.901917,212.344772,121.915695
163.684784,69.190849,216.062012,125.054527
164.996826,70.031380,217.228790,125.741570
168.140320,69.764343,220.372253,125.474487
170.410339,69.566826,222.559204,125.189186
169.502945,69.215149,221.513138,124.690979
166.439651,68.661453,218.136490,123.806198
164.407990,66.413841,215.939240,121.380241
164.908798,64.107346,216.465775,119.100967
162.448456,64.716324,213.901642,119.600174
159.208862,67.350990,210.604523,122.173988
158.526749,71.070129,209.919846,125.890396
156.496262,74.513351,207.888596,129.332809
154.120132,75.933502,205.570389,130.814240
148.891556,74.258156,200.203995,128.993134
142.897308,72.122116,194.090271,126.730721
141.122131,70.200005,192.190613,124.676956
137.972214,68.421608,189.093002,122.953873
134.942291,67.261505,185.977997,121.703758
133.900772,66.626144,184.746323,120.867271
131.071381,67.131096,181.579559,121.008377
130.097366,67.836914,180.310776,121.402092
130.539536,70.197754,180.288376,123.271049
132.066483,71.068512,181.613449,123.923790
135.519745,70.965729,184.785248,123.522667
139.977737,70.630394,189.064407,122.997772
145.089981,71.108879,194.056534,123.348938
150.412506,71.032944,199.267487,123.152336
155.037140,69.673882,203.694061,121.579056
157.136703,69.177765,205.486771,120.757301
160.564697,67.769669,208.618896,119.035210
162.657898,68.507225,210.517792,119.566559
164.206940,71.379097,211.859528,122.213867
164.060776,75.371712,211.534775,126.016724
163.370193,78.842400,210.709641,129.344437
161.498215,81.724945,208.722214,132.104324
159.496674,84.040016,206.612579,134.304550
157.909317,85.214371,204.995468,135.447296
155.291290,85.159317,202.277466,135.286026
150.517532,81.505569,197.638870,131.778946
150.078705,77.367363,197.343903,127.793602
145.428543,75.346718,193.039688,126.140526
142.536224,75.827545,190.220215,126.698761
137.483017,79.101723,185.335037,130.151474
135.172394,80.657410,183.266724,131.969650
134.378479,80.361122,182.862457,132.086884
133.120911,78.013947,181.981659,130.139557
130.697327,77.375023,180.019684,129.999908
129.875687,76.790512,179.699570,129.947021
127.782516,76.414680,177.995590,129.991516
124.796684,75.418999,175.421997,129.432327
122.499718,75.109406,173.268341,129.277283
120.013062,74.430824,170.776932,128.593567
116.830528,72.378227,167.770477,126.730850
