1010.000000,186.000000,1078.000000,269.000000
1015.637756,181.991867,1084.867554,266.489014
1020.771362,177.994431,1091.596436,264.428711
1024.468384,173.879013,1097.088379,262.512634
1026.812012,169.984970,1101.207886,260.783630
1027.844116,167.098404,1103.430420,259.341339
1027.568848,164.955551,1103.755249,257.932983
1026.066650,163.645126,1102.507446,256.929810
1022.864502,162.307602,1099.550415,255.891602
1018.191406,161.463348,1095.095581,255.313736
1011.513062,161.081207,1088.399658,254.910202
1003.688354,161.223495,1080.156738,254.541870
994.890991,161.698135,1070.966309,254.536713
984.924683,162.531845,1060.792847,255.120209
973.881042,163.004196,1050.442139,256.440369
963.209778,163.538467,1039.332886,256.439941
953.077454,164.069870,1029.093506,256.842102
943.055847,165.872192,1018.658203,258.144745
933.241089,169.100586,1008.224426,260.615692
923.613220,173.224701,998.651001,264.806580
913.711914,177.442764,989.098083,269.446381
914.000000,187.000000,953.000000,235.000000
890.000000,182.000000,972.000000,282.000000
881.340637,183.330261,964.111877,284.268799
873.509705,183.557037,956.740906,285.055206
866.377502,182.478180,950.591125,285.169342
866.000000,184.000000,923.000000,253.000000
861.119202,180.709778,918.817078,250.552002
857.558044,176.236740,915.956482,246.924423
855.129456,170.294174,914.225403,241.821213
853.223022,163.900818,913.354004,236.669830
851.469666,158.237961,912.352478,231.906662
849.830994,152.518005,911.743347,227.435608
854.000000,152.000000,893.000000,200.000000
853.452759,146.107178,891.994263,193.545532
856.000000,130.000000,924.000000,213.000000
854.544556,120.628494,923.634155,204.955032
853.145020,110.077995,923.779053,196.279984
851.993713,100.399155,924.195007,188.521545
851.083862,91.643959,925.064087,181.935120
850.278076,84.825073,926.211670,177.518280
849.773560,79.852783,926.998413,174.126129
848.474976,75.627579,926.476929,170.847427
845.121094,72.040405,924.755981,169.244537
840.976685,68.628395,922.438477,168.070541
835.464966,66.436546,919.184448,168.632034
829.550110,66.916069,914.747131,170.923264
822.572693,68.757393,909.563049,174.954163
815.323975,73.076408,902.945801,180.049759
807.225220,79.477318,895.658203,187.436905
798.903259,86.512001,887.736267,194.956970
790.213562,93.175171,879.207825,201.817581
780.384094,98.587341,869.356506,207.203049
770.252380,103.593895,858.416687,211.219925
759.015259,109.132401,846.201538,215.571640
749.188660,115.603348,835.564758,221.057419
740.448242,120.957909,826.116333,225.549286
732.407898,125.823853,816.599182,228.612198
725.498962,129.366165,809.141663,231.489716
720.351379,132.415726,803.666199,234.137177
717.081421,134.615524,800.521240,236.488708
715.048767,134.575912,799.087952,237.176941
714.218811,133.248764,799.025085,236.779266
714.062256,129.435913,800.002319,234.353653
715.766724,124.562332,802.856079,230.883331
718.215698,119.913956,806.494507,227.681274
721.530884,117.128426,811.247314,226.640289
725.724731,116.267838,816.563599,227.151596
730.514099,116.591209,821.767151,227.980103
735.341003,117.379372,826.929871,229.177017
740.364868,117.872894,831.881104,229.582077
745.109314,116.043228,837.648010,228.997131
750.101074,111.078400,843.800659,225.442856
755.353149,101.705833,850.414307,217.736099
760.806030,90.286026,857.410278,208.196991
767.303528,79.019432,865.190125,198.490326
774.369629,67.911880,874.063965,189.596405
780.230164,57.394539,881.296204,180.752579
783.587769,46.786209,885.300415,170.930283
784.422424,37.343056,886.784119,162.282547
782.662598,28.865360,886.155640,155.177811
778.689453,22.349571,882.921265,149.564163
773.546021,18.103348,878.252563,145.896667
766.813965,18.229340,871.728149,146.275818
760.233398,20.627539,863.977539,147.236511
753.840637,24.171595,856.770569,149.786270
747.188049,28.834311,848.846130,152.893082
716.000000,23.000000,885.000000,230.000000
709.911865,28.556896,875.473267,231.349625
732.000000,38.000000,830.000000,158.000000
723.437622,42.155258,819.819702,160.177811
713.113464,45.013729,807.618958,160.734100
nan,nan,nan,nan
nan,nan,nan,nan
nan,nan,nan,nan
nan,nan,nan,nan
nan,nan,nan,nan
nan,nan,nan,nan
nan,nan,nan,nan
nan,nan,nan,nan
nan,nan,nan,nan
nan,nan,nan,nan
nan,nan,nan,nan
nan,nan,nan,nan
nan,nan,nan,nan
nan,nan,nan,nan
nan,nan,nan,nan
nan,nan,nan,nan
nan,nan,nan,nan
nan,nan,nan,nan
nan,nan,nan,nan
nan,nan,nan,nan
nan,nan,nan,nan
nan,nan,nan,nan
nan,nan,nan,nan
nan,nan,nan,nan
nan,nan,nan,nan
nan,nan,nan,nan
nan,nan,nan,nan
nan,nan,nan,nan
nan,nan,nan,nan
nan,nan,nan,nan
nan,nan,nan,nan
nan,nan,nan,nan
nan,nan,nan,nan
nan,nan,nan,nan
nan,nan,nan,nan
nan,nan,nan,nan
nan,nan,nan,nan
nan,nan,nan,nan
nan,nan,nan,nan
nan,nan,nan,nan
nan,nan,nan,nan
nan,nan,nan,nan
nan,nan,nan,nan
nan,nan,nan,nan
nan,nan,nan,nan
nan,nan,nan,nan
nan,nan,nan,nan
nan,nan,nan,nan
nan,nan,nan,nan
nan,nan,nan,nan
nan,nan,nan,nan
nan,nan,nan,nan
nan,nan,nan,nan
nan,nan,nan,nan
nan,nan,nan,nan
nan,nan,nan,nan
nan,nan,nan,nan
nan,nan,nan,nan
nan,nan,nan,nan
nan,nan,nan,nan
nan,nan,nan,nan
nan,nan,nan,nan
nan,nan,nan,nan
nan,nan,nan,nan
nan,nan,nan,nan
nan,nan,nan,nan
nan,nan,nan,nan
nan,nan,nan,nan
nan,nan,nan,nan
nan,nan,nan,nan
nan,nan,nan,nan
nan,nan,nan,nan
nan,nan,nan,nan
nan,nan,nan,nan
nan,nan,nan,nan
nan,nan,nan,nan
nan,nan,nan,nan
nan,nan,nan,nan
nan,nan,nan,nan
nan,nan,nan,nan
nan,nan,nan,nan
nan,nan,nan,nan
nan,nan,nan,nan
nan,nan,nan,nan
nan,nan,nan,nan
nan,nan,nan,nan
nan,nan,nan,nan
nan,nan,nan,nan
nan,nan,nan,nan
nan,nan,nan,nan
nan,nan,nan,nan
nan,nan,nan,nan
nan,nan,nan,nan
nan,nan,nan,nan
nan,nan,nan,nan
nan,nan,nan,nan
nan,nan,nan,nan
nan,nan,nan,nan
nan,nan,nan,nan
nan,nan,nan,nan
nan,nan,nan,nan
nan,nan,nan,nan
nan,nan,nan,nan
nan,nan,nan,nan
nan,nan,nan,nan
nan,nan,nan,nan
470.000000,322.000000,503.000000,362.000000
472.231567,322.587952,505.791870,363.263611
475.041626,323.408020,508.871521,364.408752
478.265045,324.384979,512.119629,365.416168
482.000305,326.003021,515.677490,366.815033
485.929382,327.147736,519.596558,367.947601
489.829254,327.522400,523.222351,367.991760
490.852814,326.759094,525.117249,368.279175
491.081726,326.560913,523.210205,365.517883
486.690216,325.610107,515.848511,361.056824
484.975983,329.119659,508.025269,357.235565
170.000000,347.000000,209.000000,395.000000
178.505890,347.854401,217.388794,395.710968
188.289673,349.140656,226.674530,396.384247
198.721329,349.689301,236.739059,396.481049
201.889114,351.185364,238.178543,395.894287
212.393768,353.136047,246.690186,395.421021
213.326767,354.845398,247.018112,396.386963
214.277634,357.469574,246.512650,397.212128
214.424423,360.580292,246.184280,399.746918
222.001953,364.552307,253.633942,403.559082
220.944122,368.442017,251.304626,405.859436
826.000000,322.000000,908.000000,422.000000
nan,nan,nan,nan
nan,nan,nan,nan
nan,nan,nan,nan
290.000000,377.000000,329.000000,425.000000
296.611328,380.571930,335.036194,427.867401
304.785248,384.653351,342.288483,430.814545
314.103546,388.857849,350.343170,433.456177
321.713684,393.325592,355.364319,434.775177
332.902863,396.802216,365.906769,437.452911
344.598877,400.991821,376.030151,439.746094
357.891144,405.115692,387.094025,441.154083
371.714203,407.699219,398.110870,440.276611
384.059418,405.679474,409.574615,437.179474
396.500214,402.058197,421.529877,432.960663
408.555420,399.209534,432.062866,428.297058
420.235962,396.556427,443.377930,425.187103
431.247223,394.163818,454.245880,422.621338
442.985779,391.869202,465.380005,419.564636
455.769257,389.627747,476.260712,415.006775
469.382599,386.018188,488.584564,409.800720
484.066254,381.968475,501.847015,404.045563
498.379242,376.946655,515.235291,397.842224
512.232605,371.779358,529.207886,392.822205
nan,nan,nan,nan
nan,nan,nan,nan
nan,nan,nan,nan
nan,nan,nan,nan
nan,nan,nan,nan
nan,nan,nan,nan
nan,nan,nan,nan
nan,nan,nan,nan
nan,nan,nan,nan
nan,nan,nan,nan
nan,nan,nan,nan
nan,nan,nan,nan
608.000000,205.000000,665.000000,274.000000
617.943298,204.786194,675.112366,273.990173
628.614380,204.998444,685.328247,273.652985
638.790405,204.596100,695.241821,272.932892
648.577271,203.077393,705.821533,272.373901
658.707092,200.962524,716.124695,270.468262
668.220337,197.224350,726.628296,267.925293
676.749939,192.148911,736.414978,264.362610
685.373779,188.656113,745.499512,261.430298
693.406250,187.141373,754.349121,260.893402
700.714844,186.687622,762.855103,261.892273
707.491882,187.621078,771.307190,264.846466
713.880676,189.399048,779.121399,268.361664
719.761780,191.054474,786.558533,271.879639
723.544739,192.030823,792.671814,275.673187
727.016663,192.239044,797.978699,278.083313
729.780640,192.529892,801.897583,279.773071
731.000793,194.061081,804.119202,282.511475
730.692017,196.722595,804.190186,285.629730
728.329773,198.916016,801.531433,287.466583
724.622498,200.295135,796.155457,286.838745
718.433228,201.396927,789.041138,286.822754
711.446899,204.357803,780.845337,288.318604
692.000000,194.000000,790.000000,314.000000
682.427185,199.555695,779.284485,318.159088
681.000000,218.000000,749.000000,301.000000
670.726013,228.800049,737.955872,310.862427
660.798706,238.013199,728.178711,320.258820
651.476807,244.986832,718.771851,327.128815
643.108765,248.669327,711.771851,332.481110
635.852783,252.116913,705.147827,336.698059
630.637512,255.461426,699.129456,339.067352
626.287537,256.717163,694.490540,339.971405
623.599365,257.160919,691.572754,340.135681
622.226685,256.895721,691.071533,340.934143
621.725647,256.347900,691.661438,341.730255
622.257690,256.617218,693.054565,343.057434
624.762390,257.610199,695.919128,344.491394
628.385803,257.904999,700.052795,345.402832
631.685669,257.159760,704.328491,345.850342
633.494690,253.547455,708.413513,345.012939
636.813721,248.426865,713.995361,342.668060
641.666382,242.917297,721.721680,340.658539
648.535706,238.040878,730.254211,337.794342
655.968506,232.571716,739.575439,334.628113
663.422424,227.276535,748.482239,331.114441
670.313904,222.297516,755.553162,326.352417
675.294739,217.088776,762.396301,323.417480
679.226196,213.134201,767.684448,321.112457
681.600891,210.144531,771.510681,319.884247
683.112305,209.625031,773.453857,319.892395
682.721924,209.950333,773.824341,321.145752
680.715759,211.523819,771.926941,322.851685
676.573608,217.389877,769.820923,331.196442
671.457031,225.062698,765.180176,339.446289
666.872437,233.030563,761.014771,347.926971
662.187866,240.491394,755.745605,354.680206
658.074036,247.956100,751.014465,361.389648
656.066040,257.254974,746.451904,367.557098
657.039490,266.700165,745.066223,374.124725
659.903687,274.119598,745.633423,378.756805
662.779968,278.984192,744.086853,378.221313
665.928894,278.377350,744.702820,374.525543
668.007874,274.125458,744.275696,367.196625
670.810730,266.271973,745.926453,357.936584
674.827576,258.068054,747.854919,347.204590
677.890076,248.390015,751.733826,338.519531
681.878906,240.778900,756.181763,331.472931
685.835999,233.599228,761.462708,325.899536
690.540283,226.463913,767.011108,319.797119
695.907593,217.787598,773.778198,312.829590
702.834473,207.694733,781.393555,303.584076
711.411194,195.215210,790.758118,292.061951
721.443787,179.846802,802.277405,278.496216
733.398743,165.161270,815.805603,265.733612
746.658997,152.810303,831.121399,255.883896
760.150208,141.004410,845.971497,245.740601
771.710205,129.574203,861.038574,238.592224
782.306580,119.000237,874.718079,231.786453
790.165344,112.057335,884.391663,227.048599
794.464905,107.602165,890.785339,225.128403
797.183899,106.549789,892.026917,222.278809
795.688354,106.689659,889.812134,221.540390
791.495789,109.728668,884.237244,222.905991
784.633484,112.889900,875.821472,224.163025
776.009094,115.205521,865.700867,224.657211
766.947327,116.749588,854.514954,223.605057
757.221313,118.917000,842.373779,222.835846
748.162903,121.162033,830.195618,221.308090
739.073975,122.050339,819.745361,220.539780
731.773071,120.547478,811.094849,217.387390
725.891052,117.471764,803.451599,212.176239
719.764832,113.174408,796.755066,207.184311
714.117188,109.014450,790.175171,201.874176
707.644897,104.870995,783.229370,197.158752
700.304504,103.389717,776.363342,196.258011
690.401550,103.443207,766.910583,196.855286
679.899353,103.700600,757.159851,198.029999
668.295654,104.387039,745.110840,198.174026
656.647644,104.332115,733.367859,198.003098
