162.000000,92.000000,214.000000,147.000000
161.553726,92.568230,213.493607,147.504700
159.658737,96.210281,211.067001,150.584457
156.552231,99.286285,207.686111,153.370239
154.075104,100.009201,204.359406,153.194565
151.483185,99.092010,200.542236,150.980042
150.131577,94.997108,198.911270,146.594589
149.390915,90.614204,197.211197,141.193527
148.541641,87.583168,195.942398,137.716751
148.231476,87.049927,195.632904,137.184219
145.172943,86.806000,192.811432,137.192169
138.773682,86.750374,187.001648,137.762878
133.553314,89.830803,181.740448,140.799973
127.292206,91.896935,175.911072,143.315460
123.144150,91.376244,171.995621,143.041611
122.390274,88.757538,171.576431,140.778076
122.483620,85.880577,171.960785,138.209579
124.790543,85.032982,174.459396,137.565170
127.350075,85.593575,177.728653,138.878082
129.815720,86.576530,179.973755,139.627518
131.713898,89.846375,181.719345,142.735794
131.446152,92.762695,181.425293,145.624771
131.283844,93.915535,181.296432,146.813034
132.203217,94.352669,182.441452,147.484665
132.727585,96.115211,182.806244,149.078232
134.075455,97.516800,183.586029,149.889465
133.678391,96.090561,183.290741,148.571121
135.317215,91.740768,184.873535,144.161911
138.351639,86.651939,187.779205,138.936615
143.175919,81.013863,193.485809,134.233810
148.095123,77.698807,198.071487,130.565613
151.604813,76.203659,201.939819,129.450638
155.600204,75.440094,206.026001,128.783203
159.658875,75.372047,210.028702,128.655884
162.593216,77.712860,212.756042,130.777527
163.788986,80.865028,213.407227,133.353073
162.967133,82.001350,212.025589,133.896042
161.558807,80.507416,210.672531,132.459595
159.525879,77.412720,208.800797,129.532562
155.656479,74.636986,205.243683,127.087868
152.026428,72.745842,201.949600,125.552864
148.246552,74.139557,198.342606,127.129822
141.693375,78.806320,192.012512,132.028427
135.234070,82.952118,185.682907,136.311554
130.717377,84.898682,181.918686,139.054871
126.339508,83.937500,178.647537,139.264267
123.329292,83.656876,175.856522,139.215240
121.664131,83.969322,174.818405,140.190216
120.119530,84.020599,173.124420,140.083817
119.995300,81.882729,173.093094,138.044006
121.058640,76.219139,173.919647,132.130478
122.917999,72.104996,175.801071,128.039642
126.330681,70.918159,179.485031,127.139442
129.694946,72.905487,182.624374,128.889343
131.305969,77.395775,183.773758,132.891861
133.561295,82.906982,185.715576,138.071823
136.829895,87.668671,188.780716,142.618546
140.281891,91.210083,192.501175,146.443893
142.864594,92.626755,195.095261,147.872589
145.184845,90.095787,197.895340,145.848618
149.327560,84.896721,202.397247,141.029068
152.649704,77.910347,206.564606,134.934860
156.491669,73.082191,210.674088,130.394028
156.937332,69.873451,211.693756,127.790604
158.537048,70.012978,213.406723,128.049576
158.376511,76.336868,212.702820,133.790588
154.990189,81.685951,208.684418,138.473114
153.307388,83.238411,206.520538,139.517761
151.360352,85.532112,204.081497,141.292130
151.506683,86.994568,203.487869,141.972717
148.994949,86.518456,200.575775,141.073151
149.098557,83.527267,200.380798,137.766144
150.525665,80.341469,201.582718,134.342148
150.941711,80.795799,201.948593,134.743423
151.224869,85.842438,201.726074,139.264923
149.388794,90.913910,199.353928,143.768799
147.549042,91.610901,197.478134,144.427582
146.558899,91.604454,196.454819,144.385986
145.510925,92.608070,195.402359,145.384872
144.276138,93.942612,194.328125,146.889603
142.228195,93.587486,192.039581,146.284439
138.364975,90.717796,188.183380,143.422165
134.604004,87.819801,183.806686,139.871521
133.356918,84.908813,182.829681,137.246826
134.642532,84.067604,183.758911,136.027847
133.014755,89.238968,181.623169,140.670944
132.131134,94.607361,180.493149,145.777863
133.083023,98.392799,181.089142,149.185608
134.293152,101.992027,182.496017,152.989609
136.403610,105.355682,184.823303,156.578934
139.303009,104.890862,188.297806,156.724411
140.580002,98.480888,190.223663,151.003036
144.296341,88.638306,194.663910,141.927811
147.375778,81.737846,198.828949,136.176804
152.301697,77.682007,204.171341,132.561462
156.233871,75.826447,208.642029,131.275482
157.412659,78.466354,209.696182,133.783707
158.940353,81.539597,211.048828,136.671997
160.899582,83.096077,212.829071,138.039352
162.882568,83.877762,214.463364,138.452225
164.066193,84.851173,215.060349,138.805145
164.400421,84.324097,214.834000,137.684525
164.352051,84.350151,214.054855,136.936813
164.488251,83.743919,214.058945,136.190552
162.976410,83.567635,211.901901,135.330338
161.852921,82.318481,210.359222,133.636337
161.099167,83.907516,209.475769,135.087738
157.108505,88.865501,205.075958,139.611511
153.318756,90.967758,201.328354,141.758530
150.099762,90.887314,198.084549,141.652237
146.535263,93.292381,194.608063,144.150818
142.051239,95.920830,190.079514,146.732941
137.936127,93.848541,186.464706,145.181381
137.993042,89.839165,186.878799,141.551056
139.265213,87.117447,188.239532,138.923325
140.130447,86.468430,189.576233,138.774643
140.007172,86.421402,189.294266,138.559402
140.435379,87.033104,189.664886,139.110077
139.027100,87.694397,188.320694,139.839310
139.927322,89.545532,189.534973,142.023346
141.087708,92.092690,191.129288,145.030472
141.616180,93.263237,192.245224,146.811523
143.443619,91.996269,194.688721,146.196854
146.229080,88.899315,198.352936,144.029343
147.986252,85.803329,201.156891,142.039383
150.783707,83.156158,204.762360,140.245117
154.976974,80.778915,209.747314,138.718201
159.685379,78.735397,215.118835,137.373962
163.714188,77.910210,219.714386,137.145874
165.856247,78.152924,222.300995,137.856537
167.239578,80.339783,223.427399,139.772949
168.385956,81.346519,224.655960,140.866196
169.015305,81.438904,225.173431,140.840805
169.416809,80.812897,225.375717,140.005081
167.785660,80.216644,223.419037,139.060059
166.735870,78.644585,221.953690,137.050201
166.458664,76.909363,220.822510,134.415253
168.581360,73.514908,222.347427,130.390396
170.679352,71.415375,224.144455,127.973183
169.963440,70.248009,222.874557,126.221069
167.849548,69.745667,220.495865,125.438927
163.360443,69.213287,216.076462,124.980186
161.298813,70.641159,214.061310,126.457176
157.549637,72.731270,210.350525,128.587845
153.751709,74.717285,206.461807,130.477936
149.927963,75.358780,202.284973,130.746368
147.859848,74.037712,199.845337,129.032745
145.918060,69.997711,197.859879,124.946571
144.119080,65.507820,195.635269,120.006516
142.262085,62.854225,193.537338,117.098099
142.123672,61.638363,193.598358,116.093163
139.384766,61.513916,191.268784,116.401672
139.832535,62.803959,191.799438,117.779381
139.422729,65.256622,191.996414,120.873825
138.928680,70.452179,191.768326,126.350388
139.433640,75.121925,192.550262,131.312805
140.025116,77.411903,193.485947,133.966125
140.141068,76.048523,194.475250,133.524628
141.480591,73.423355,196.812027,131.951096
141.164337,69.480530,197.756699,129.336761
140.337311,65.449089,197.988022,126.419395
141.658386,61.444790,200.221512,123.374702
141.471237,57.880646,200.660614,120.468651
141.541245,56.650021,201.174744,119.704338
139.734207,57.566422,199.270752,120.517303
138.035995,59.504814,197.059814,121.917320
136.480911,62.575058,195.056549,124.516968
135.622101,66.860275,193.679672,128.257767
135.130280,70.687935,192.782486,131.659454
135.213745,73.597931,192.210434,133.880035
136.403275,75.179359,192.667084,134.677139
135.331039,73.573158,190.986176,132.430222
136.210342,69.675209,191.453003,128.097672
136.714981,65.612701,191.418762,123.467415
136.234116,62.284695,190.295349,119.461815
135.371429,60.148327,188.596115,116.443260
135.135803,58.829456,187.630569,114.353928
134.388077,59.351318,186.282440,114.241394
136.025269,61.963387,187.430496,116.336113
138.145370,65.067490,189.069550,118.931427
140.074982,66.499466,190.857925,120.213852
139.851913,68.914131,190.397369,122.377052
138.685135,71.950195,189.111420,125.286942
135.524979,73.736038,185.919098,127.038727
132.513199,75.461021,182.933716,128.791656
129.209793,75.807625,179.472839,128.971512
125.450897,73.886864,175.575455,126.904129
123.961411,72.028824,174.074615,125.034081
121.501701,70.275574,171.417068,123.071358
118.776840,69.008873,168.737549,121.852707
115.770508,69.136086,165.554977,121.793106
115.977608,69.120148,165.505219,121.504906
116.818390,69.953735,166.435394,122.433266
118.782906,70.049988,168.276886,122.399117
122.645409,68.388939,172.289627,120.897308
126.812073,63.733696,176.726944,116.528961
130.832489,59.736698,180.972946,112.771088
131.470276,57.059723,181.822464,110.318306
132.083725,51.607712,182.639343,105.081703
137.923172,53.365112,188.239624,106.585854
143.336868,56.883686,194.026794,110.499886
145.852570,60.716221,196.605057,114.398659
150.628937,62.232700,201.494431,116.034798
154.799072,64.412659,205.832047,118.392097
156.797516,63.828293,207.906082,117.886238
159.596863,64.305481,210.814987,118.479301
160.726837,65.152893,212.020432,119.406532
162.122620,68.081467,213.345657,122.260475
164.686569,71.531708,216.192291,126.009712
166.044724,73.584526,217.808289,128.335236
167.544266,74.840927,219.969818,130.291824
168.314850,75.263237,221.631760,131.655945
167.778152,75.960831,222.002777,133.311676
165.034714,75.039299,220.285919,133.472717
159.448578,72.900574,215.637833,132.322311
155.262070,74.024483,212.402527,134.447510
150.249405,73.156044,208.363495,134.603058
145.525574,72.777870,204.341629,134.962555
139.254578,71.419197,199.076797,134.678268
137.013031,69.922501,197.888809,134.305374
134.232925,68.945335,196.000092,134.278061
131.453156,68.142441,194.162521,134.478134
131.795807,69.310402,195.294022,136.485031
133.668030,72.872894,197.873016,140.798477
135.336838,75.712860,200.287918,144.418976
139.818481,77.574501,205.456757,147.010101
144.116653,78.603188,210.065536,148.368225
149.082977,78.653564,215.550842,148.969040
154.513626,78.575974,221.223648,149.148056
159.656616,77.746513,226.317810,148.266861
163.593307,78.036644,229.869186,148.148666
166.792801,77.503784,232.270828,146.770309
169.915314,76.755814,234.332825,144.897552
172.511627,77.242363,235.985260,144.382141
173.113693,80.135139,235.618607,146.245651
171.049957,82.806305,232.388031,147.675888
170.455246,85.648201,230.791306,149.467300
168.767899,88.105148,228.198593,150.974365
167.833786,88.805122,226.340714,150.704376
167.687561,89.724586,225.428284,150.818665
168.333771,89.537338,225.393341,149.903275
169.106140,89.128975,225.609039,148.909439
170.200165,87.961227,226.344666,147.364441
173.479935,87.155342,229.577103,146.508743
175.591492,87.027290,231.790802,146.488205
176.532059,87.105751,232.877548,146.720551
179.463684,89.169312,236.177399,149.171707
179.236755,90.814041,236.480652,151.383820
179.494125,91.791687,237.593887,153.261612
179.045044,91.601730,238.091309,154.066284
177.479721,91.074699,237.286728,154.338013
172.984299,88.184982,233.523300,152.229095
169.411880,83.167747,230.904373,148.227890
167.678635,79.978279,229.819962,145.729095
165.137131,76.744225,227.581100,142.812088
164.223953,73.727798,226.513748,139.631699
162.127670,70.530708,224.214493,136.221970
162.477249,68.759132,224.648300,134.538635
162.387070,69.188332,224.607315,135.019379
162.511444,73.010406,224.777588,138.889557
161.063400,80.104561,223.465561,146.126190
161.320358,86.145760,223.887070,152.342392
163.400330,89.302414,226.149017,155.692596
165.166977,88.388336,228.349258,155.239639
167.235870,84.648399,230.878052,151.981171
169.461517,78.606201,233.747192,146.622681
170.796677,73.432999,235.188583,141.562241
173.025452,70.288673,237.490906,138.495987
173.100723,68.439156,237.427780,136.499573
172.444000,66.214920,236.577454,134.069809
171.111191,65.824387,234.798172,133.212204
170.286346,69.312370,233.400299,136.091354
169.121399,72.545708,231.833160,138.903671
168.632553,75.723671,231.105301,141.827454
168.122345,76.828224,230.581055,142.917068
163.676178,76.744087,226.211395,142.914291
157.443130,75.214058,219.964157,141.369186
151.637741,73.687424,214.156113,139.839752
146.149780,71.328651,208.478119,137.278885
140.749176,66.139862,203.369965,132.396484
132.051804,61.441174,194.851151,127.887688
127.203659,59.756542,190.254349,126.470360
123.099411,59.488293,186.253616,126.310478
121.624352,61.240303,185.093109,128.391800
119.322693,65.591736,182.898926,132.857422
118.992035,71.519295,182.919067,139.157700
118.164871,76.469589,182.348648,144.380783
118.762459,78.245247,183.227585,146.450790
121.321907,77.186722,186.144424,145.771667
126.951759,78.011314,192.297440,147.151611
132.136459,77.320213,197.660812,146.650024
137.554611,75.315910,203.501358,145.093719
145.576248,73.730835,211.604660,143.595245
146.597473,73.300499,212.542206,143.077499
145.722885,72.492088,211.702530,142.306122
142.044846,71.599442,208.161392,141.558685
137.299332,71.841507,203.799942,142.201996
131.195847,71.790375,198.268997,142.757584
124.494926,73.308525,192.104675,144.836014
116.118439,73.221710,184.619949,145.693420
108.066727,71.653244,177.391663,144.996109
100.977562,68.012825,170.954514,142.044952
94.003578,62.389858,164.660675,137.150711
87.363358,56.662384,158.215515,131.629288
82.468254,53.412525,152.792465,127.821747
81.834389,52.749672,151.993500,126.984489
80.818939,54.225517,150.993362,128.476501
80.283989,60.375492,150.281998,134.440109
78.720863,67.370827,148.655823,141.367889
76.705559,72.589104,146.314072,146.241058
73.579620,76.272873,142.885117,149.604507
67.610352,77.936554,136.788040,151.133057
61.334229,77.076752,130.216995,149.961487
55.375278,75.420433,124.058098,148.093628
50.077408,71.236855,118.301720,143.424973
51.097328,67.574226,118.885345,139.300766
51.704044,63.611439,119.056519,134.876816
54.569744,63.525757,121.336731,134.171204
59.708675,64.279465,125.749374,134.155258
65.085327,68.556686,130.301834,137.571381
67.499573,72.414040,132.108887,140.784744
68.631935,75.353088,132.807831,143.263702
73.500183,77.351418,137.047379,144.604309
77.697052,79.808640,140.739517,146.525253
82.429932,80.438370,145.194931,146.864517
87.267967,77.478012,149.861374,143.721680
91.623100,72.712570,154.386154,139.136642
95.744408,64.007805,159.265366,131.237915
103.781837,56.633934,168.060211,124.668793
112.399414,51.993408,177.324844,120.715141
119.436974,52.280983,185.164841,121.854538
124.072655,56.844955,190.150375,126.789574
125.160370,60.018059,191.657562,130.400940
127.042587,62.244377,193.786667,132.888885
128.311935,62.925434,195.616348,134.163712
129.898666,64.482956,197.983109,136.547165
129.178299,64.378716,198.195999,137.430283
127.884346,62.574165,197.688278,136.456894
129.202530,60.415119,199.647659,134.975677
129.778870,58.635601,200.298126,133.274460
128.793335,55.783398,199.491974,130.611740
130.342072,55.551098,201.135010,130.479050
129.179199,57.549599,199.878662,132.378799
129.259842,58.461983,200.044235,133.380875
129.248627,60.163116,200.069183,135.120209
128.429352,60.491737,199.388611,135.595337
128.888443,60.874893,199.769302,135.894562
129.367798,61.153687,199.906464,135.807053
132.086456,60.288902,202.036194,134.320175
134.470306,56.584278,203.771332,129.920486
138.063492,52.019844,206.719345,124.674004
143.528839,49.706470,211.525085,121.662781
147.359451,49.660183,214.715683,120.938820
150.236023,55.922489,216.642578,126.195587
150.412949,63.578045,216.094986,133.083359
149.116348,70.009361,214.237991,138.920319
149.553848,74.715691,214.100815,143.025833
148.749756,76.541183,212.841705,144.368301
145.438553,72.856979,209.057755,140.189529
145.097229,67.045380,208.169220,133.796509
149.792450,62.191471,212.007690,128.045685
155.997604,59.206326,217.462570,124.274529
161.283325,61.566395,221.765320,125.588211
161.622391,64.587372,220.683304,127.094917
161.777100,69.610924,219.532074,130.747253
157.716980,72.420502,214.343567,132.350632
150.830032,74.644150,206.462967,133.528320
145.199020,74.481239,199.919632,132.404190
139.227005,74.372391,193.327103,131.640976
131.270935,69.812370,184.895111,126.579079
127.015991,65.802917,180.445984,122.364655
125.518417,59.882679,179.094040,116.598137
128.601700,58.188980,182.408432,115.148392
129.444534,60.206657,183.436386,117.361458
128.715485,62.429783,182.917419,119.810219
128.916992,65.258308,183.180756,122.703941
129.311218,67.913803,183.300201,125.069672
127.969612,68.656631,181.802521,125.644867
125.355171,69.950569,178.998657,126.738853
122.921165,70.669792,176.369278,127.251854
120.214867,68.101753,173.491928,124.503273
123.433014,64.492630,176.828766,121.019440
126.790115,62.617344,180.089767,119.042725
130.157852,61.363861,183.614151,117.954597
139.698090,65.711761,193.269470,122.423958
144.191299,68.975319,197.890945,125.822922
149.822479,68.995621,203.824127,126.161987
157.677032,66.256744,211.967957,123.728165
161.980743,64.429214,216.431427,122.069122
165.444687,62.407272,219.851395,120.000793
167.407654,61.839581,221.305054,118.896027
169.435104,61.403667,222.525497,117.593323
169.548035,57.864773,221.855072,113.227554
171.187637,54.827221,222.740799,109.393463
172.147766,53.496628,222.966431,107.286011
171.066376,53.545296,221.110565,106.514641
171.158173,55.467651,220.643219,107.855911
174.321762,62.810013,223.198349,114.553299
171.499954,69.827675,220.077316,121.253410
167.835159,74.263695,215.958450,125.207558
163.568649,76.586029,211.686050,127.523773
157.455826,76.337410,205.342484,127.034996
152.429092,72.781082,200.165268,123.318787
151.539612,68.527336,199.862701,119.688622
155.614670,62.988564,204.352402,114.589882
157.070465,62.231972,205.805450,113.830360
157.920105,64.256920,206.492462,115.682716
157.499130,68.041481,205.446671,118.804207
158.906555,72.487564,205.954163,122.294128
159.526443,75.351540,206.048203,124.610359
158.926575,77.486969,204.821747,126.079193
159.401917,80.455406,204.669098,128.378693
159.917160,82.495651,204.278824,129.474060
162.136566,82.823036,205.856628,129.131302
164.020874,78.362259,207.347992,124.250771
163.183289,74.594582,206.052032,120.003891
166.695526,74.014717,209.187866,119.021347
169.381500,77.686531,211.367249,122.151230
128.000000,29.000000,158.000000,61.000000
119.664925,32.234268,149.451553,64.007133
110.747238,34.385792,140.333313,65.944717
101.756706,34.870388,131.199966,66.276985
95.418800,33.596760,124.676544,64.805481
158.000000,83.000000,188.000000,115.000000
155.053604,80.558563,184.637772,112.115906
151.186279,78.608994,180.282440,109.645782
145.892288,76.568787,174.836533,107.443542
143.180832,75.675156,172.150162,106.576736
139.519394,71.125648,168.602737,102.149101
138.064651,64.481003,167.409622,95.783524
136.247955,64.207489,165.747864,95.675278
133.581833,68.491409,162.902512,99.768021
133.816406,70.870628,163.031464,102.034569
134.016617,71.817383,163.305130,103.059677
131.616394,75.073929,161.173981,106.603226
130.050003,77.151756,159.507431,108.574211
129.417404,77.707169,158.561935,108.795868
127.778809,77.494568,156.781281,108.431732
131.254135,76.362549,160.140671,107.179916
137.359894,76.656837,166.200928,107.425575
143.753357,77.288177,172.527588,107.985504
150.688065,77.763222,179.280655,108.266365
155.896896,77.542290,184.508102,108.065315
159.293961,77.192062,187.923294,107.734482
161.009918,79.038902,189.461151,109.390938
159.685959,81.514412,187.683273,111.381218
160.715591,80.900955,188.244919,110.266357
164.646500,78.263428,191.935379,107.371216
163.347549,77.564079,190.206863,106.211632
162.797333,77.690872,188.841553,105.462936
158.230804,77.092842,181.426880,101.911278
153.395370,74.521339,175.191147,97.881126
155.815155,76.198463,175.793701,97.575813
154.515457,80.338646,172.865860,99.925026
153.776337,83.161247,170.980011,101.540535
153.065033,86.240669,169.193756,103.485283
151.872208,87.262596,167.377914,103.847557
157.158630,89.291962,171.903564,105.068588
159.383667,90.276619,173.942017,105.854225
161.797989,90.968430,176.054520,106.224091
162.989838,92.411003,177.083099,107.492500
164.813370,92.951515,178.918015,108.045143
163.897537,92.180573,178.172958,107.456375
164.467834,91.941788,179.128052,107.628036
163.448883,91.745865,178.628448,107.986084
154.663696,89.837059,170.766968,107.058723
148.567245,87.770813,165.165085,105.516144
143.994232,86.613167,161.481720,105.300468
141.976181,86.540886,159.952042,105.743706
138.757629,85.053009,157.246948,104.826324
138.211548,84.828224,157.160339,105.085182
136.796432,83.155228,156.438492,104.178421
136.886719,82.329529,157.332458,104.236771
137.967194,79.288307,159.403168,102.232948
140.743652,77.729935,162.856262,101.381973
142.439850,75.881683,165.350464,100.366440
144.556656,75.359322,167.994644,100.417305
146.846298,74.686234,170.840958,100.347275
147.786774,74.224037,172.303131,100.450249
147.072861,74.835449,172.153336,101.670914
143.260025,74.473610,168.853531,101.841820
143.130234,72.789398,169.154984,100.622025
143.169052,70.979385,169.698044,99.334946
143.615311,69.943810,170.599991,98.788811
144.190765,68.808823,171.627441,98.139282
145.757828,67.672447,173.547012,97.380577
145.546753,66.256790,173.685944,96.339920
149.008255,64.534058,177.702866,95.210922
150.570602,62.805363,179.579208,93.817871
151.426239,61.276035,180.747589,92.622131
145.256470,58.087364,175.222626,90.121239
145.113647,57.229988,175.492401,89.717705
143.540497,58.543354,174.250427,91.383614
138.809525,59.078197,170.126724,92.564911
137.613434,61.465965,169.475708,95.531837
133.655457,59.656269,166.180939,94.447510
136.545914,60.469151,169.708450,95.936066
137.074417,57.536640,171.023117,93.835953
143.205063,55.608364,177.762863,92.570534
146.572403,50.911469,181.814468,88.597000
150.121887,47.956074,185.971069,86.282455
155.235016,48.345280,191.514252,87.137566
160.006866,50.334732,196.617950,89.476814
161.826416,51.850098,198.524384,91.086105
166.197083,52.492546,202.991394,91.832695
168.857330,51.245785,205.621460,90.553291
168.204666,46.840317,205.051895,86.237648
169.492874,43.794292,206.243637,83.087326
172.389969,42.219822,209.031784,81.395065
176.515289,42.667728,212.905670,81.571136
174.017532,46.423145,210.151932,85.056717
173.669373,52.700123,209.352905,90.858444
170.452805,57.369125,206.027969,95.410042
163.307846,60.618279,198.696793,98.457466
156.120819,62.586231,191.485565,100.399879
137.000000,68.000000,189.000000,123.000000
129.248779,65.674088,181.476501,120.914703
129.089905,66.427010,181.709045,122.081200
125.930580,63.905251,178.990768,120.025459
124.433220,59.386314,177.990295,116.031013
127.266678,60.158607,181.202545,117.203148
129.812851,61.865425,184.046417,119.229713
132.764755,62.426785,187.283539,120.091858
136.832336,64.747849,191.709000,122.790337
138.687149,67.449486,194.025940,125.987701
141.195755,70.716629,196.924622,129.665817
145.369659,73.621140,201.779953,133.288254
147.410934,74.733276,204.469330,135.082581
149.297699,72.162163,207.296371,133.500381
153.025726,62.816486,216.399216,129.900177
152.127747,60.910751,216.225464,128.763931
148.803085,53.319904,213.260361,121.549225
148.378708,48.362034,212.932144,116.693451
148.191696,43.955021,212.944016,112.497543
143.478256,38.138790,208.457108,106.921791
142.091614,40.876686,206.541656,109.098328
137.072754,45.189217,200.864136,112.711670
132.229370,47.423992,195.482025,114.374054
129.588654,47.778160,192.268372,114.128426
129.978653,49.142426,191.675186,114.447083
130.473175,49.750553,191.203888,114.027077
129.050064,51.289883,188.794571,114.515518
127.725945,52.277710,186.459625,114.425140
127.068802,52.282639,184.764465,113.321686
129.286331,50.135624,186.406952,110.559975
132.146912,51.502670,188.814133,111.450180
133.727432,55.071091,190.123718,114.733414
135.573181,59.730839,191.713760,119.123993
135.854187,64.523979,192.027054,123.951111
135.102036,68.093895,191.183624,127.424942
136.155716,70.772606,192.430542,130.307053
132.882736,69.863907,189.522552,129.782547
133.503647,63.485214,190.956726,124.259918
135.867905,54.865128,194.169312,116.532043
139.500366,49.724140,198.163742,111.771416
141.971283,52.830753,200.739914,114.990417
143.928101,57.563404,202.597458,119.617081
144.016159,62.602749,202.463409,124.419273
142.568390,64.735947,200.941391,126.474442
141.135544,66.486908,199.334229,128.042221
140.782822,68.209335,198.410980,129.165100
140.181381,69.460457,197.124878,129.696152
140.711945,67.302963,197.131149,126.977562
143.249802,67.459625,198.818878,126.239357
143.874161,68.216370,198.582214,126.088936
138.776321,66.697968,193.000916,124.060692
134.623947,67.831818,188.179504,124.489006
132.090622,68.846191,185.214478,125.047707
127.670815,68.718117,180.519379,124.629044
121.520699,67.872910,174.170746,123.574074
117.006897,66.604759,169.569611,122.213638
111.925827,65.760384,164.533096,121.416336
108.027107,65.920815,160.384521,121.312775
111.542000,65.181679,163.721741,120.385910
112.840828,62.684570,165.137573,118.012428
114.075226,57.771381,166.674347,113.418732
118.207115,58.299965,170.857803,114.001793
120.978058,62.781506,173.539658,118.389198
123.959503,68.908989,175.945084,123.908058
128.015228,73.898872,179.585464,128.458633
134.532974,75.082764,185.682983,129.198059
141.780594,72.590134,192.338837,126.079529
146.471527,68.745293,196.584549,121.763268
149.405502,63.923908,199.792450,117.231926
152.362183,60.592262,203.055435,114.224609
154.966843,57.804489,205.619354,111.393700
156.806549,56.775246,207.289505,110.184921
157.454346,57.746609,207.809738,111.021233
156.667511,58.920525,206.806656,111.966171
156.352905,60.706821,206.508560,113.769958
156.066620,63.175007,206.110825,116.120148
151.775314,65.530205,201.860779,118.518242
148.822754,66.530441,198.806778,119.413055
148.154190,66.388092,198.762573,119.932526
143.804428,65.907516,195.120972,120.201767
143.632172,63.140743,195.569351,118.091431
143.136887,60.962601,195.656128,116.528946
142.570374,60.291523,195.895706,116.709579
141.731201,61.424934,195.922684,118.757263
141.324295,61.807243,196.085052,119.739914
141.233444,62.738029,196.298828,120.991928
143.613388,63.628349,198.766968,121.975174
146.547897,64.844437,201.262482,122.728752
147.016953,65.072556,201.369141,122.574699
146.409348,66.195831,200.321960,123.234413
148.652985,67.723495,202.059891,124.218925
147.143524,70.362396,200.011551,126.289024
142.754364,75.530083,195.004013,130.803345
142.931412,80.282578,194.947998,135.309586
144.421204,83.691757,196.230911,138.500168
144.408997,87.368851,196.193619,142.150711
141.523254,89.192924,193.447647,144.122620
137.863037,87.561676,190.089127,142.810455
138.186874,84.945877,190.785461,140.588242
140.024872,83.442406,192.871735,139.347107
137.278412,81.077805,190.167511,137.027130
138.829147,77.172264,191.785141,133.192291
141.592606,76.164856,194.564621,132.202118
144.526505,76.606430,197.212112,132.335678
148.379272,77.477097,200.829193,132.957321
151.772263,78.319313,203.923813,133.484283
153.366852,78.727486,205.188324,133.543701
156.288177,78.937035,207.950317,133.584702
158.320328,77.694382,209.906113,132.261292
158.561661,73.261276,210.094986,127.772705
158.002930,71.470306,209.439453,125.879333
154.722046,69.423882,206.056671,123.725151
150.480789,66.676170,202.116592,121.295982
145.957031,67.401924,197.728119,122.164818
140.393372,70.534523,192.287231,125.427269
135.495514,73.177765,187.454315,128.139206
130.948227,74.691193,182.744980,129.481216
127.711830,76.701706,179.481476,131.463043
122.821991,77.901009,174.557999,132.626770
118.561089,78.431099,170.107315,132.956131
118.412651,78.401558,169.698349,132.651031
114.936485,75.753304,166.071030,129.842911
115.793343,71.462761,166.704681,125.316284
118.533836,70.210846,169.303360,123.914207
121.173172,72.011398,171.380310,125.119286
123.589981,76.758179,172.915466,128.932541
127.796608,81.411255,176.363251,132.781265
133.846451,86.949036,181.665802,137.526031
138.808487,90.359718,186.165619,140.445618
144.654709,90.439301,191.682007,140.174759
147.850815,88.553406,194.750702,138.156143
154.358582,85.472000,201.257797,135.074005
161.398041,83.113480,208.324570,132.744537
164.866974,84.036331,211.852890,133.730576
167.893600,86.775909,214.807068,136.393082
170.098984,90.851440,217.070709,140.530594
170.533356,93.784981,217.271530,143.215668
168.218048,95.054329,214.679428,144.190552
164.581726,94.127174,210.863083,143.071884
160.152176,92.169289,206.286133,140.960342
158.451355,89.668755,204.461044,138.330231
156.613937,89.637886,202.485168,138.155014
153.127274,90.060287,198.927887,138.502182
151.906708,89.396217,197.550644,137.671219
152.862808,88.626831,198.557678,136.956100
151.258636,88.820557,197.146561,137.355469
149.162262,89.846809,195.485214,138.845108
146.567001,90.377495,193.137421,139.633789
143.695923,90.158409,190.417282,139.575287
142.785172,89.981529,189.486938,139.377579
142.246719,90.160301,188.959534,139.568100
141.838455,90.123100,188.376068,139.344513
142.007629,88.316986,188.245102,137.219101
143.589813,86.288223,189.865738,135.230408
145.235382,85.096230,191.757980,134.295578
148.094040,84.459206,194.984222,134.049606
153.158508,86.165207,200.310410,136.034058
158.290726,88.605286,205.678467,138.719803
161.891830,91.747719,209.404358,141.994827
163.565216,93.733643,211.597214,144.532684
165.071213,94.924080,213.768768,146.415848
166.609528,94.742134,215.828140,146.786880
168.801285,92.988541,218.332001,145.364120
169.743347,90.553688,219.473557,143.140732
169.607849,89.163376,219.300339,141.710449
169.878387,88.480164,219.326523,140.768234
168.983337,87.916916,218.318985,140.085754
170.507904,87.123528,219.356094,138.775681
170.709457,82.893570,219.486084,134.469772
174.480362,80.066757,223.263123,131.649460
177.606735,81.566635,225.815491,132.540176
177.402771,85.015633,224.713608,135.054596
179.373337,87.630219,225.266724,136.163162
182.099503,88.745834,227.595428,136.855377
181.443741,90.030090,226.711975,137.897079
179.562622,89.712875,224.998489,137.754791
177.428452,89.643066,223.267426,138.114380
174.924942,88.444450,220.957642,137.122116
171.695511,87.009552,218.003326,135.974045
166.546219,85.120865,213.250305,134.498474
164.273941,84.801743,211.467590,134.700165
164.341232,86.392845,211.776672,136.543137
163.119873,86.666748,210.969315,137.256927
161.143417,86.608215,209.558807,137.799713
159.784836,84.789825,208.978333,136.807068
155.623978,82.014961,205.812469,135.086929
152.364288,78.470497,202.526108,131.514236
151.722122,74.762177,201.877686,127.799294
151.349136,72.240784,201.312622,125.074516
147.536255,70.544823,197.130295,122.986954
154.087570,69.821678,203.525848,122.098694
157.575089,71.380409,206.872406,123.507996
162.272049,74.546204,211.325287,126.415077
166.089157,77.798515,214.996216,129.515350
167.322983,78.584305,216.200684,130.269974
170.162476,78.215752,219.098007,129.962799
172.324539,77.950340,221.221558,129.656494
171.335724,77.564651,220.158676,129.192215
168.217651,76.955963,216.759415,128.285110
166.214050,74.694344,214.584610,125.841789
166.719620,72.384773,215.192505,123.640800
164.215057,72.941147,212.704910,124.215179
161.072205,75.671501,209.302200,126.669777
160.477661,79.440407,208.567581,130.292892
158.438263,82.899490,206.490921,133.713181
156.108017,84.408005,204.191833,135.254120
150.900146,82.615562,198.984634,133.462387
145.002594,80.508385,192.976089,131.239670
143.292282,78.622185,191.152405,129.233017
140.196304,76.869804,188.033844,127.456650
137.207214,75.756027,184.925095,126.215721
136.159286,75.091545,183.712280,125.376053
133.349548,75.577057,180.516983,125.451897
132.370575,76.244225,179.309891,125.881439
132.821213,78.574608,179.316437,127.739380
134.374008,79.393677,180.637451,128.311859
137.788788,79.263290,183.823990,127.943527
142.215652,78.888885,188.097626,127.409363
147.350449,79.334000,193.111053,127.725174
152.743134,79.320702,198.312729,127.508415
157.387405,77.964851,202.732544,125.913475
159.606766,77.484261,204.573883,125.038414
163.081467,76.067406,207.688538,123.237526
165.188583,76.784073,209.617188,123.763840
166.797699,79.662712,211.000381,126.406532
166.695557,83.648430,210.674332,130.158401
166.012787,87.072662,209.878250,133.461609
164.128326,89.940277,207.880173,136.207855
162.174332,92.256493,205.785919,138.374252
160.565536,93.416069,204.156372,139.511673
157.883331,93.342667,201.364853,139.321503
153.051254,89.749168,196.612732,135.811584
152.583160,85.573654,196.343826,131.848831
147.945694,83.644569,192.089081,130.328552
145.058334,84.135399,189.242523,130.862000
140.022675,87.430771,184.351242,134.308151
137.654266,88.966690,182.288254,136.163071
136.776901,88.686737,181.825653,136.325546
135.453766,86.364098,180.912613,134.430817
133.012604,85.828186,178.874741,134.324493
132.168625,85.261864,178.492889,134.250443
130.053268,84.917168,176.778473,134.323746
127.071434,83.898338,174.258209,133.795944
124.792953,83.621155,172.093430,133.637192
122.251755,82.871742,169.657608,132.999741
119.128311,80.898338,166.628830,131.126923
