162.000000,92.000000,214.000000,147.000000
161.553726,92.568230,213.493607,147.504700
159.658737,96.210281,211.067001,150.584457
156.552231,99.286285,207.686111,153.370239
154.075104,100.009201,204.359406,153.194565
151.483185,99.092010,200.542236,150.980042
150.131577,94.997108,198.911270,146.594589
149.390915,90.614204,197.211197,141.193527
148.541641,87.583168,195.942398,137.716751
148.231476,87.049927,195.632904,137.184219
145.172943,86.806000,192.811432,137.192169
138.773682,86.750374,187.001648,137.762878
133.553314,89.830803,181.740448,140.799973
127.292206,91.896935,175.911072,143.315460
123.144150,91.376244,171.995621,143.041611
122.390274,88.757538,171.576431,140.778076
122.483620,85.880577,171.960785,138.209579
124.790543,85.032982,174.459396,137.565170
127.350075,85.593575,177.728653,138.878082
129.815720,86.576530,179.973755,139.627518
131.713898,89.846375,181.719345,142.735794
131.446152,92.762695,181.425293,145.624771
131.283844,93.915535,181.296432,146.813034
132.203217,94.352669,182.441452,147.484665
132.727585,96.115211,182.806244,149.078232
134.075455,97.516800,183.586029,149.889465
133.678391,96.090561,183.290741,148.571121
135.317215,91.740768,184.873535,144.161911
138.351639,86.651939,187.779205,138.936615
143.175919,81.013863,193.485809,134.233810
148.095123,77.698807,198.071487,130.565613
151.604813,76.203659,201.939819,129.450638
155.600204,75.440094,206.026001,128.783203
159.658875,75.372047,210.028702,128.655884
162.593216,77.712860,212.756042,130.777527
163.788986,80.865028,213.407227,133.353073
162.967133,82.001350,212.025589,133.896042
161.558807,80.507416,210.672531,132.459595
159.525879,77.412720,208.800797,129.532562
155.656479,74.636986,205.243683,127.087868
152.026428,72.745842,201.949600,125.552864
148.246552,74.139557,198.342606,127.129822
141.693375,78.806320,192.012512,132.028427
135.234070,82.952118,185.682907,136.311554
130.717377,84.898682,181.918686,139.054871
126.339508,83.937500,178.647537,139.264267
123.329292,83.656876,175.856522,139.215240
121.664131,83.969322,174.818405,140.190216
120.119530,84.020599,173.124420,140.083817
119.995300,81.882729,173.093094,138.044006
121.058640,76.219139,173.919647,132.130478
122.917999,72.104996,175.801071,128.039642
126.330681,70.918159,179.485031,127.139442
129.694946,72.905487,182.624374,128.889343
131.305969,77.395775,183.773758,132.891861
133.561295,82.906982,185.715576,138.071823
136.829895,87.668671,188.780716,142.618546
140.281891,91.210083,192.501175,146.443893
142.864594,92.626755,195.095261,147.872589
145.184845,90.095787,197.895340,145.848618
149.327560,84.896721,202.397247,141.029068
152.649704,77.910347,206.564606,134.934860
156.491669,73.082191,210.674088,130.394028
156.937332,69.873451,211.693756,127.790604
158.537048,70.012978,213.406723,128.049576
158.376511,76.336868,212.702820,133.790588
154.990189,81.685951,208.684418,138.473114
153.307388,83.238411,206.520538,139.517761
151.360352,85.532112,204.081497,141.292130
151.506683,86.994568,203.487869,141.972717
148.994949,86.518456,200.575775,141.073151
149.098557,83.527267,200.380798,137.766144
150.525665,80.341469,201.582718,134.342148
150.941711,80.795799,201.948593,134.743423
151.224869,85.842438,201.726074,139.264923
149.388794,90.913910,199.353928,143.768799
147.549042,91.610901,197.478134,144.427582
146.558899,91.604454,196.454819,144.385986
145.510925,92.608070,195.402359,145.384872
144.276138,93.942612,194.328125,146.889603
142.228195,93.587486,192.039581,146.284439
138.364975,90.717796,188.183380,143.422165
134.604004,87.819801,183.806686,139.871521
133.356918,84.908813,182.829681,137.246826
134.642532,84.067604,183.758911,136.027847
133.014755,89.238968,181.623169,140.670944
132.131134,94.607361,180.493149,145.777863
133.083023,98.392799,181.089142,149.185608
134.293152,101.992027,182.496017,152.989609
136.403610,105.355682,184.823303,156.578934
139.303009,104.890862,188.297806,156.724411
140.580002,98.480888,190.223663,151.003036
144.296341,88.638306,194.663910,141.927811
147.375778,81.737846,198.828949,136.176804
152.301697,77.682007,204.171341,132.561462
156.233871,75.826447,208.642029,131.275482
157.412659,78.466354,209.696182,133.783707
158.940353,81.539597,211.048828,136.671997
160.899582,83.096077,212.829071,138.039352
162.882568,83.877762,214.463364,138.452225
164.066193,84.851173,215.060349,138.805145
164.400421,84.324097,214.834000,137.684525
164.352051,84.350151,214.054855,136.936813
164.488251,83.743919,214.058945,136.190552
162.976410,83.567635,211.901901,135.330338
161.852921,82.318481,210.359222,133.636337
161.099167,83.907516,209.475769,135.087738
157.108505,88.865501,205.075958,139.611511
153.318756,90.967758,201.328354,141.758530
150.099762,90.887314,198.084549,141.652237
146.535263,93.292381,194.608063,144.150818
142.051239,95.920830,190.079514,146.732941
137.936127,93.848541,186.464706,145.181381
137.993042,89.839165,186.878799,141.551056
139.265213,87.117447,188.239532,138.923325
140.130447,86.468430,189.576233,138.774643
140.007172,86.421402,189.294266,138.559402
140.435379,87.033104,189.664886,139.110077
139.027100,87.694397,188.320694,139.839310
139.927322,89.545532,189.534973,142.023346
141.087708,92.092690,191.129288,145.030472
141.616180,93.263237,192.245224,146.811523
143.443619,91.996269,194.688721,146.196854
146.229080,88.899315,198.352936,144.029343
147.986252,85.803329,201.156891,142.039383
150.783707,83.156158,204.762360,140.245117
154.976974,80.778915,209.747314,138.718201
159.685379,78.735397,215.118835,137.373962
163.714188,77.910210,219.714386,137.145874
165.856247,78.152924,222.300995,137.856537
167.239578,80.339783,223.427399,139.772949
168.385956,81.346519,224.655960,140.866196
169.015305,81.438904,225.173431,140.840805
169.416809,80.812897,225.375717,140.005081
167.785660,80.216644,223.419037,139.060059
166.735870,78.644585,221.953690,137.050201
166.458664,76.909363,220.822510,134.415253
168.581360,73.514908,222.347427,130.390396
170.679352,71.415375,224.144455,127.973183
169.963440,70.248009,222.874557,126.221069
167.849548,69.745667,220.495865,125.438927
163.360443,69.213287,216.076462,124.980186
161.298813,70.641159,214.061310,126.457176
157.549637,72.731270,210.350525,128.587845
153.751709,74.717285,206.461807,130.477936
149.927963,75.358780,202.284973,130.746368
147.859848,74.037712,199.845337,129.032745
145.918060,69.997711,197.859879,124.946571
144.119080,65.507820,195.635269,120.006516
142.262085,62.854225,193.537338,117.098099
142.123672,61.638363,193.598358,116.093163
139.384766,61.513916,191.268784,116.401672
139.832535,62.803959,191.799438,117.779381
139.422729,65.256622,191.996414,120.873825
138.928680,70.452179,191.768326,126.350388
139.433640,75.121925,192.550262,131.312805
140.025116,77.411903,193.485947,133.966125
140.141068,76.048523,194.475250,133.524628
141.480591,73.423355,196.812027,131.951096
141.164337,69.480530,197.756699,129.336761
140.337311,65.449089,197.988022,126.419395
141.658386,61.444790,200.221512,123.374702
141.471237,57.880646,200.660614,120.468651
141.541245,56.650021,201.174744,119.704338
139.734207,57.566422,199.270752,120.517303
138.035995,59.504814,197.059814,121.917320
136.480911,62.575058,195.056549,124.516968
135.622101,66.860275,193.679672,128.257767
135.130280,70.687935,192.782486,131.659454
135.213745,73.597931,192.210434,133.880035
136.403275,75.179359,192.667084,134.677139
135.331039,73.573158,190.986176,132.430222
136.210342,69.675209,191.453003,128.097672
136.714981,65.612701,191.418762,123.467415
136.234116,62.284695,190.295349,119.461815
135.371429,60.148327,188.596115,116.443260
135.135803,58.829456,187.630569,114.353928
134.388077,59.351318,186.282440,114.241394
136.025269,61.963387,187.430496,116.336113
138.145370,65.067490,189.069550,118.931427
140.074982,66.499466,190.857925,120.213852
139.851913,68.914131,190.397369,122.377052
138.685135,71.950195,189.111420,125.286942
135.524979,73.736038,185.919098,127.038727
132.513199,75.461021,182.933716,128.791656
129.209793,75.807625,179.472839,128.971512
125.450897,73.886864,175.575455,126.904129
123.961411,72.028824,174.074615,125.034081
121.501701,70.275574,171.417068,123.071358
118.776840,69.008873,168.737549,121.852707
115.770508,69.136086,165.554977,121.793106
115.977608,69.120148,165.505219,121.504906
116.818390,69.953735,166.435394,122.433266
118.782906,70.049988,168.276886,122.399117
122.645409,68.388939,172.289627,120.897308
126.812073,63.733696,176.726944,116.528961
130.832489,59.736698,180.972946,112.771088
131.470276,57.059723,181.822464,110.318306
132.083725,51.607712,182.639343,105.081703
137.923172,53.365112,188.239624,106.585854
143.336868,56.883686,194.026794,110.499886
145.852570,60.716221,196.605057,114.398659
150.628937,62.232700,201.494431,116.034798
154.799072,64.412659,205.832047,118.392097
156.797516,63.828293,207.906082,117.886238
159.596863,64.305481,210.814987,118.479301
160.726837,65.152893,212.020432,119.406532
162.122620,68.081467,213.345657,122.260475
164.686569,71.531708,216.192291,126.009712
166.044724,73.584526,217.808289,128.335236
167.544266,74.840927,219.969818,130.291824
168.314850,75.263237,221.631760,131.655945
167.778152,75.960831,222.002777,133.311676
165.034714,75.039299,220.285919,133.472717
159.448578,72.900574,215.637833,132.322311
155.262070,74.024483,212.402527,134.447510
150.249405,73.156044,208.363495,134.603058
145.525574,72.777870,204.341629,134.962555
139.254578,71.419197,199.076797,134.678268
137.013031,69.922501,197.888809,134.305374
134.232925,68.945335,196.000092,134.278061
131.453156,68.142441,194.162521,134.478134
131.795807,69.310402,195.294022,136.485031
133.668030,72.872894,197.873016,140.798477
135.336838,75.712860,200.287918,144.418976
139.818481,77.574501,205.456757,147.010101
144.116653,78.603188,210.065536,148.368225
149.082977,78.653564,215.550842,148.969040
154.513626,78.575974,221.223648,149.148056
159.656616,77.746513,226.317810,148.266861
163.593307,78.036644,229.869186,148.148666
166.792801,77.503784,232.270828,146.770309
169.915314,76.755814,234.332825,144.897552
172.511627,77.242363,235.985260,144.382141
173.113693,80.135139,235.618607,146.245651
171.049957,82.806305,232.388031,147.675888
170.455246,85.648201,230.791306,149.467300
168.767899,88.105148,228.198593,150.974365
167.833786,88.805122,226.340714,150.704376
167.687561,89.724586,225.428284,150.818665
168.333771,89.537338,225.393341,149.903275
169.106140,89.128975,225.609039,148.909439
170.200165,87.961227,226.344666,147.364441
173.479935,87.155342,229.577103,146.508743
175.591492,87.027290,231.790802,146.488205
176.532059,87.105751,232.877548,146.720551
179.463684,89.169312,236.177399,149.171707
179.236755,90.814041,236.480652,151.383820
179.494125,91.791687,237.593887,153.261612
179.045044,91.601730,238.091309,154.066284
177.479721,91.074699,237.286728,154.338013
172.984299,88.184982,233.523300,152.229095
169.411880,83.167747,230.904373,148.227890
167.678635,79.978279,229.819962,145.729095
165.137131,76.744225,227.581100,142.812088
164.223953,73.727798,226.513748,139.631699
162.127670,70.530708,224.214493,136.221970
162.477249,68.759132,224.648300,134.538635
162.387070,69.188332,224.607315,135.019379
162.511444,73.010406,224.777588,138.889557
161.063400,80.104561,223.465561,146.126190
161.320358,86.145760,223.887070,152.342392
163.400330,89.302414,226.149017,155.692596
165.166977,88.388336,228.349258,155.239639
167.235870,84.648399,230.878052,151.981171
169.461517,78.606201,233.747192,146.622681
170.796677,73.432999,235.188583,141.562241
173.025452,70.288673,237.490906,138.495987
173.100723,68.439156,237.427780,136.499573
172.444000,66.214920,236.577454,134.069809
171.111191,65.824387,234.798172,133.212204
170.286346,69.312370,233.400299,136.091354
169.121399,72.545708,231.833160,138.903671
168.632553,75.723671,231.105301,141.827454
168.122345,76.828224,230.581055,142.917068
163.676178,76.744087,226.211395,142.914291
157.443130,75.214058,219.964157,141.369186
151.637741,73.687424,214.156113,139.839752
146.149780,71.328651,208.478119,137.278885
140.749176,66.139862,203.369965,132.396484
132.051804,61.441174,194.851151,127.887688
127.203659,59.756542,190.254349,126.470360
123.099411,59.488293,186.253616,126.310478
121.624352,61.240303,185.093109,128.391800
119.322693,65.591736,182.898926,132.857422
118.992035,71.519295,182.919067,139.157700
118.164871,76.469589,182.348648,144.380783
118.762459,78.245247,183.227585,146.450790
121.321907,77.186722,186.144424,145.771667
126.951759,78.011314,192.297440,147.151611
132.136459,77.320213,197.660812,146.650024
137.554611,75.315910,203.501358,145.093719
145.576248,73.730835,211.604660,143.595245
146.597473,73.300499,212.542206,143.077499
145.722885,72.492088,211.702530,142.306122
142.044846,71.599442,208.161392,141.558685
137.299332,71.841507,203.799942,142.201996
131.195847,71.790375,198.268997,142.757584
124.494926,73.308525,192.104675,144.836014
116.118439,73.221710,184.619949,145.693420
108.066727,71.653244,177.391663,144.996109
100.977562,68.012825,170.954514,142.044952
94.003578,62.389858,164.660675,137.150711
87.363358,56.662384,158.215515,131.629288
82.468254,53.412525,152.792465,127.821747
81.834389,52.749672,151.993500,126.984489
80.818939,54.225517,150.993362,128.476501
80.283989,60.375492,150.281998,134.440109
78.720863,67.370827,148.655823,141.367889
76.705559,72.589104,146.314072,146.241058
73.579620,76.272873,142.885117,149.604507
67.610352,77.936554,136.788040,151.133057
61.334229,77.076752,130.216995,149.961487
55.375278,75.420433,124.058098,148.093628
50.077408,71.236855,118.301720,143.424973
51.097328,67.574226,118.885345,139.300766
51.704044,63.611439,119.056519,134.876816
54.569744,63.525757,121.336731,134.171204
59.708675,64.279465,125.749374,134.155258
65.085327,68.556686,130.301834,137.571381
67.499573,72.414040,132.108887,140.784744
68.631935,75.353088,132.807831,143.263702
73.500183,77.351418,137.047379,144.604309
77.697052,79.808640,140.739517,146.525253
82.429932,80.438370,145.194931,146.864517
87.267967,77.478012,149.861374,143.721680
91.623100,72.712570,154.386154,139.136642
95.744408,64.007805,159.265366,131.237915
103.781837,56.633934,168.060211,124.668793
112.399414,51.993408,177.324844,120.715141
119.436974,52.280983,185.164841,121.854538
124.072655,56.844955,190.150375,126.789574
125.160370,60.018059,191.657562,130.400940
127.042587,62.244377,193.786667,132.888885
128.311935,62.925434,195.616348,134.163712
129.898666,64.482956,197.983109,136.547165
129.178299,64.378716,198.195999,137.430283
127.884346,62.574165,197.688278,136.456894
129.202530,60.415119,199.647659,134.975677
129.778870,58.635601,200.298126,133.274460
128.793335,55.783398,199.491974,130.611740
130.342072,55.551098,201.135010,130.479050
129.179199,57.549599,199.878662,132.378799
129.259842,58.461983,200.044235,133.380875
129.248627,60.163116,200.069183,135.120209
128.429352,60.491737,199.388611,135.595337
128.888443,60.874893,199.769302,135.894562
129.367798,61.153687,199.906464,135.807053
132.086456,60.288902,202.036194,134.320175
134.470306,56.584278,203.771332,129.920486
138.063492,52.019844,206.719345,124.674004
143.528839,49.706470,211.525085,121.662781
147.359451,49.660183,214.715683,120.938820
150.236023,55.922489,216.642578,126.195587
150.412949,63.578045,216.094986,133.083359
149.116348,70.009361,214.237991,138.920319
149.553848,74.715691,214.100815,143.025833
148.749756,76.541183,212.841705,144.368301
145.438553,72.856979,209.057755,140.189529
145.097229,67.045380,208.169220,133.796509
149.792450,62.191471,212.007690,128.045685
155.997604,59.206326,217.462570,124.274529
161.283325,61.566395,221.765320,125.588211
161.622391,64.587372,220.683304,127.094917
161.777100,69.610924,219.532074,130.747253
157.716980,72.420502,214.343567,132.350632
150.830032,74.644150,206.462967,133.528320
145.199020,74.481239,199.919632,132.404190
139.227005,74.372391,193.327103,131.640976
131.270935,69.812370,184.895111,126.579079
127.015991,65.802917,180.445984,122.364655
125.518417,59.882679,179.094040,116.598137
128.601700,58.188980,182.408432,115.148392
129.444534,60.206657,183.436386,117.361458
128.715485,62.429783,182.917419,119.810219
128.916992,65.258308,183.180756,122.703941
129.311218,67.913803,183.300201,125.069672
127.969612,68.656631,181.802521,125.644867
125.355171,69.950569,178.998657,126.738853
122.921165,70.669792,176.369278,127.251854
120.214867,68.101753,173.491928,124.503273
123.433014,64.492630,176.828766,121.019440
126.790115,62.617344,180.089767,119.042725
130.157852,61.363861,183.614151,117.954597
139.698090,65.711761,193.269470,122.423958
144.191299,68.975319,197.890945,125.822922
149.822479,68.995621,203.824127,126.161987
157.677032,66.256744,211.967957,123.728165
161.980743,64.429214,216.431427,122.069122
165.444687,62.407272,219.851395,120.000793
167.407654,61.839581,221.305054,118.896027
169.435104,61.403667,222.525497,117.593323
169.548035,57.864773,221.855072,113.227554
171.187637,54.827221,222.740799,109.393463
172.147766,53.496628,222.966431,107.286011
171.066376,53.545296,221.110565,106.514641
171.158173,55.467651,220.643219,107.855911
174.321762,62.810013,223.198349,114.553299
171.499954,69.827675,220.077316,121.253410
167.835159,74.263695,215.958450,125.207558
163.568649,76.586029,211.686050,127.523773
157.455826,76.337410,205.342484,127.034996
152.429092,72.781082,200.165268,123.318787
151.539612,68.527336,199.862701,119.688622
155.614670,62.988564,204.352402,114.589882
157.070465,62.231972,205.805450,113.830360
157.920105,64.256920,206.492462,115.682716
157.499130,68.041481,205.446671,118.804207
158.906555,72.487564,205.954163,122.294128
159.526443,75.351540,206.048203,124.610359
158.926575,77.486969,204.821747,126.079193
159.401917,80.455406,204.669098,128.378693
159.917160,82.495651,204.278824,129.474060
162.136566,82.823036,205.856628,129.131302
164.020874,78.362259,207.347992,124.250771
163.183289,74.594582,206.052032,120.003891
166.695526,74.014717,209.187866,119.021347
169.381500,77.686531,211.367249,122.151230
128.000000,29.000000,158.000000,61.000000
119.664925,32.234268,149.451553,64.007133
110.747238,34.385792,140.333313,65.944717
101.756706,34.870388,131.199966,66.276985
95.418800,33.596760,124.676544,64.805481
90.483467,30.909796,119.902557,62.290619
83.746597,26.580673,112.991768,57.775974
147.000000,80.000000,199.000000,135.000000
142.179718,77.882286,194.003845,132.696472
139.756760,76.710396,191.651932,131.599747
136.154678,71.733414,188.411026,127.004784
134.912476,64.568855,187.667480,120.367111
133.119263,64.110184,186.266449,120.322823
130.354797,68.111099,183.724060,124.558136
130.411880,70.256088,184.149002,127.091431
130.362854,71.186356,184.553131,128.500015
127.504944,74.428764,182.490662,132.581253
125.590652,76.370903,180.817581,134.782150
124.693329,76.921089,180.034119,135.452286
122.818436,76.622681,178.539291,135.554306
125.983139,75.422684,182.089859,134.760834
131.975357,75.774887,188.175064,135.210907
138.226837,76.257668,194.624207,135.901764
144.921631,76.367523,201.612549,136.320602
150.119431,76.100555,206.823563,136.067520
153.505081,75.695892,210.303482,135.762070
155.230743,77.592705,211.743439,137.353134
154.024506,80.003830,209.811340,139.000198
155.110107,79.655663,209.946411,137.650589
159.175461,77.310410,213.300430,134.555191
157.918991,77.021507,211.070236,133.239441
157.442230,77.449524,209.176422,132.171677
151.646881,76.713776,200.791534,128.696976
146.911545,73.110107,194.996262,123.990982
149.149185,74.755379,194.810471,123.113899
147.334351,78.985626,191.122772,125.349136
146.397461,82.208031,188.498322,126.768898
144.969193,85.432762,185.665634,128.523880
143.619156,86.811165,183.070633,128.566223
148.830399,88.603416,187.324966,129.353714
151.064987,89.793381,188.839127,129.786316
153.350998,90.268356,190.463821,129.565186
154.530579,91.714981,191.226410,130.572876
156.535950,92.274094,193.051819,130.942291
155.642441,91.552391,192.143509,130.204971
156.224625,91.338936,193.031174,130.313507
155.299026,91.226196,192.353165,130.461761
146.712814,89.064224,185.314987,129.929306
140.385971,87.169090,179.774246,128.860596
135.942535,86.100090,176.035675,128.531708
133.936035,85.995422,174.738922,129.171402
130.488785,84.479614,172.380722,128.824341
129.798462,84.053940,172.812836,129.601273
127.967506,82.247765,172.307404,129.180862
127.812401,81.397614,173.535934,129.775848
128.992645,78.530716,175.725525,127.984116
131.491531,76.850449,179.439743,127.596741
133.188080,74.827682,182.272705,126.781418
135.036301,74.189156,185.008347,127.065804
137.121841,73.391556,188.091324,127.325485
137.747025,72.789581,189.543106,127.598724
136.960526,73.407372,189.422134,128.920441
133.062119,73.051041,186.206985,129.286041
132.831299,71.295425,186.651978,128.243774
132.779587,69.547615,187.177322,127.105080
133.192047,68.607780,188.051880,126.652534
133.715927,67.566399,188.877121,125.934441
135.119431,66.497360,190.684738,125.291153
134.616882,65.037819,190.701660,124.378914
137.949707,63.474506,194.581604,123.391502
139.206039,61.840908,196.257767,122.199829
139.607605,60.341427,197.160675,121.227615
133.164719,57.036991,191.438980,118.681679
132.699860,56.083076,191.742096,118.534790
130.913406,57.327267,190.562973,120.416672
125.941513,57.893192,186.498764,121.950798
124.837662,60.151920,186.147293,125.011253
120.701729,58.230644,183.126572,124.259155
123.176361,59.025715,186.537354,126.049805
123.193230,56.076797,187.807617,124.432625
128.885544,53.792534,194.693375,123.415253
131.655930,48.924210,198.857986,120.025658
134.772614,45.884716,203.035767,118.109665
139.523438,46.044979,208.913727,119.462418
143.994003,47.885456,214.011307,121.965721
145.660538,49.404343,215.711197,123.519836
149.977966,50.114792,220.122528,124.329483
152.575790,48.801586,222.854874,123.158371
152.006393,44.477974,222.213455,118.758667
153.291077,41.387756,223.486206,115.655861
156.244949,39.891151,226.100937,113.801010
160.244125,40.215870,230.045822,114.068336
157.822983,44.028748,227.071335,117.296249
157.348480,50.148655,226.160828,122.955231
154.266327,54.942818,222.719421,127.369293
147.243912,58.246746,215.483139,130.446960
140.028839,60.142986,208.438019,132.523010
133.565598,60.561047,202.282913,133.267075
125.786293,58.129272,194.998093,131.358459
125.613068,58.796627,195.368500,132.600510
122.536201,56.215427,192.762360,130.516937
121.091728,51.700642,191.877579,126.593384
123.915009,52.406536,195.130585,127.753212
126.314240,53.980434,198.037811,129.863327
129.145218,54.348919,201.353012,130.742920
133.298203,56.550678,205.969467,133.433563
135.134674,59.138855,208.399933,136.648300
137.661636,62.356052,211.443680,140.410202
141.789474,65.101593,216.524490,144.173111
143.727478,66.005470,219.522949,146.208160
145.401428,63.139347,222.597412,144.834686
148.584061,53.171043,232.535538,141.968323
147.443817,51.183102,232.212677,140.846405
143.813217,43.648544,228.723038,133.461105
143.300705,38.815285,228.109207,128.520554
142.861496,34.244930,228.093369,124.398460
138.100143,28.416763,223.655197,118.912254
136.748779,31.179310,221.743713,121.082115
131.874268,35.579109,215.967834,124.527534
127.188721,37.907101,210.636505,126.179352
124.669930,38.277969,207.626846,126.030136
125.149605,39.681419,207.023331,126.285149
126.105392,40.488136,206.619308,125.649132
125.057747,42.230835,204.268692,126.008438
124.090347,43.356705,202.006866,125.775162
123.443993,43.500996,200.155334,124.637016
125.805954,41.494972,201.721802,121.783852
128.765213,43.075672,203.977783,122.615005
130.425003,46.705154,205.215302,125.799980
132.325821,51.442379,206.789032,130.188324
132.591736,56.259415,207.117508,135.071274
131.775894,59.742699,206.235229,138.484573
132.791718,62.391773,207.533493,141.431137
129.531631,61.224567,204.763397,140.786575
129.994217,54.591747,206.277557,135.260681
132.108994,45.845177,209.504272,127.683815
135.647644,40.660320,213.553391,123.035606
138.119766,43.863472,216.134247,126.354469
140.086624,48.591290,217.953186,130.926880
140.063553,53.616329,217.724487,135.733109
138.638031,55.750992,216.200821,137.763336
137.320221,57.545288,214.705551,139.368805
137.080444,59.290447,213.767776,140.380173
136.545959,60.620148,212.311966,140.728714
137.109528,58.538536,212.218491,137.946838
139.746353,58.816505,213.790070,137.103500
140.543396,59.766678,213.515823,136.925262
135.469727,58.344803,207.919449,134.944855
131.293564,59.446354,203.131073,135.400620
128.849014,60.528858,200.165924,135.933594
124.444214,60.466526,195.454300,135.547379
118.316978,59.653740,189.061798,134.454590
113.815262,58.401604,184.475525,133.113144
108.855766,57.558914,179.374435,132.120895
104.929161,57.526447,175.228348,131.856583
108.360931,56.728642,178.558380,130.951309
109.672043,54.136467,179.941086,128.434753
110.992920,49.151043,181.650635,123.859901
115.206459,49.504608,185.959442,124.314095
118.153572,54.108223,188.438171,128.422943
121.263504,60.424969,190.726105,133.871384
125.265579,65.651947,194.117065,138.452332
131.867126,67.000725,200.116501,139.164093
139.095932,64.643761,206.690338,136.114197
143.848740,60.895176,210.859467,131.747604
146.863235,56.319443,213.865906,127.163460
149.695190,53.232410,216.842789,124.227737
152.267166,50.404942,219.336914,121.318970
154.183548,49.236626,221.048340,119.936661
154.900787,50.157845,221.522995,120.600815
154.154785,51.304596,220.630753,121.592583
153.922165,53.061405,220.421600,123.374260
153.694229,55.589897,220.001190,125.698784
149.526855,57.854465,215.726486,127.849609
146.429077,58.730949,212.672318,128.771652
145.824081,58.778381,212.446655,129.221069
141.436493,58.173462,209.290207,129.920807
141.014435,55.263241,209.997086,128.205917
140.374054,52.892448,210.237656,126.767136
139.542114,52.029205,210.666336,127.236534
138.732834,53.028046,210.849213,129.282639
138.249084,53.286064,211.154312,130.372742
138.041473,54.095619,211.403030,131.669891
140.391708,54.950893,213.882599,132.661484
143.344193,56.176754,216.338837,133.364288
143.845612,56.434990,216.371811,133.122009
143.314240,57.756626,215.174942,133.741669
145.592850,59.323185,216.753387,134.569168
144.239227,62.062111,214.578384,136.441086
139.946106,67.291122,209.505661,140.846573
140.178101,72.075829,209.371811,145.244522
141.682892,75.509392,210.642136,148.430191
141.692093,79.245941,210.536652,152.045410
138.787415,81.074852,207.795975,154.047806
135.052017,79.419380,204.395996,152.742126
135.338440,76.794579,205.109024,150.568298
137.128098,75.235535,207.196899,149.324493
134.338577,72.849083,204.541901,147.080139
135.858627,68.906212,206.200867,143.284027
138.753357,67.924515,209.057816,142.262421
141.777924,68.418518,211.628403,142.276855
145.773605,69.304817,215.219177,142.735107
149.252609,70.167664,218.231873,143.105011
150.857956,70.625961,219.431946,143.134552
153.839355,70.910652,222.128647,143.118042
155.897614,69.752647,224.012192,141.775192
156.237045,65.415947,224.252014,137.333115
155.692688,63.673660,223.584641,135.462463
152.449554,61.660389,220.125839,133.220840
148.187531,58.886356,216.209122,130.812439
143.578613,59.497971,211.904648,131.741745
138.010284,62.622925,206.500168,135.040054
133.084778,65.238434,201.705276,137.793747
128.416550,66.637070,197.101379,139.260437
125.201180,68.613312,193.848755,141.197281
120.424728,69.917557,188.738129,142.147980
116.216087,70.516617,184.144699,142.339935
116.029625,70.585831,183.505936,141.930267
112.408875,68.052170,179.607529,139.102600
113.335732,63.907303,180.122284,134.521393
116.118126,62.747936,182.564102,133.001129
118.721077,64.685959,184.456635,134.186325
121.141838,69.374924,185.986008,137.929886
125.424538,74.107368,189.400116,141.740280
131.477112,79.745384,194.634888,146.509399
136.548203,83.272598,199.167618,149.473022
142.471039,83.382469,204.692383,149.159546
145.701248,81.537300,207.748154,147.131638
152.067947,78.402489,214.309525,144.200775
159.068848,76.004852,221.384918,141.881195
162.501007,76.931168,224.832306,142.823456
165.508621,79.667252,227.748947,145.464233
167.678116,83.811264,229.770248,149.452988
168.238327,86.865479,229.840683,151.994080
165.999619,88.176247,227.165634,152.840363
162.380646,87.263931,223.315887,151.686127
157.961853,85.333542,218.740479,149.588867
156.290405,82.849876,216.899200,146.924225
154.533630,82.794792,214.886749,146.596680
151.072266,83.238754,211.109711,146.709442
149.869293,82.549484,209.746765,145.852325
150.802521,81.642883,210.846832,145.123688
149.066833,81.780319,209.435944,145.601913
146.876434,82.717491,207.882416,147.207275
144.247238,83.181046,205.555344,147.987564
141.464584,82.887535,202.981339,147.912811
140.561661,82.660942,202.198318,147.813873
140.066513,82.901978,201.655167,148.003799
139.590530,82.749153,201.101822,147.768616
139.721527,80.853989,201.086029,145.717178
141.363297,78.824417,202.781113,143.743500
143.070847,77.738411,204.681595,142.859741
145.943039,77.006493,207.956497,142.556519
151.017838,78.707382,213.310593,144.550003
156.096466,81.038391,218.769226,147.279099
159.635864,84.092178,222.512146,150.549332
161.438782,86.179626,224.772614,153.123383
163.036011,87.421318,226.981079,155.004974
164.557770,87.255180,228.863281,155.221802
166.724884,85.408852,231.414642,153.777451
167.654999,82.959702,232.516571,151.510681
167.527435,81.612022,232.204987,149.967667
167.808762,80.880028,232.299606,149.037491
166.894806,80.278488,231.329132,148.375946
168.325195,79.377769,232.427399,147.122665
168.588058,75.243134,232.514511,142.804153
172.342072,72.382469,236.167755,139.836426
175.224503,73.573090,238.944595,140.914856
174.914948,76.881851,237.945648,143.491150
176.706451,79.969292,238.767029,145.563004
179.929123,81.795387,241.050522,146.405182
179.599274,82.812424,240.490875,147.181305
177.658020,82.389137,238.887390,147.117935
175.721695,82.356293,237.299210,147.450058
173.601089,81.251106,235.321732,146.497223
170.635223,79.947479,232.671478,145.529587
165.598038,78.254425,227.797745,144.007767
163.345215,78.047836,226.251770,144.541687
163.333649,79.546120,226.709778,146.539368
161.940216,79.659195,226.042999,147.413147
160.014664,79.565674,224.881271,148.118683
158.587784,77.721542,224.336044,147.210464
154.505905,74.802094,221.139511,145.230011
151.122467,71.233734,217.890930,141.804550
150.396851,67.480621,217.311890,138.206772
149.893036,64.953918,216.721741,135.588577
145.975647,63.218960,212.576141,133.611786
152.622147,62.453434,219.194687,132.816635
156.058716,63.955856,222.556305,134.239624
160.722397,67.192802,226.924759,137.163727
164.551270,70.529015,230.561493,140.299194
165.781830,71.380363,231.659241,141.011780
168.618942,71.024025,234.509293,140.669174
170.797195,70.833481,236.615707,140.402420
169.887527,70.559868,235.488052,139.897614
166.751328,69.944809,232.163071,139.082336
164.716843,67.657745,230.061386,136.723999
165.198532,65.237541,230.853104,134.632614
162.695602,65.820641,228.309921,135.173019
159.559235,68.502823,224.984100,137.654266
158.962280,72.261826,224.229736,141.246338
156.948761,75.738655,222.167816,144.672546
154.592972,77.127663,219.837448,146.088135
149.377792,75.348427,214.614334,144.300598
143.390656,73.152954,208.656403,142.135651
141.590881,71.052521,206.903992,140.084717
138.529678,69.325531,203.762985,138.273071
135.535751,68.176682,200.680740,137.031906
134.513077,67.573273,199.383255,136.141205
131.689880,68.101685,196.141510,136.225311
130.697815,68.878906,194.736450,136.564133
131.066360,71.269775,194.661301,138.490814
132.603561,72.227692,195.917130,139.149780
135.994553,72.148293,199.020187,138.768936
140.423050,71.835258,203.196884,138.192291
145.574585,72.435081,208.089996,138.517273
150.918457,72.386841,213.269318,138.294022
155.512344,70.944870,217.772598,136.757141
157.739502,70.443413,219.597656,135.834427
161.200302,69.032425,222.711258,134.053848
163.315659,69.753929,224.603378,134.537735
164.906647,72.580681,225.964355,137.123367
164.840652,76.514091,225.694382,140.842941
164.155533,79.947441,224.863632,144.121109
162.280518,82.842667,222.844086,146.862320
160.299072,85.133789,220.746460,149.029648
158.754150,86.273262,219.165222,150.131042
156.079117,86.196419,216.363785,149.921570
151.250946,82.620758,211.646484,146.462219
150.759644,78.471970,211.415558,142.586609
146.126007,76.616661,207.081360,141.050385
143.229935,77.156418,204.193161,141.598526
138.207794,80.468765,199.243805,144.988449
135.894302,82.118767,197.105209,146.821823
134.962906,81.863670,196.603165,147.016846
133.592834,79.502434,195.722534,145.176605
131.083847,78.907227,193.723068,145.115189
130.215408,78.407486,193.306381,145.095856
128.014938,77.966484,191.707382,145.284531
124.993965,76.939339,189.269226,144.876617
122.647797,76.523743,187.236420,144.788849
120.113884,75.782433,184.856400,144.210892
116.917847,73.710159,181.947479,142.443405
