162.000000,92.000000,214.000000,147.000000
161.712204,92.871735,213.369217,147.509338
159.662582,96.339157,210.376450,149.979202
156.497025,99.283936,206.953903,152.651886
153.688477,100.455917,203.310913,152.940323
150.961777,99.665695,199.521957,151.024124
149.528900,95.804466,197.755585,146.808975
148.668839,91.636330,196.012985,141.704285
147.772476,88.570938,194.564560,138.052322
147.239120,88.051605,194.273727,137.790985
144.004379,87.765480,191.335434,137.813644
137.736710,87.399399,185.797592,138.223022
132.020691,90.005302,180.023865,140.768860
126.117027,91.959320,174.267410,142.876099
122.044518,91.497330,170.342789,142.568039
121.015236,88.814590,169.729187,140.326431
120.929565,85.643150,170.204819,137.750656
123.486465,84.665077,173.061798,137.090668
126.333916,85.055099,176.288116,137.882294
128.697739,85.923561,178.609375,138.705627
130.560272,89.069344,180.587753,141.974213
130.183716,92.098206,180.200607,144.992065
130.074493,93.205284,180.134384,146.143845
131.217224,93.729454,181.228378,146.617355
131.535278,95.398483,181.489304,148.227036
132.612106,96.998306,181.951721,149.175583
132.320526,95.588860,181.581375,147.682648
134.285950,91.167679,183.419662,143.126694
137.332932,86.244980,185.848969,137.561600
142.220139,80.702583,191.442902,132.769196
146.822464,77.793854,195.543945,129.329102
150.071533,76.024216,199.534073,128.345901
153.991196,74.928520,204.192749,128.033554
158.024643,74.823250,208.094788,127.789139
160.974182,77.428490,210.521561,129.851120
162.263016,80.800560,211.220703,132.598129
161.445755,82.143837,209.729736,133.226440
159.974655,80.541328,208.592377,131.978119
157.969406,77.399025,206.787079,129.048035
154.043808,74.422958,203.443207,126.689308
150.235809,72.422142,200.129593,125.212540
146.446503,73.797325,196.756149,127.028534
140.144806,78.238518,190.627426,131.652893
133.471863,82.274361,184.298721,136.053207
128.341843,84.307945,179.823059,138.779633
124.164421,83.046631,176.667068,138.598679
121.083412,82.641953,174.336914,138.987366
119.409691,82.710320,173.145340,139.564682
117.646835,82.843384,171.429855,139.747757
117.403648,80.972366,171.425339,138.128662
118.453804,75.260674,172.416901,132.355179
120.371849,71.288536,174.318649,128.365540
123.628143,70.001785,177.946762,127.478149
127.223175,72.336723,180.916580,129.153778
128.829834,76.837494,182.056351,133.161728
131.160889,82.494415,183.893051,138.296829
134.541122,87.394905,187.005005,142.913849
138.082520,90.812927,190.739914,146.536331
140.773026,92.293327,193.253326,147.829605
143.302887,89.998764,195.996292,145.760208
147.378143,84.602646,200.572800,140.893723
150.856644,78.074471,204.771881,135.126160
154.559174,72.849312,209.275803,130.761780
155.079727,69.851624,210.184723,128.173630
156.560684,70.067680,211.797485,128.528534
156.514664,76.385208,211.002380,134.056839
153.181473,81.531761,206.925201,138.418839
151.469177,82.976608,204.995773,139.634491
149.536819,85.283005,202.465790,141.310059
149.963058,86.794434,202.127655,141.999435
147.357361,86.188171,199.171127,141.022476
147.477936,83.226845,198.904770,137.651917
148.708023,79.891846,200.113342,134.294159
149.341248,80.491554,200.246689,134.365143
149.657761,85.640419,199.901611,138.813507
147.820404,90.752907,197.415451,143.239014
145.974579,91.277641,195.684616,143.885651
145.156998,91.437607,194.614410,143.777817
144.380325,92.674461,193.378296,144.527679
143.266190,93.887558,192.528778,146.021591
141.261490,93.692009,190.262238,145.548477
137.480728,90.895416,186.407318,142.674759
133.715149,87.873688,182.333298,139.325699
132.508667,84.992432,181.197433,136.519363
133.814148,84.109589,182.085342,135.193390
132.127426,89.315018,179.797577,139.760971
131.304993,94.611221,178.343887,144.386490
132.236343,98.445160,178.732513,147.655090
133.545837,102.067703,180.008774,151.242294
135.627655,105.550560,182.166458,154.805847
138.609344,105.173615,185.556290,154.863083
139.785812,99.003830,187.403381,149.406708
143.006058,88.873634,192.320251,141.079193
146.002335,81.570541,196.817383,135.366989
150.731339,77.357315,202.344238,131.998550
154.335892,75.244919,206.918335,130.911636
155.494232,77.898590,207.874863,133.352051
157.030121,80.984596,209.320114,136.342270
159.021484,82.541122,211.098801,137.674072
160.931915,83.350769,212.641556,138.095230
162.249374,84.450516,213.102386,138.288925
162.509644,84.016815,212.794968,137.254150
162.485382,84.051559,212.059219,136.535553
162.623840,83.389999,212.104752,135.775482
161.148270,83.239731,209.822327,134.769958
160.130905,82.047844,208.243958,132.982712
159.310272,83.535690,207.359482,134.404129
155.367386,88.379097,203.164520,138.985184
151.659546,90.561600,199.532303,141.248047
148.501343,90.561775,196.246994,141.113159
144.776093,92.975517,192.715775,143.733063
140.225815,95.491898,188.229187,146.317139
136.147659,93.422600,184.631927,144.748383
136.132187,89.397255,184.890533,141.013901
137.304764,86.531891,186.354004,138.457230
138.199158,85.901855,187.729233,138.327255
138.063812,85.805710,187.527237,138.160461
138.521591,86.577179,187.725647,138.656998
137.313629,87.479172,186.096298,139.112320
138.373138,89.353783,187.281693,141.120514
139.673920,92.029579,188.703537,143.924759
140.214691,93.054016,189.843979,145.572845
142.062897,91.698959,192.195786,144.751602
144.830429,88.224724,195.883392,142.251556
146.682556,84.945877,198.761917,140.058350
149.605850,82.104973,202.648407,138.235138
153.878540,79.473747,207.823135,136.556061
158.703049,77.338257,213.456360,135.289200
162.783798,76.452980,218.181305,135.083252
164.936935,76.724022,220.722198,135.762817
166.365494,78.989311,221.945831,137.808533
167.467117,79.850517,223.226776,138.858643
168.087158,79.946098,223.613358,138.704071
168.403961,79.318039,223.815765,137.955490
166.907211,78.821236,221.780502,136.891327
165.763184,77.329514,220.238251,134.972412
165.581924,75.707031,219.184433,132.429764
167.834198,72.504898,220.661377,128.409225
170.064423,70.465591,222.475342,125.930115
169.348953,69.288170,221.299454,124.266212
167.220551,68.680649,219.015533,123.494202
162.685974,68.207352,214.471313,123.010712
160.576889,69.615402,212.329391,124.384033
156.793320,71.751289,208.571548,126.547112
152.922653,73.693558,204.828232,128.624069
148.884033,74.235275,200.654053,129.022400
146.810532,72.885849,198.270065,127.344574
144.765991,68.827148,196.245575,123.307083
142.903900,64.430359,193.951111,118.452988
141.086212,61.792088,191.919647,115.588593
141.022049,60.618748,191.915970,114.479309
138.547791,60.483620,189.759064,114.680214
139.083466,61.828110,190.219879,115.945541
138.750320,64.384132,190.280106,118.917625
138.230164,69.546089,190.091888,124.430672
138.702393,74.385674,190.454285,129.154068
139.251984,76.580154,191.525055,131.899796
139.382126,75.263527,192.410904,131.381668
140.714996,72.657471,194.746338,129.833862
140.438950,68.821945,195.588821,127.177872
139.717590,64.704689,195.854523,124.100563
140.902313,60.755367,198.052185,121.217484
140.722580,57.318409,198.306107,118.236610
140.796463,56.035992,198.819809,117.416763
139.157227,56.948135,197.075806,118.218811
137.403748,58.876358,194.858917,119.651657
135.704803,61.848461,192.745392,122.187729
134.913879,66.142838,191.392181,125.890739
134.337997,69.785492,190.570572,129.274719
134.423187,72.729118,189.985229,131.512527
135.744873,74.488739,190.533081,132.456848
134.872620,72.974541,188.962280,130.205978
135.834488,69.089241,189.515701,125.889954
136.397934,65.196404,189.444748,121.327484
135.833511,61.869328,188.316452,117.405197
135.104874,59.785332,186.706894,114.390419
134.978210,58.490421,185.926575,112.404137
134.232849,59.155899,184.573547,112.426201
135.871567,61.783855,185.723862,114.537025
137.959122,64.824860,187.377365,117.117920
139.903320,66.247932,189.241730,118.456352
139.741791,68.676331,188.864136,120.655716
138.464096,71.462891,187.897659,123.765945
135.216156,73.087654,184.958679,125.718193
132.163818,74.765778,181.935089,127.426804
128.733383,74.992401,178.611862,127.767059
124.803635,72.942177,174.739304,125.777458
123.293953,71.121597,173.175690,123.899704
120.755577,69.249619,170.670853,122.063278
118.111191,68.027618,168.017075,120.831329
114.981247,68.132385,164.803543,120.847488
115.103210,68.054169,164.819672,120.657074
115.901268,68.853722,165.720474,121.565529
117.856308,68.897041,167.650955,121.582817
121.867111,67.311386,171.672958,120.009033
125.952095,62.584385,176.062241,115.604599
129.900864,58.520912,180.270630,111.815994
130.503036,55.831028,180.992432,109.252762
130.981949,50.341194,181.808563,104.119972
136.632690,51.860485,187.621902,105.811424
142.174789,55.542480,193.264618,109.599953
144.620575,59.406879,195.765305,113.522438
149.407944,60.844318,200.795959,115.217216
153.544937,62.989975,205.136871,117.578560
155.470398,62.340229,207.252365,117.129807
158.276917,62.813461,210.156631,117.706429
159.373810,63.647282,211.347488,118.639641
160.760880,66.579010,212.679352,121.512993
163.290024,70.007286,215.559662,125.312714
164.558868,71.921425,217.337296,127.764450
166.083832,73.100067,219.569016,129.689850
166.957123,73.506592,221.086990,130.776855
166.441803,74.096375,221.409317,132.249954
163.698349,73.169540,219.701324,132.433884
158.004532,70.934952,214.932159,131.172623
153.593475,71.945206,211.573135,133.308716
148.530029,71.159660,207.395462,133.470016
143.732330,70.649956,203.247757,133.654373
137.473190,69.272476,197.981812,133.336304
135.237640,67.721710,196.891434,133.005783
132.549576,66.781021,195.079590,132.997833
129.724121,65.883530,193.391098,133.309494
129.961929,66.957497,194.496185,135.304947
131.751968,70.594757,196.980469,139.679184
133.385757,73.382607,199.305237,143.199890
137.722382,75.214279,204.377670,145.811981
141.989532,76.152473,209.014450,147.141861
146.888611,76.275589,214.343277,147.713669
152.211853,76.093643,220.145554,148.038940
157.312012,75.222427,225.258194,147.180939
161.232239,75.548424,228.743179,147.046097
164.626099,74.988708,231.222061,145.517578
167.816315,74.262817,233.329300,143.644043
170.534409,74.849327,234.966644,143.084305
171.131973,77.874550,234.440491,144.916656
169.168945,80.687843,231.316757,146.496674
168.515137,83.546028,229.658737,148.302811
167.006210,86.150932,226.898071,149.595413
166.163559,86.928268,225.225189,149.487183
166.164413,87.965729,224.193329,149.440308
166.763275,87.777672,224.123245,148.549316
167.512283,87.294090,224.464722,147.637115
168.599609,86.100845,225.312393,146.187408
171.853165,85.205444,228.564545,145.290497
174.010071,85.119507,230.819931,145.309937
174.920425,85.120842,231.968933,145.566650
177.776855,87.121895,235.194412,147.955856
177.315720,88.657074,235.499725,150.297119
177.264832,89.647934,236.426590,152.315460
176.907516,89.394196,236.931366,152.966919
175.440582,88.823959,236.274094,153.246185
171.137054,85.991211,232.680161,151.169571
167.611221,80.969330,230.041595,147.092178
165.971054,77.971130,228.946411,144.673553
163.393433,74.770004,226.686234,141.810013
162.402405,71.735214,225.652023,138.729355
160.353012,68.608765,223.249603,135.233322
160.768723,66.940041,223.640564,133.538300
160.574997,67.277855,223.662109,134.105026
160.766464,71.122200,223.791229,137.884109
159.446365,78.284439,222.324921,144.893295
159.864182,84.519562,222.671631,151.052795
161.896072,87.643768,224.929504,154.417328
163.646500,86.707268,227.165680,153.989334
165.490128,82.695107,229.872192,150.893982
167.375397,76.500542,232.706985,145.707367
168.562241,71.203476,234.326630,140.869354
170.844635,68.096649,236.732101,137.893082
170.915436,66.126793,236.765518,135.883591
170.392593,63.925972,235.820831,133.235367
169.333084,63.661308,234.045319,132.211304
168.474655,67.257462,232.599945,135.184418
167.397156,70.537590,230.999069,137.916992
167.033203,73.745407,230.287460,140.755432
166.576096,74.909256,229.764801,141.849640
162.222641,74.943787,225.377380,141.848618
156.067413,73.248642,219.241302,140.173523
150.376663,71.721039,213.406296,138.494919
144.958420,69.340790,207.764542,135.880692
139.668610,64.142952,202.808014,131.037292
130.966629,59.587173,194.253250,126.635643
126.159935,57.967171,189.686279,125.270355
122.195435,57.755692,185.628586,124.959862
120.549042,59.360790,184.471817,127.085190
118.269028,63.657696,182.351929,131.552231
117.876030,69.580719,182.295776,137.827652
116.969635,74.542160,181.628845,143.043304
117.499863,76.334900,182.466675,145.162582
119.778709,75.199455,185.308136,144.624359
125.364922,76.024826,191.397644,145.983536
130.545746,75.603592,196.815353,145.809769
135.849731,73.381264,202.748154,144.253799
143.798386,71.746719,210.860413,142.792633
144.681000,71.252823,211.716141,142.270279
143.918503,70.376579,211.017578,141.461731
140.172958,69.358360,207.624908,140.817139
135.403641,69.572739,203.366791,141.572784
129.296219,69.474922,197.961914,142.229187
122.625710,70.890068,192.037262,144.433426
114.530182,70.850288,184.904663,145.411591
106.456062,69.266106,177.728287,144.775742
99.343193,65.608147,171.311157,141.852188
92.309822,59.908436,165.188538,137.126480
85.643677,54.326481,158.666641,131.698639
80.858521,51.182888,153.296036,127.937943
80.298691,50.578575,152.543610,127.130486
79.173180,52.094765,151.516769,128.750732
78.660942,57.972610,150.938980,134.559448
77.091644,65.083710,149.205093,141.496933
75.050323,70.318848,146.883713,146.436661
71.714043,73.921196,143.469757,149.955933
65.772995,75.562828,137.251495,151.301102
59.457306,74.720840,130.616516,150.122086
53.530357,73.057297,124.476234,148.233353
48.178162,68.699898,118.680634,143.401321
49.185474,65.003464,119.232216,139.223480
49.747437,61.081245,119.293861,134.772766
52.495281,61.011360,121.483917,134.113220
57.585720,61.778316,125.874359,134.129456
62.903080,66.016342,130.465561,137.599228
65.369194,69.928055,132.126846,140.658768
66.507530,72.793739,132.809525,143.041580
71.297722,74.756454,136.990723,144.358932
75.481247,77.198547,140.606308,146.198669
80.171402,77.817070,145.061859,146.568359
84.983643,74.802254,149.785355,143.459335
89.454346,70.037796,154.442062,138.892334
93.550987,61.352280,159.543533,131.273483
101.569977,53.976414,168.396133,124.781754
110.201607,49.380684,177.785858,120.989380
117.361732,49.698559,185.828705,122.241905
121.979012,54.256535,190.972137,127.356537
123.086464,57.362480,192.507904,130.921829
125.095673,59.420143,194.952820,133.440094
126.430450,60.053459,196.790131,134.611832
128.073471,61.627888,199.238876,137.037369
127.357002,61.438927,199.548676,137.931686
126.180801,59.730640,198.898392,136.778137
127.676231,57.483913,200.780075,134.944122
128.214035,55.684464,201.189072,133.008896
127.256523,52.835670,200.303696,130.237183
128.632172,52.578094,201.767349,130.072372
127.387169,54.560635,200.427307,131.954727
127.523468,55.545673,200.522247,132.896164
127.737289,57.388447,200.595078,134.588287
127.136879,58.002041,199.909332,135.110687
127.689644,58.463886,200.263245,135.360077
128.054977,58.620743,200.427490,135.304840
130.785965,57.835396,202.418732,133.739197
133.217484,54.027439,204.220795,129.266815
136.763428,49.427677,207.186142,124.054214
142.165344,47.021809,211.955734,120.980392
145.826248,46.933208,215.032837,120.274620
148.752457,53.420586,216.960938,125.706848
148.826767,61.150562,216.455109,132.823059
147.589172,67.649811,214.544937,138.610184
147.987869,72.459084,214.467529,142.914917
147.318558,74.419113,213.098755,144.133728
144.065308,70.700783,209.379745,139.921402
143.568207,64.848701,208.363480,133.518692
148.085052,59.967743,212.171341,127.885124
154.205658,56.989689,217.505417,124.084244
159.487473,59.376183,221.739197,125.357201
159.899704,62.282196,220.737122,126.781570
159.978226,67.335899,219.467407,130.398621
155.953918,70.369354,214.361160,132.278015
149.316559,72.727432,206.657516,133.515610
143.776703,72.787079,200.168930,132.577454
137.901535,72.623924,193.770569,131.863586
129.911285,68.234688,185.294449,126.953781
125.725662,64.248901,180.810181,122.653358
123.936371,58.380821,179.357162,117.139572
126.941780,56.692005,182.558029,115.656677
127.877625,58.718636,183.644699,117.842216
127.147690,60.966072,183.212769,120.408943
127.264175,63.737129,183.384766,123.238426
127.606438,66.278923,183.486008,125.526512
126.279083,67.073166,182.038513,126.192032
123.651192,68.400871,179.213593,127.308632
121.245880,69.088936,176.579407,127.755562
118.619156,66.496559,173.684006,124.880119
121.797417,62.869396,177.030853,121.430580
125.222580,60.990448,180.341736,119.431236
128.531403,59.727776,183.832031,118.359756
138.160431,63.988575,193.446014,122.604691
142.691849,67.262634,198.045456,125.950409
148.322495,67.338173,203.892715,126.254173
156.186127,64.638687,212.022278,123.834854
160.465897,62.843994,216.422775,122.169525
163.913452,60.807064,219.850647,120.111519
165.960175,60.243416,221.352173,118.963722
168.153000,59.668484,222.755173,117.556656
168.345551,56.147362,222.153046,113.197510
169.986298,53.140335,223.133698,109.481514
170.947098,51.869896,223.338333,107.412903
169.893005,51.965542,221.531891,106.713615
169.975815,54.083889,220.987961,108.169067
173.067673,61.188282,223.442062,114.598900
170.263626,68.254272,220.309097,121.316620
166.611938,72.689430,216.223846,125.292702
162.252853,74.795883,211.737961,127.264740
156.270767,74.397964,205.543777,126.641998
151.014938,70.941376,200.170731,123.061157
150.285416,66.813553,199.819534,119.334381
154.322952,61.131905,204.372086,114.198662
155.811264,60.306423,205.849777,113.361938
156.624771,62.354904,206.479080,115.215393
156.175247,66.143211,205.454391,118.394020
157.547318,70.468803,206.040024,121.886009
158.121048,73.489044,205.793106,124.035370
157.463806,75.501427,204.588684,125.466377
157.918289,78.353645,204.484055,127.736183
158.480713,80.446266,204.094513,128.816086
160.715485,80.847137,205.751709,128.601715
162.737305,76.321564,207.370605,123.655716
162.018173,72.648621,206.158066,119.456482
165.536407,72.109268,209.322723,118.547852
168.081009,75.713524,211.427872,121.682701
167.442841,80.316452,209.896332,125.351639
165.189041,83.661568,206.925156,127.929337
161.695038,85.790771,203.097351,129.700912
157.714310,86.484535,198.879654,130.146439
155.861679,85.915009,196.408096,128.928513
155.214325,84.769981,195.234314,127.218529
152.367035,82.317093,191.879181,124.233032
148.654144,80.342133,187.628662,121.693573
143.616730,78.345345,182.355499,119.442894
140.969437,77.340729,179.777878,118.513306
137.493195,72.727486,176.356720,113.959389
136.146103,66.096199,175.237442,107.573448
134.187088,65.770050,173.607895,107.593231
131.382919,69.896278,170.863968,111.782707
131.540100,72.218239,171.063324,114.148964
131.570923,73.214058,171.232605,115.290169
129.052185,76.545891,169.089172,119.025444
127.357063,78.667343,167.327286,121.076874
126.468056,79.215370,166.246841,121.419106
124.585159,78.935097,164.424591,121.204033
127.594406,77.602020,167.748444,120.209152
133.645859,77.868881,173.825867,120.503235
139.821335,78.356171,180.185791,121.183990
146.614609,78.596420,187.109833,121.561386
151.693359,78.265076,192.450851,121.505096
155.007812,77.798241,195.966385,121.254051
156.719620,79.553375,197.517822,122.837067
155.508469,82.056656,195.647980,124.633438
156.784149,81.526009,196.294571,123.443016
160.801346,78.924423,199.878235,120.386230
159.500397,78.246216,197.957657,119.057404
158.999557,78.316010,196.288239,117.898712
153.929749,76.712234,189.870834,114.876404
149.083008,73.705238,183.192947,109.885658
150.723099,74.998787,182.783569,109.012627
149.221649,79.427231,178.908340,110.923416
147.829102,82.802689,175.660141,112.319504
146.706055,86.162048,173.078110,114.115662
145.231140,87.061653,170.754257,114.134880
150.475082,88.847198,175.226501,115.089355
152.640503,89.788040,177.138535,115.756531
154.959045,90.270889,178.914810,115.675415
156.115341,91.646370,179.934509,116.902916
158.162292,92.211761,181.868790,117.346237
157.296677,91.534294,181.109314,116.783760
157.883835,91.413277,181.886780,116.868919
156.800430,91.301186,181.082581,117.047218
147.581635,89.268959,173.211655,116.416786
141.568481,87.146446,167.963943,115.118599
136.426117,85.550873,164.385635,115.145020
134.419434,85.441360,162.883072,115.575638
131.124298,83.890182,160.364304,114.854370
130.352844,83.569397,160.352432,115.318497
128.521927,81.867462,159.480255,114.639236
128.295593,80.997429,160.496140,115.091576
128.989960,77.954521,162.535263,113.474922
131.541992,76.342590,165.991257,112.820129
132.885391,74.246452,168.544769,112.003242
134.553513,73.592567,170.996429,112.176430
136.648315,72.784241,173.978561,112.303391
137.272736,72.119293,175.364975,112.440552
136.415939,72.474594,175.374268,113.706360
132.408371,71.815804,172.215759,113.961937
131.961029,69.733765,172.717209,112.899841
131.640808,67.685211,173.136002,111.644379
131.989746,66.535103,174.129349,111.169350
132.419998,65.178841,175.225342,110.509804
133.771271,63.896984,177.157730,109.849602
133.185638,62.148666,177.248093,108.808022
136.071335,60.272526,181.046570,107.885216
137.133957,58.494965,182.783752,106.827171
137.511124,57.058525,183.717560,105.983658
131.016632,53.640034,178.313553,103.702065
130.660126,52.716766,178.540909,103.399147
128.960922,53.921951,177.369812,105.165459
123.840904,54.404522,173.183243,106.638634
122.328918,56.504139,172.560043,109.680359
118.014671,54.534138,169.334625,108.863235
120.518211,55.324314,172.684113,110.548157
120.785866,52.586540,173.920303,108.833740
126.597862,50.329082,180.722900,107.621910
129.289688,45.531109,184.711990,104.191978
132.573639,42.687542,188.833069,102.230400
137.512863,42.918980,194.628738,103.363365
141.871765,44.570515,199.625275,105.685524
143.481705,45.941109,201.389328,107.220863
147.869263,46.743694,205.792023,108.039627
150.421661,45.368408,208.464020,106.792191
149.903580,41.033020,207.819717,102.324142
151.116638,37.960445,209.134918,99.360771
153.981979,36.364105,211.780319,97.533302
158.012955,36.732647,215.692398,97.774750
155.697937,40.482212,212.845093,100.955299
155.261658,46.512119,212.111176,106.672173
152.221802,51.297508,208.701904,111.062218
145.208740,54.574596,201.501007,114.141594
137.961273,56.514793,194.411438,116.247993
131.566895,57.079681,188.033112,116.829788
123.715172,54.658260,180.619064,114.869072
123.501091,55.308937,180.961227,116.115028
120.296181,52.523598,178.390350,113.996513
118.575233,47.886543,177.384155,110.110550
121.518166,48.588905,180.627350,111.133530
123.978897,50.169006,183.567749,113.217278
126.843666,50.616936,186.924545,114.190033
130.931686,52.858070,191.429169,116.868240
132.916840,55.459557,193.960800,120.052032
135.538406,58.724159,197.033386,123.789490
139.677597,61.537910,201.901276,127.378967
141.834488,62.493649,204.718597,129.026596
144.059616,59.498367,208.006195,127.161255
147.466339,49.048485,217.097122,122.750847
146.184509,46.835552,216.632950,121.402290
142.639877,39.098038,213.581299,114.185539
141.924377,34.104401,213.053299,109.392616
141.644623,29.604059,213.035477,105.168777
136.737930,23.826683,208.322815,99.596207
135.395370,26.543453,206.530365,101.838104
130.500031,30.938551,200.778000,105.328568
125.719322,33.341633,195.268219,106.961494
123.157394,33.739872,192.041672,106.657127
123.395866,35.119785,191.286850,106.986153
124.145172,35.989231,190.823120,106.571220
123.023331,37.806545,188.255722,106.856674
122.057014,38.968185,185.949951,106.597679
121.201279,39.128078,183.988724,105.582993
123.348717,37.111843,185.467606,102.855759
126.187729,38.642536,187.731430,103.783882
127.788704,42.196125,189.065521,107.053368
129.669800,46.885250,190.653290,111.434967
129.788040,51.651150,190.948776,116.389725
128.922394,55.204300,190.114594,119.975868
130.102692,57.867210,191.219849,122.560089
127.139900,56.778057,188.489487,121.714615
128.330948,49.964802,190.416580,115.673027
130.930283,40.802246,194.189987,107.740448
134.587555,35.342712,198.392883,102.852097
137.047485,38.442150,200.950623,106.055443
139.005798,43.132065,202.888031,110.723129
138.916245,48.120350,202.703690,115.610695
137.428345,50.256786,201.009460,117.527893
136.008713,52.016403,199.432236,119.120079
135.550858,53.731647,198.444016,120.271820
134.919601,55.039398,197.067703,120.787216
135.501541,52.951290,197.061905,118.083389
137.969482,53.174263,198.604034,117.320816
138.669006,54.023090,198.362396,117.166771
133.679108,52.577446,192.769318,115.077728
129.278885,53.666721,187.905624,115.680359
126.832230,54.776749,184.963394,116.261215
122.419067,54.727203,180.279785,115.927475
116.240501,53.937572,173.836487,114.854858
111.748772,52.687748,169.268280,113.524605
106.611435,51.761826,164.260406,112.734848
102.258873,51.605961,160.083984,112.764229
105.429619,50.690128,163.352051,111.952431
106.699318,48.244591,164.699478,109.589966
107.961098,43.368618,166.152939,104.915421
111.956505,43.679611,170.366760,105.455940
114.810715,48.132950,173.016754,109.694679
117.962860,54.316677,175.643906,115.326721
122.226440,59.278248,179.528549,119.883217
128.969864,60.715786,185.675049,120.692947
136.393433,58.281506,192.485916,117.613708
141.262711,54.361687,196.943329,113.260361
144.456451,49.750301,200.038742,108.545380
147.930695,46.633785,203.339157,105.245728
150.481644,43.848526,205.882111,102.452065
152.043793,42.719067,207.614059,101.501495
152.399872,43.626499,207.945328,102.382774
151.606308,44.754192,207.005585,103.356445
151.232803,46.514202,206.777435,105.269592
150.768967,48.980431,206.239410,107.657646
146.406006,51.347118,202.238007,110.405258
143.536667,52.139744,199.668320,111.518929
143.321121,51.655678,200.131638,111.749466
139.707733,51.139828,197.035980,111.787674
140.026291,48.354088,197.460403,109.113274
139.512589,46.143131,197.600327,107.589745
138.956497,45.480030,197.825699,107.747841
138.400223,46.391262,197.970993,109.408188
138.142120,46.416920,198.284637,110.043694
137.916763,47.277191,198.423782,111.286400
140.316803,48.143551,200.857178,112.188286
143.187836,49.345634,203.273529,112.905876
143.717300,49.635620,203.323257,112.692535
143.194336,51.049526,202.177368,113.441971
145.391739,52.759068,203.795395,114.532845
143.776764,55.551662,201.576843,116.691162
139.283737,60.822269,196.400436,121.231255
139.556107,65.587769,196.377487,125.686180
141.076309,69.012619,197.732590,128.934372
141.080490,72.666222,197.757889,132.610199
138.278748,74.564781,194.990723,134.545166
134.666443,72.923805,191.680359,133.222031
134.907303,70.216957,192.396225,131.014755
136.672211,68.677559,194.441864,129.770615
133.928406,66.306343,191.807281,127.516144
135.480103,62.391571,193.484589,123.735634
138.088562,61.285362,196.286591,122.832794
141.060898,61.743774,198.958633,122.975639
145.057938,62.602886,202.638779,123.495987
148.384247,63.563267,205.622406,124.095955
150.001465,64.069771,206.894775,124.239784
153.075577,64.353401,209.779129,124.320335
155.237976,63.162281,211.777435,122.956474
155.646881,58.801842,212.150879,118.558723
155.090530,57.088951,211.436264,116.679237
151.753036,55.090420,207.981216,114.556969
147.480484,52.310482,203.949875,112.030952
142.795914,52.910969,199.535049,112.915375
137.152451,56.028141,194.060562,116.213364
132.158966,58.634621,189.175354,118.935730
127.519516,60.069283,184.539902,120.374603
124.301353,62.129818,181.274414,122.385361
119.450363,63.295494,176.480057,123.611641
115.248306,63.985607,171.954544,123.961563
115.267700,64.051079,171.710358,123.749580
112.039795,61.419701,168.520935,121.158714
112.854797,57.136593,169.203918,116.736649
115.558960,56.055096,171.681427,115.416565
118.181602,57.970230,173.609558,116.600639
120.616478,62.727722,175.352783,120.629433
124.886360,67.539322,178.786118,124.558861
130.931290,73.275528,184.086624,129.495514
136.255783,76.962570,188.774155,132.510223
142.237961,77.207909,194.272018,132.243835
145.514297,75.415703,197.309677,130.199448
151.851364,72.271896,203.772171,127.188286
158.993973,70.046524,210.670029,124.704063
162.431671,70.963348,214.182587,125.700066
165.491684,73.697136,217.097916,128.280838
167.712845,77.801094,219.181870,132.239685
168.198685,80.780640,219.321457,134.853027
165.903839,82.108360,216.694366,135.829330
162.282730,81.232162,212.840927,134.707138
157.835373,79.305717,208.248978,132.627594
156.109421,76.789436,206.421341,130.003662
154.389374,76.782410,204.489868,129.772766
150.967957,77.358498,200.975677,130.252457
149.816010,76.734482,199.571503,129.366318
150.669052,75.922478,200.445572,128.576599
148.938705,76.074677,198.993881,129.024170
146.839081,76.964836,197.280273,130.315475
144.234436,77.412994,194.949890,131.054047
141.482559,77.148880,192.379807,130.982422
140.631088,76.958534,191.576431,130.843002
140.124725,77.095932,191.150726,131.065811
139.718323,77.028008,190.700256,130.952118
139.923340,75.2070