162.000000,92.000000,214.000000,147.000000
161.553024,92.547226,213.408310,147.394333
159.606873,95.830025,210.897980,150.080414
156.582642,99.101746,207.329956,152.776962
154.034744,99.797798,204.049332,152.697174
151.402252,98.706665,200.354492,150.502029
149.904938,94.603394,198.899902,146.444107
149.131653,90.207481,197.185242,141.049194
148.212860,87.124817,195.714203,137.391739
147.823715,86.522797,195.431686,136.903000
144.754105,86.271431,192.555191,136.856796
138.310669,86.175026,186.723846,137.410751
132.881241,89.146561,181.134354,140.212433
126.925003,91.221390,175.625137,142.761658
123.076279,90.716209,171.728714,142.205856
122.253716,88.035545,171.380707,140.028809
122.198090,85.080673,171.850906,137.620804
124.498947,84.229820,174.257782,136.882324
127.280334,84.976852,177.452927,138.067932
129.739441,86.045052,179.663925,138.873428
131.411713,89.245529,181.351181,142.089783
131.202316,92.138023,180.981079,144.811935
131.035187,93.217026,180.940109,146.024658
132.071381,93.686211,182.169601,146.698746
132.627716,95.444061,182.525864,148.244766
133.970657,97.036293,183.328979,149.264771
133.407852,95.500687,183.067505,148.048569
135.316910,91.104568,184.831055,143.498199
138.288223,86.065331,187.661346,138.309479
143.189743,80.608437,193.224487,133.553909
148.133224,77.336349,197.907684,130.011337
151.657776,75.803535,201.766251,128.832581
155.554291,75.037567,205.672958,128.077423
159.748642,75.114357,209.601562,127.872826
162.739700,77.530441,212.359100,130.041351
163.752747,80.340889,213.136032,132.601517
162.806061,81.511566,211.766312,133.323776
161.404953,79.980705,210.408539,131.838898
159.342163,76.803619,208.491470,128.813354
155.464691,73.953629,205.123520,126.503464
151.872223,72.174583,201.720444,124.925163
148.094574,73.538223,198.108017,126.463928
141.416992,78.123375,191.731583,131.362015
135.050278,82.253738,185.472382,135.606232
130.587494,84.060310,181.793320,138.242615
126.317780,83.042290,178.513535,138.271622
123.137718,82.617363,175.837860,138.379623
121.526108,82.737297,174.788071,139.093170
119.983047,82.927788,172.966537,138.989716
119.752579,81.055176,172.990921,137.391190
120.832306,75.463486,173.748749,131.459717
122.740219,71.438904,175.587265,127.361801
126.019592,70.232483,179.179871,126.486343
129.671555,72.272217,182.418137,128.089401
131.281677,76.813217,183.582947,132.159882
133.507370,82.316681,185.738724,137.589478
136.761765,87.035217,188.909500,142.219681
140.154510,90.503876,192.662689,146.069168
142.868851,91.930382,195.281601,147.394852
145.287704,89.412102,197.982803,145.174881
149.438736,84.203346,202.580978,140.438583
152.920731,77.230507,206.795761,134.239273
156.752029,72.277344,210.996628,129.683060
157.222046,69.132950,212.002289,127.103516
158.973160,69.347694,213.717575,127.280495
158.877930,75.708008,212.988495,132.972382
155.739105,80.826416,209.119446,137.320709
154.109970,82.430077,207.039780,138.448807
152.192505,84.655754,204.619568,140.133774
152.229858,85.940262,204.032654,140.758667
149.702026,85.473633,201.108521,139.872864
149.770554,82.500328,200.808304,136.509552
151.196335,79.197777,202.037704,132.999298
151.815460,79.670982,202.336090,133.132904
152.011108,84.719589,202.050079,137.671509
150.185379,89.816345,199.614822,142.134842
148.514542,90.481903,198.023026,142.884171
147.549835,90.460793,196.993378,142.794235
146.577835,91.560341,195.857834,143.720444
145.266891,92.854568,194.763199,145.243942
143.281845,92.649445,192.434067,144.674072
139.445923,89.825859,188.587158,141.838837
135.534225,86.871002,184.281631,138.466507
134.427536,84.112289,183.157883,135.689682
135.673096,83.229492,184.028046,134.408508
134.046097,88.370544,181.922440,139.041641
133.187180,93.759537,180.801865,144.152618
134.087723,97.444817,181.517532,147.641479
135.327621,101.051262,182.870102,151.367645
137.545868,104.468208,185.284088,154.992569
140.458191,103.993317,188.697510,155.050110
141.866562,97.630699,190.740921,149.361420
145.757339,87.976555,195.266769,140.381241
148.976456,81.134918,199.365860,134.472382
154.025620,77.149437,204.697739,130.786255
158.078842,75.292305,209.157394,129.359482
159.283478,77.970856,210.185486,131.851303
160.827011,81.027786,211.586166,134.756973
162.753479,82.613564,213.257111,136.072205
164.652267,83.323891,214.955307,136.570145
165.894684,84.219337,215.582489,136.814178
166.219315,83.672539,215.302017,135.625992
166.176971,83.546516,214.504120,134.714203
166.337997,82.985596,214.384415,133.855347
164.584930,82.942520,211.873871,133.023865
163.503174,81.796898,210.300873,131.356308
162.718002,83.269989,209.413589,132.720779
158.643967,88.139572,205.040695,137.272430
154.846771,90.241898,201.293274,139.427704
151.757614,90.174110,198.018600,139.162567
148.208099,92.595879,194.510376,141.627380
143.762009,95.217056,190.025772,144.207611
139.722443,93.137413,186.372101,142.530289
139.803375,89.100845,186.715607,138.773071
141.032700,86.300163,188.189163,136.232208
141.985428,85.718605,189.390640,135.909775
141.807510,85.621048,189.219742,135.819687
142.236252,86.259094,189.548599,136.351593
140.830429,86.881210,188.287674,137.127670
141.758209,88.748535,189.475861,139.271667
142.976669,91.286674,191.184586,142.330704
143.520630,92.362473,192.311432,144.025070
145.343109,90.978462,194.792358,143.339798
148.417313,87.936882,198.677689,141.158020
150.526047,84.963554,201.606247,139.052750
153.363556,82.355667,205.332581,137.384964
157.848557,80.015343,210.545670,135.828751
162.862976,77.904030,216.256042,134.452789
166.976776,77.074272,220.825562,134.104080
169.221649,77.264908,223.486603,134.741714
170.608047,79.439812,224.706802,136.741348
171.787567,80.460213,225.928802,137.806549
172.348007,80.548325,226.360733,137.759155
172.757751,79.971642,226.485474,136.881912
171.137222,79.425415,224.397018,135.841751
170.116257,77.995331,222.727768,133.727371
169.921661,76.299553,221.686554,131.137054
172.110382,72.974869,223.229858,127.129723
174.186188,70.922203,225.023529,124.778625
173.362000,69.632652,223.801514,123.067856
171.246002,69.044373,221.468201,122.249489
166.741425,68.503281,217.060486,121.810951
164.724213,69.979561,215.054230,123.298843
161.000061,72.144257,211.277130,125.407463
157.233841,74.167778,207.364212,127.275665
153.363678,74.804382,203.203674,127.604820
151.274414,73.501259,200.783600,125.951019
149.404602,69.531670,198.763702,121.822357
147.586487,65.111748,196.476593,116.905289
145.744003,62.480904,194.387802,114.013046
145.681549,61.353951,194.375458,112.939270
143.057617,61.335880,191.948364,113.130081
143.508179,62.623142,192.473969,114.496994
143.060349,65.159752,192.466537,117.500961
142.472809,70.299339,192.266052,123.050827
142.794266,74.956993,192.898392,128.038025
143.358383,77.138657,194.024826,130.815094
143.535614,75.884521,194.860291,130.257889
144.951157,73.278847,197.066177,128.488144
144.719818,69.414368,198.005402,125.860481
143.994644,65.397774,198.225327,122.841492
145.341583,61.396961,200.424225,119.739113
145.245056,57.837349,200.850250,116.730057
145.393799,56.601398,201.326019,115.838654
143.603775,57.555065,199.358627,116.602272
141.691040,59.336052,197.132935,118.047958
139.962921,62.248463,195.111359,120.651199
139.076141,66.509171,193.795563,124.459915
138.526901,70.271996,192.897568,127.854965
138.531387,73.171364,192.354721,130.177155
139.743958,74.939896,192.714539,131.029770
138.621307,73.392815,190.998383,128.844391
139.444138,69.494850,191.439133,124.542709
139.867081,65.387444,191.355057,119.889267
139.160797,61.984020,190.152832,115.961296
138.211533,59.905426,188.387650,113.018784
137.824707,58.450451,187.367371,110.893097
137.071884,58.967457,186.020584,110.780495
138.728027,61.570686,187.196564,112.874161
140.799576,64.536682,188.817947,115.362419
142.702011,65.961601,190.591782,116.653503
142.489441,68.385780,190.131226,118.814194
141.349030,71.438965,188.806335,121.671379
138.191879,73.296524,185.533401,123.405907
135.201767,75.037651,182.492203,125.092758
131.852997,75.382454,179.002655,125.287994
128.092117,73.415039,175.134506,123.208839
126.603355,71.630608,173.509125,121.282104
124.072388,69.843979,170.839828,119.348320
121.385590,68.681633,168.073135,118.100983
118.302086,68.741180,164.928406,118.095390
118.466064,68.621704,164.905151,117.776726
119.364433,69.479065,165.841263,118.674232
121.272644,69.531281,167.713593,118.688286
125.116600,67.944641,171.614944,117.162712
129.390823,63.256336,176.209274,112.814926
133.391754,59.169895,180.448151,108.981628
134.052979,56.487995,181.339569,106.539520
134.600082,50.974953,182.229019,101.390228
140.361862,52.625237,187.911057,102.955795
145.828094,56.225346,193.687103,106.885086
148.336304,60.031334,196.296112,110.798164
153.164398,61.578930,201.179626,112.404648
157.349930,63.714928,205.524704,114.706711
159.338989,63.096558,207.606445,114.184807
162.167725,63.601059,210.472900,114.729347
163.268646,64.432243,211.688629,115.682373
164.663498,67.368973,212.966934,118.495430
167.224808,70.790802,215.853226,122.262154
168.694061,72.914337,217.597595,124.677635
170.289078,74.120735,219.902542,126.637421
171.164291,74.531013,221.572189,127.889801
170.678833,75.226265,221.988892,129.540268
167.985275,74.331573,220.289291,129.696884
162.451828,72.307549,215.596115,128.560715
158.343903,73.482147,212.367767,130.663773
153.342667,72.731972,208.258072,130.853745
148.616623,72.319939,204.160995,131.116409
142.431580,71.024506,198.822479,130.712845
140.223022,69.587852,197.484436,130.192535
137.489746,68.566017,195.651428,130.117554
134.845917,67.863182,193.918762,130.372208
135.191650,69.060516,195.034485,132.378021
136.960007,72.645386,197.545090,136.754639
138.768295,75.530647,200.011124,140.340775
143.342850,77.352547,205.310440,142.922516
147.642761,78.408218,209.885315,144.270889
152.727814,78.512283,215.405762,144.831085
158.270370,78.480797,221.112228,144.973938
163.438507,77.672661,226.233093,144.115509
167.353348,77.993065,229.780258,144.044891
170.554459,77.373947,232.212692,142.608292
173.575409,76.610565,234.280212,140.829971
176.168884,77.154808,235.927368,140.365845
176.555954,80.057579,235.337570,142.226624
174.411331,82.600288,232.154617,143.660599
173.616562,85.394974,230.462662,145.496216
171.835724,87.863983,227.883881,147.111282
170.842041,88.633713,226.052429,146.999146
170.678635,89.528976,225.049820,147.010254
171.209671,89.332230,224.955826,146.154388
171.931595,88.925781,225.157089,145.198349
173.071915,87.790894,225.900192,143.644180
176.365280,86.986160,229.190109,142.835785
178.624664,86.861580,231.473267,142.736313
179.568146,86.965324,232.581024,143.013641
182.559891,89.050285,235.885361,145.428558
182.427963,90.703217,236.214920,147.568604
182.764908,91.630592,237.389420,149.380066
182.421936,91.484116,237.883881,150.116684
180.838089,90.982597,237.015488,150.368958
176.333008,88.122055,233.082672,148.110794
172.902222,83.090691,230.466187,143.936584
171.156937,79.886459,229.337997,141.381363
168.558640,76.660187,227.070358,138.502563
167.575256,73.580650,226.079407,135.415100
165.441910,70.349953,223.861130,132.095154
165.782684,68.617912,224.201294,130.362473
165.622711,68.966690,224.196472,130.874283
165.667511,72.727257,224.388580,134.789658
164.156525,79.752457,223.071899,142.022324
164.399445,85.797546,223.520996,148.287567
166.461121,88.938484,225.803070,151.659943
168.311050,88.065063,228.003281,151.154312
170.446228,84.293411,230.546417,147.817795
172.757462,78.355698,233.355362,142.402283
174.060394,73.176125,234.820282,137.395325
176.353226,70.032417,237.129440,134.269012
176.354813,68.113045,237.070786,132.285446
175.732544,65.895874,236.227753,129.833038
174.368286,65.461143,234.521790,129.039795
173.356110,68.940208,233.024811,132.010208
172.115662,72.175652,231.461578,134.901352
171.630493,75.436798,230.725159,137.898666
171.134369,76.624191,230.137360,138.989792
166.614334,76.526413,225.810104,139.094421
160.427399,75.050613,219.526245,137.516861
154.709717,73.688614,213.692352,136.032837
149.245026,71.330978,208.095673,133.534271
143.792633,65.991394,203.055145,128.634476
135.127640,61.285278,194.504196,124.048111
130.454224,59.763058,189.813019,122.507248
126.453850,59.579327,185.785126,122.294632
125.073326,61.362331,184.589935,124.272232
122.816910,65.724045,182.476105,128.783661
122.576462,71.721016,182.526703,135.091080
121.814880,76.739647,181.961258,140.318939
122.443810,78.530716,182.859451,142.392502
125.082382,77.469772,185.876205,141.728348
130.825836,78.279793,192.056427,143.003754
135.993286,77.564034,197.438721,142.513245
141.379135,75.431404,203.285812,140.864197
149.394135,73.840225,211.382568,139.360046
150.411148,73.395775,212.276230,138.784271
149.405884,72.496704,211.425171,138.049332
145.668350,71.580040,207.837296,137.289444
140.911835,71.849457,203.480530,137.977646
134.876373,71.793480,197.989960,138.501144
128.133514,73.288681,191.924591,140.705612
119.711334,73.525871,184.343292,141.836243
111.648300,72.014786,177.111557,141.207611
104.622032,68.490005,170.692108,138.326431
97.638092,62.755955,164.309082,133.220184
91.011276,57.066559,157.889206,127.750099
86.096077,53.765518,152.470016,123.914970
85.531143,53.177219,151.640930,123.046745
84.561157,54.665852,150.611160,124.472908
84.136124,60.800800,149.986420,130.399216
82.580223,67.902313,148.244995,137.303955
80.574211,73.135597,145.958038,142.239258
77.348083,76.801048,142.601135,145.766006
71.366318,78.407257,136.490799,147.237823
65.151154,77.602539,129.887512,146.027328
59.220829,75.939453,123.722855,144.115494
53.908173,71.744385,117.942871,139.424347
54.892731,68.044083,118.585861,135.366714
55.490685,64.064293,118.803429,130.982773
58.330666,63.980572,121.071068,130.299866
63.526028,64.726952,125.592323,130.329330
68.740685,68.960724,129.952621,133.668076
71.124489,72.930450,131.722733,136.994415
72.241318,75.845657,132.428833,139.471970
77.091187,77.706535,136.784103,140.813934
81.213707,80.140503,140.549835,142.867325
85.938423,80.681862,145.070618,143.194550
90.769424,77.594116,149.953918,140.161697
95.228409,72.740685,154.709106,135.619278
99.311363,63.964149,159.668625,127.763123
107.262482,56.528347,168.394714,121.140411
115.878677,51.960663,177.618027,117.209213
123.060616,52.263821,185.434570,118.187920
127.733727,56.858555,190.530746,123.225861
128.881058,60.087654,191.988968,126.785583
130.776016,62.163971,194.236862,129.231369
132.047592,62.748169,196.087967,130.431320
133.652496,64.348305,198.492432,132.867920
132.975128,64.335480,198.726440,133.822556
131.683228,62.551235,198.160858,132.808670
133.219788,60.397747,200.194305,131.181732
133.630402,58.596214,200.750397,129.534348
132.425705,55.822330,199.641586,126.860565
133.704544,55.578110,201.069931,126.774635
132.318420,57.546127,199.695984,128.755569
132.457199,58.491329,199.836624,129.702728
132.460342,60.213615,199.951614,131.543442
131.709824,60.644405,199.286087,132.064209
132.270325,61.058193,199.722229,132.346313
132.757004,61.303135,199.852982,132.214371
135.531418,60.457203,201.951309,130.662537
137.970230,56.807159,203.747208,126.331207
141.567734,52.261646,206.709671,121.112167
147.053741,49.893791,211.521851,118.039841
150.777985,49.748085,214.625305,117.235138
153.694580,56.082211,216.677979,122.651337
153.922089,63.829952,216.202576,129.651550
152.607697,70.286026,214.322632,135.515152
153.058960,75.069908,214.175507,139.662033
152.294067,76.914017,212.938751,141.011444
148.997055,73.301483,209.117966,136.840775
148.592453,67.348808,208.224533,130.375214
153.243256,62.486092,212.085907,124.670441
159.373871,59.535641,217.451874,120.903488
164.594559,61.901398,221.729904,122.278656
164.836609,65.002266,220.651825,123.991127
164.886856,69.918510,219.527664,127.670052
160.802490,72.734619,214.414551,129.401321
154.024384,74.872307,206.680603,130.530075
148.344482,74.705971,200.222137,129.541107
142.349869,74.560196,193.663193,128.798447
134.466415,70.011543,185.250992,123.690529
130.251083,65.961594,180.873917,119.469330
128.710297,60.098511,179.485626,113.767700
131.907974,58.338921,182.888199,112.225075
132.820740,60.373989,183.941315,114.408737
132.097900,62.609589,183.443817,116.882675
132.244263,65.392410,183.653778,119.732758
132.581543,67.986328,183.774750,122.097885
131.228745,68.740242,182.258255,122.678658
128.617859,70.046928,179.456726,123.787361
126.136803,70.769135,176.779800,124.302170
123.409142,68.156082,173.914291,121.543167
126.577881,64.514359,177.290436,118.121048
129.908646,62.648640,180.543411,116.172974
133.205536,61.345783,184.082275,115.126312
142.844681,65.751984,193.775955,119.590248
147.334732,69.032738,198.363083,122.973785
152.964020,69.018745,204.342896,123.323807
160.863022,66.293465,212.464493,120.833969
165.217163,64.471146,216.924683,119.123802
168.720917,62.466675,220.351624,117.038078
170.687607,61.841908,221.841995,115.909515
172.731171,61.335022,223.087372,114.558403
172.850754,57.826305,222.386246,110.180702
174.418274,54.854012,223.271545,106.485260
175.352463,53.569378,223.455154,104.404099
174.308746,53.701000,221.631195,103.723633
174.449295,55.706703,221.139114,105.057175
177.484161,62.849220,223.637543,111.629028
174.712418,69.855865,220.551620,118.308113
170.918793,74.251236,216.393219,122.314903
166.484680,76.663528,211.896881,124.660912
160.251968,76.363419,205.640152,124.335747
155.124908,72.656479,200.616669,120.736870
154.084259,68.379257,200.260681,117.188972
158.116608,62.851929,204.684601,112.069862
159.515945,62.047817,206.132065,111.316933
160.351639,64.101051,206.798325,113.189911
159.850037,67.889641,205.820831,116.472229
161.204544,72.297935,206.362289,120.014465
161.848450,75.119774,206.449066,122.254944
161.179794,77.246414,205.262650,123.829292
161.670807,80.240845,205.053070,126.092003
162.128555,82.262291,204.716293,127.282822
164.285721,82.575073,206.272537,126.952751
166.248993,78.168091,207.811157,122.090797
165.485275,74.437531,206.556534,117.845970
169.024078,74.023323,209.624786,116.938797
171.701691,77.738640,211.829041,120.157669
170.941147,82.097893,210.353561,123.767105
168.735764,85.336014,207.432022,126.253258
165.193817,87.453209,203.573639,128.037796
161.269852,88.196945,199.337418,128.453262
159.508423,87.450447,197.028168,127.130867
158.801331,86.291618,195.813599,125.437843
155.976868,83.659966,192.567993,122.362892
152.299561,81.716278,188.268616,119.763504
147.354553,79.751801,182.872070,117.309875
144.752289,78.709496,180.225525,116.220818
141.025085,73.925713,176.740753,111.692940
139.617737,67.168701,175.615662,105.233856
137.838242,66.759651,174.064590,105.072273
135.164841,70.882370,171.363205,109.165482
135.382080,73.147285,171.616638,111.468559
135.512009,74.037575,171.988663,112.614037
132.879349,77.331573,169.765457,116.339615
130.916153,79.308998,167.934158,118.459618
129.901337,79.857422,167.011658,119.105225
128.050644,79.593864,165.339798,119.029915
131.241959,78.422256,168.726334,118.063812
137.293106,78.755539,174.839462,118.462341
143.662048,79.326591,181.214478,119.039803
150.455963,79.597649,188.138092,119.447380
155.809448,79.402275,193.354889,119.108131
159.283966,79.053207,196.836243,118.766251
160.963364,80.931358,198.277420,120.393623
159.671738,83.271194,196.423843,122.141922
160.686234,82.747902,196.839066,120.986946
164.615341,80.162514,200.382126,117.994637
163.134872,79.493004,198.398056,116.793556
162.398499,79.624840,196.727905,115.939735
157.252975,78.479774,189.610580,112.710182
152.520233,75.622276,183.466675,108.355995
154.700500,77.260689,183.648254,107.866768
153.208282,81.475929,180.439514,110.247093
152.477112,84.315308,178.510376,111.845718
151.813919,87.267998,176.724503,113.634163
150.792847,88.351578,174.826599,113.770752
155.963348,90.208946,179.172028,114.770042
158.159866,91.329056,180.852798,115.352936
160.467941,92.119995,182.638809,115.576416
161.712173,93.556602,183.625015,116.743782
163.682175,94.082733,185.539291,117.209122
162.787216,93.334175,184.729141,116.553078
163.309052,93.142708,185.583099,116.723946
162.177322,93.018196,184.768967,116.930840
152.937363,90.937256,176.706650,116.078751
146.781189,88.928589,171.154541,114.724503
140.977509,87.581192,166.632690,114.710205
138.845596,87.490341,165.087479,115.251190
135.330826,85.907852,162.358231,114.483307
134.418671,85.479240,162.408020,115.051003
132.651047,83.652687,161.647232,114.303200
132.691223,82.789413,162.705139,114.527863
133.880615,79.838394,164.849426,112.562531
136.660995,78.209152,168.420761,111.775284
138.377914,76.303574,170.999008,110.784866
140.379562,75.768822,173.608902,110.895210
142.739319,75.117706,176.645386,110.960632
143.595413,74.713020,177.955063,111.036217
142.949265,75.425644,177.712723,112.175735
139.137329,75.073639,174.401428,112.352997
138.966461,73.321457,174.759308,111.158951
138.951508,71.484306,175.347931,109.958900
139.449173,70.612556,176.178391,109.437950
140.042206,69.508934,177.160065,108.743980
141.589691,68.454430,178.987610,107.984276
141.388062,67.126884,179.026642,106.910072
144.834167,65.574791,182.908569,105.816734
146.277023,63.845383,184.703323,104.457260
146.811020,62.306641,185.823105,103.534332
140.411743,59.004364,180.316345,101.169205
140.043701,58.144093,180.495728,100.897408
138.426605,59.528534,179.217957,102.637718
133.497330,60.098022,175.095840,104.073418
132.357071,62.437565,174.654922,107.145599
128.000000,62.000000,158.000000,94.000000
130.669098,62.865719,161.323639,95.562508
130.782730,60.009632,162.243301,93.564438
136.799652,58.028992,168.952423,92.319267
140.033295,53.359200,172.870514,88.375397
143.315720,50.369518,176.846512,86.142334
148.311020,50.665314,182.391556,87.020210
153.015045,52.587032,187.490265,89.359177
154.761002,54.075237,189.370438,90.989273
159.122604,54.750427,193.820023,91.757469
161.817322,53.423988,196.505920,90.421463
161.204254,49.040215,195.937469,86.084839
162.502960,46.057281,197.159088,83.018204
165.407104,44.430687,199.989532,81.313713
169.523071,44.849072,203.922729,81.538895
167.072708,48.622364,201.209305,85.034096
166.689041,54.820976,200.473190,90.860115
163.540024,59.501118,197.169907,95.372391
156.402893,62.811756,189.845978,98.485245
149.246155,64.794785,182.645386,100.421822
142.822342,65.360741,176.254044,101.022171
135.164551,63.061916,168.726105,98.860840
135.182739,63.835331,169.022614,99.928947
132.245956,61.272842,166.516983,97.835655
130.974792,56.788593,165.640778,93.768929
133.934982,57.590794,168.899216,94.886406
136.569931,59.291897,171.782852,96.857498
139.457123,59.740288,175.127808,97.789093
143.741959,62.060600,179.755875,100.481247
145.644989,64.810600,181.960999,103.549652
148.221634,68.034889,184.833084,107.085342
152.509979,71.118340,189.424530,110.496475
154.723648,72.233078,191.993240,111.995033
156.935516,69.557457,194.650604,109.788345
160.431458,60.950832,201.443390,104.738846
159.585251,59.058907,201.113541,103.387878
156.620682,51.460079,198.486343,96.150505
156.469559,46.545689,198.372543,91.276123
156.373749,42.121964,198.387268,86.970818
152.001251,36.426476,194.061066,81.323792
150.527939,39.144001,192.233902,83.671013
145.424835,43.327770,186.707214,87.400940
140.392395,45.558163,181.234039,89.159119
137.831894,45.893585,178.208389,88.995354
137.990662,47.096516,177.783783,89.572212
138.330292,47.592384,177.507660,89.406143
136.785004,49.081795,175.293030,90.192734
135.449554,50.066269,173.190979,90.351631
134.545868,50.036884,171.646973,89.631371
136.704147,47.849991,173.476669,87.098610
139.541840,49.341122,175.947266,88.192879
141.120285,52.862850,177.388718,91.570198
142.901108,57.538609,179.118942,96.192612
143.095963,62.429192,179.331589,101.101944
142.219742,65.936264,178.447983,104.601219
143.330917,68.626083,179.599380,107.333427
140.276291,67.377365,176.563004,106.103935
141.664902,60.814144,178.214737,99.818069
144.324142,51.879498,181.434250,91.489105
148.035370,46.264080,185.580902,86.332016
150.543076,49.357395,188.238052,89.586586
152.538620,54.081715,190.271591,94.351891
152.540054,59.110657,190.255478,99.361885
151.100037,61.256508,188.637360,101.315582
149.699448,62.963997,187.090012,102.864716
149.143799,64.537262,186.266266,104.155769
148.377197,65.685150,185.084778,104.866936
148.783554,63.455643,185.175400,102.296074
151.111572,63.467831,187.032928,101.812347
151.607056,64.117538,186.989471,101.878189
146.496750,62.584209,181.437241,99.878372
142.168671,63.607182,176.736542,100.496788
139.607651,64.567505,173.909286,101.175682
135.170593,64.468369,169.215912,100.805565
128.959854,63.573845,162.895157,99.794739
124.423347,62.275608,158.366745,98.505318
119.312958,61.442661,153.336029,97.759071
115.074074,61.449570,149.269821,97.948524
118.210876,60.786488,152.527023,97.412720
119.365807,58.310951,153.812103,95.074768
120.482956,53.428341,155.167953,90.444496
122.000000,56.000000,174.000000,111.000000
124.780106,60.512890,176.693985,115.421898
127.695541,66.837532,179.169510,121.281258
131.786743,72.022583,182.817291,125.997299
138.307968,73.259560,188.917496,126.797081
145.541519,70.778389,195.594650,123.726768
150.237793,66.924095,199.858124,119.422707
153.187805,62.191624,203.038239,114.934135
156.008484,58.896294,206.148865,111.946144
158.639343,56.102985,208.701569,109.070099
160.498795,55.079548,210.348892,107.826202
161.103546,56.064499,210.785309,108.632729
160.283737,57.233036,209.783554,109.608406
159.968643,58.993061,209.499863,111.401711
159.682617,61.523396,209.143799,113.857811
155.347900,63.777550,204.890076,116.197800
152.470200,64.739258,201.961594,117.105675
151.976654,64.834198,201.666077,117.410515
147.605820,64.154366,198.183517,117.672241
147.375793,61.338512,198.778992,115.730453
146.923462,59.140621,198.873932,114.111420
146.542908,58.546131,199.103241,114.161995
145.832123,59.673420,199.155853,116.095894
145.473251,60.035942,199.386307,117.080490
145.345963,60.949173,199.578323,118.336693
147.726578,61.837326,202.036087,119.306221
150.621445,63.008190,204.538712,120.063454
151.082397,63.367260,204.570831,119.961937
150.453903,64.560165,203.413284,120.596405
152.733261,66.204826,205.211349,121.723442
151.108139,68.838760,203.044693,123.785187
146.534042,73.987747,197.977341,128.412476
146.673767,78.736374,197.902710,132.934387
148.133469,82.102371,199.254990,136.186737
148.102997,85.861984,199.244476,139.967468
145.238403,87.717651,196.498688,141.948807
141.710007,86.125618,193.197342,140.596939
142.129364,83.547867,193.884521,138.302460
144.003906,82.043961,195.945526,136.995773
141.265152,79.684441,193.272049,134.705292
142.844894,75.773201,194.912643,130.858337
145.560745,74.712364,197.693436,129.866135
148.467255,75.102425,200.404449,130.049652
152.372986,75.950455,204.053162,130.625824
155.770660,76.783066,207.170441,131.161865
157.297012,77.232208,208.437943,131.337234
160.120453,77.546837,211.070160,131.449600
162.203293,76.337814,213.024033,130.104019
162.537598,71.897827,213.302490,125.604904
161.928604,70.112373,212.626602,123.748634
158.696548,68.059334,209.215714,121.506233
154.508667,65.352295,205.204620,118.986404
149.998795,66.090683,200.772476,119.807083
144.452972,69.254738,195.305817,123.054970
139.547089,71.915558,190.424744,125.742050
134.908768,73.369293,185.767075,127.175308
131.668076,75.391045,182.510757,129.180511
126.796196,76.623009,177.567184,130.336563
122.540428,77.192627,173.131027,130.715164
122.336555,77.187401,172.680695,130.448990
118.872978,74.637833,168.888626,127.551613
119.737015,70.406761,169.492203,123.049866
122.450027,69.210007,172.031570,121.669044
125.038513,71.075935,174.048950,122.929596
127.385841,75.816841,175.631409,126.875031
131.585419,80.513382,179.122849,130.820084
137.585007,86.136848,184.373474,135.647766
142.529129,89.736053,188.884979,138.786743
148.392166,89.836632,194.409882,138.527603
151.657150,87.992493,197.446350,136.445206
158.147720,84.924576,203.905609,133.343948
165.232483,82.604698,210.922775,130.952072
168.696503,83.531097,214.377975,131.869080
171.759384,86.311295,217.298706,134.497864
173.936325,90.443192,219.439667,138.591431
174.415817,93.432388,219.662903,141.307678
172.115433,94.722023,217.085205,142.307953
168.466644,93.796532,213.227676,141.159821
164.023102,91.817444,208.665543,139.054214
162.326477,89.304108,206.859543,136.424225
160.568283,89.312576,204.888245,136.205368
157.181335,89.844955,201.300644,136.528168
156.001816,89.260201,199.936340,135.750427
157.019760,88.488358,201.010651,135.038803
155.376923,88.681351,199.594009,135.473404
153.324524,89.756737,197.883560,136.905930
150.724167,90.277374,195.547729,137.708725
147.891983,90.038345,192.913544,137.680908
147.024597,89.817619,192.102646,137.519135
146.532349,90.019859,191.630966,137.742828
146.119888,89.953766,191.116608,137.570404
146.238586,88.184174,190.872513,135.413849
147.827942,86.165955,192.480606,133.415604
149.576553,85.242096,194.381744,132.654434
152.502930,84.660782,197.567001,132.349243
157.576477,86.366516,202.886093,134.311203
162.781113,88.872665,208.236206,136.969147
166.380630,92.016113,211.912170,140.194016
168.131119,94.149628,214.126892,142.822021
169.678787,95.425323,216.291412,144.754822
171.233856,95.287109,218.276810,145.074387
173.421753,93.544495,220.701218,143.578140
174.563263,91.148285,221.942490,141.287918
174.499466,89.821518,221.766357,139.841797
174.760361,89.058357,221.906982,138.950836
173.890274,88.510468,220.876953,138.236343
175.411499,87.751999,221.883041,136.929840
175.534088,83.418831,222.180283,132.782471
179.417450,80.672165,225.776199,129.730011
182.479263,82.115524,228.367584,130.672913
182.035858,85.388390,227.432388,133.421906
183.974854,84.206993,228.002975,130.782867
186.732498,81.890739,229.559998,127.212616
186.016785,83.310661,228.554337,128.322357
183.937576,82.920479,226.613861,128.080582
181.517288,82.540253,224.663818,128.203400
178.709930,81.301369,221.911331,127.021889
175.429230,79.788864,218.851349,125.740128
169.909592,77.602608,213.590836,123.824791
167.388290,76.868362,211.587692,123.644043
167.332535,78.316383,211.813889,125.386543
166.199997,78.569023,210.792801,125.758049
164.368591,78.580589,209.095398,125.912544
163.296860,76.971924,208.138077,124.425934
159.313934,74.120255,204.728363,122.185699
156.019699,70.595314,201.323410,118.542809
155.457886,66.924652,200.669067,114.775574
155.167694,64.474518,200.046265,111.978363
151.268723,62.776134,195.820236,109.931122
157.920120,62.162148,202.175095,109.000832
161.384872,63.773750,205.469589,110.434593
166.060287,66.935982,209.907547,113.348824
169.907639,70.199142,213.619492,116.467346
171.232147,71.046165,214.795166,117.155403
174.447647,70.798988,217.985672,116.881538
176.732132,70.552971,220.225906,116.588249
175.850342,70.196312,219.198090,116.075615
172.717880,69.585587,215.840744,115.229782
170.703934,67.317192,213.688095,112.816368
171.154816,64.929321,214.192261,110.485504
168.709259,65.563118,211.615570,110.982201
165.437744,68.192947,208.313934,113.579803
164.762863,71.911369,207.632584,117.291298
162.690247,75.366829,205.593781,120.782921
160.295425,76.795120,203.239975,122.255096
155.066330,75.132446,197.884445,120.457153
149.056793,72.967140,191.743927,118.151726
147.198151,70.993660,189.799377,116.086342
144.063263,69.261963,186.636658,114.324860
141.005493,68.095642,183.546997,113.124435
139.911713,67.425461,182.341156,112.334366
137.035263,67.948212,179.185349,112.564758
136.112946,68.673004,177.986725,113.000381
136.516464,71.251808,177.983139,115.142982
138.050385,72.152359,179.304596,115.820938
141.476547,72.041222,182.495010,115.462822
145.924835,71.669395,186.807129,114.948357
151.071716,72.213089,191.857208,115.388153
156.393387,72.136642,197.122208,115.250900
160.993057,70.772697,201.534286,113.685646
163.086304,70.268509,203.383575,112.925598
166.451706,68.816666,206.513504,111.226791
168.522354,69.535027,208.423935,111.777122
170.050171,72.408691,209.743073,114.426453
169.885361,76.366570,209.452103,118.248695
169.186554,79.890350,208.598450,121.609879
167.269226,82.745163,206.627411,124.408295
165.249557,85.055008,204.515976,126.621780
163.595795,86.179283,202.877319,127.761909
160.940353,86.084747,200.166458,127.609177
156.256714,82.461555,195.508850,124.013329
155.870590,78.268623,195.256332,119.960670
151.318451,76.298904,190.806274,118.098129
148.447540,76.752983,188.035553,118.657387
143.469803,80.061539,183.127182,122.038773
141.241943,81.674469,181.054169,123.814301
140.500336,81.352730,180.689178,123.897423
139.256866,79.017349,179.740479,121.871201
136.867264,78.410645,177.753220,121.686478
136.156006,77.890869,177.398163,121.548950
134.114594,77.555740,175.689392,121.562302
131.192444,76.619667,173.073181,120.954033
128.875854,76.293137,170.891510,120.772064
126.362282,75.572426,168.408585,120.083427
123.175484,73.543541,165.359024,118.198158
