162.000000,92.000000,214.000000,147.000000
161.637009,92.568916,213.444412,147.365433
159.495880,95.575546,211.183441,150.245300
156.423462,98.659500,207.656799,152.848816
153.854996,99.548698,204.164474,152.760849
151.162308,98.702911,200.515701,150.902740
149.725922,94.843399,198.760803,146.705612
149.122894,90.551659,197.116516,141.330963
148.457504,88.086075,195.521622,137.877777
147.935394,87.619331,195.309326,137.733749
144.670837,87.553612,191.983704,137.603149
138.260590,87.310333,186.143951,137.966034
132.849625,89.994537,180.955032,140.886169
126.909988,92.073250,175.161606,143.117050
123.306152,91.461082,171.728760,142.686340
122.418823,88.615898,171.348999,140.379791
122.462326,85.681557,171.797867,137.875626
124.751488,84.504601,174.636246,137.280823
127.498451,85.257317,177.488892,138.145569
129.817230,86.025528,179.803101,138.908920
131.779785,89.320984,181.676758,142.110153
131.419922,92.192924,181.455902,145.129425
131.335770,93.301971,181.379959,146.246994
132.472168,93.821236,182.569733,146.821732
132.951782,95.493019,182.655273,148.076248
134.285995,97.206535,183.229172,148.983841
133.778946,95.638588,183.009720,147.721100
135.690720,91.208549,184.726456,143.084305
138.649170,86.167702,187.229309,137.569641
143.656448,80.459412,193.039871,132.713806
148.413971,77.687920,197.194763,129.303528
151.834213,76.099800,201.091446,128.221008
155.941849,75.153900,205.506699,127.601173
159.901489,74.900772,209.468048,127.349846
162.737106,77.403755,211.894608,129.419205
164.082184,80.688301,212.697205,132.128708
163.342758,81.996727,211.122299,132.550491
161.991959,80.611511,209.839157,131.237152
159.655365,77.249069,207.906158,128.303528
155.685608,74.424965,204.489197,126.066078
152.181305,72.595512,201.507263,124.790977
148.550674,73.968094,198.015915,126.311203
141.637619,78.251366,191.708084,131.236023
134.935364,82.279366,185.312195,135.582413
129.849930,84.065018,180.865616,138.044479
125.718102,83.129791,177.686096,138.098190
122.699539,82.852806,175.224274,138.410065
121.054314,83.099419,173.966064,139.065613
119.401878,83.308968,172.160217,139.113083
119.116173,81.238831,172.198151,137.384903
120.086327,75.648323,172.879150,131.489182
122.007339,71.640152,174.879150,127.564476
125.224541,70.357513,178.624481,126.839851
128.778503,72.554375,181.577240,128.402115
130.319565,77.003891,182.841721,132.559402
132.583069,82.743668,184.669403,137.838684
136.081696,87.531136,187.674194,142.104370
139.543396,91.006714,191.284393,145.737015
142.126633,92.518745,193.634079,147.002045
144.667755,90.183022,196.438843,144.945190
148.654465,84.966446,201.112289,140.454971
151.889023,78.098877,205.299942,134.594452
155.468979,72.874901,209.713394,130.250275
155.850723,69.790771,210.788223,127.897026
157.275345,70.015335,212.227127,128.136902
157.148682,76.373375,211.591339,133.948792
153.906219,81.443695,207.494751,138.118408
152.236115,82.950287,205.454742,139.234558
150.277863,85.303268,202.860962,140.916718
150.610001,86.792038,202.452560,141.623016
148.260010,86.342072,199.531799,140.569366
148.416550,83.451813,199.199051,137.161591
149.628662,80.110397,200.516296,133.931473
150.170822,80.642021,200.664688,134.046173
150.324265,85.659134,200.247147,138.458694
148.491821,90.775215,197.610748,142.722595
146.702972,91.304085,195.972565,143.408142
145.806213,91.399948,194.905212,143.323196
145.070038,92.711868,193.571991,144.014206
143.937973,94.071373,192.524063,145.463013
141.998352,93.883385,190.222168,144.890564
138.183365,91.023567,186.368851,141.990082
134.407364,88.109055,182.023270,138.482727
133.125900,85.167755,180.972946,135.787003
134.456055,84.351402,181.778351,134.413132
132.829269,89.531265,179.457169,138.855194
132.252853,94.969734,178.038559,143.397690
133.246002,98.758133,178.485809,146.604584
134.552246,102.453629,179.751312,150.257568
136.681396,106.006874,181.807281,153.734467
139.576828,105.516960,185.234970,153.799957
140.868774,99.213768,187.113342,148.121429
144.361862,89.260582,192.007767,139.629196
147.401260,82.247536,196.141678,133.779053
152.085251,78.022499,201.490128,130.259155
155.926773,76.138123,205.956985,129.037628
157.131165,78.789200,206.954132,131.473343
158.666626,81.903427,208.362213,134.452560
160.623535,83.471092,210.071564,135.757812
162.574295,84.140953,211.808090,136.200562
163.821014,85.195869,212.214081,136.364319
164.075211,84.695869,211.908890,135.270691
163.901367,84.615646,211.227661,134.651382
163.960495,83.994873,211.238419,133.979218
162.514786,83.903114,209.040695,133.104126
161.575653,82.769173,207.477325,131.306122
160.720764,84.270531,206.540009,132.719666
156.811920,89.238342,202.240540,137.271378
153.160324,91.434509,198.563889,139.440872
150.053040,91.503059,195.135437,139.167313
146.428436,93.933212,191.487671,141.573303
141.851425,96.425537,187.031174,144.191391
137.728653,94.308060,183.469986,142.659912
137.779739,90.314178,183.879745,139.048080
138.964005,87.407707,185.457413,136.551743
139.920151,86.831596,186.753128,136.336868
139.795883,86.733376,186.540237,136.144363
140.287842,87.459503,186.675934,136.491470
139.055161,88.306671,185.123245,136.998199
139.959274,90.235374,186.185867,139.092148
141.204193,92.884613,187.650635,141.970596
141.788757,94.006439,188.749176,143.639206
143.529022,92.694130,191.143402,143.022598
146.390533,89.576874,194.787567,140.736908
148.327774,86.440681,197.624466,138.555466
151.165176,83.729149,201.356400,136.792145
155.511841,81.244804,206.519440,135.172195
160.458038,79.171402,212.119324,133.777618
164.522858,78.316208,216.656250,133.421768
166.727066,78.568665,219.328354,134.168610
168.104004,80.725197,220.567688,136.179749
169.257217,81.632553,221.885208,137.260712
169.951187,81.689667,222.313309,137.036911
170.257523,81.116402,222.330124,136.157745
168.819946,80.570168,220.302277,134.987839
167.560684,78.990555,218.747726,133.095917
167.220474,77.289383,217.603958,130.544830
169.416840,74.148087,219.010254,126.566986
171.646332,72.219109,220.664703,124.028450
170.930359,71.068123,219.330963,122.234993
168.795807,70.593590,216.918762,121.465813
164.308609,70.034172,212.587814,121.069023
162.244751,71.476021,210.603943,122.595757
158.545837,73.630402,206.863861,124.706451
154.750732,75.632591,203.026154,126.663429
150.759171,76.135422,198.972916,127.100800
148.680161,74.747528,196.616409,125.424088
146.656906,70.700958,194.631424,121.418167
144.867325,66.248497,192.483292,116.584755
142.978836,63.528584,190.487442,113.750755
142.954773,62.379868,190.492249,112.632721
140.329605,62.288696,188.165787,112.858932
140.983078,63.565598,188.867447,114.187027
140.751282,66.085388,189.088074,117.187500
140.430023,71.359863,188.885712,122.588165
141.039078,76.078598,189.535019,127.349609
141.700226,78.317505,190.533691,129.946701
141.938568,77.178123,191.304779,129.372681
143.278152,74.584259,193.625809,127.819130
143.065491,70.793846,194.497345,125.176712
142.349213,66.832413,194.757355,122.247902
143.560593,62.790260,197.047653,119.345749
143.383301,59.343781,197.390808,116.448616
143.617401,58.092354,198.037964,115.632767
141.895798,59.011402,196.195358,116.424225
140.180222,60.963234,193.991226,117.860847
138.722458,64.188759,191.883560,120.400383
137.888229,68.487389,190.593887,124.218269
137.333160,72.122772,189.738037,127.535858
137.455856,75.088211,189.146652,129.746811
138.646500,76.883522,189.558517,130.718430
137.684631,75.342178,187.957977,128.500839
138.638062,71.431564,188.532013,124.188522
139.110519,67.354042,188.444901,119.517876
138.504837,64.082306,187.218704,115.588409
137.668625,61.944275,185.531021,112.546768
137.400909,60.532444,184.680542,110.515762
136.689941,61.081215,183.332550,110.400970
138.300598,63.667336,184.533936,112.551712
140.420273,66.677620,186.170059,115.057861
142.291641,68.086044,187.957596,116.376976
142.046066,70.422173,187.557205,118.548172
140.907303,73.389702,186.469315,121.569885
137.676193,75.130104,183.322372,123.399933
134.674789,76.781914,180.371750,125.105820
131.201416,76.942589,177.088287,125.468796
127.337624,74.895523,173.296722,123.498665
125.803276,73.069206,171.670547,121.574539
123.269707,71.171669,169.159286,119.700760
120.606239,69.861176,166.610504,118.512444
117.518349,69.949387,163.404053,118.477043
117.735649,69.914047,163.403702,118.209862
118.564690,70.751701,164.284592,119.102737
120.556053,70.823868,166.151718,119.042564
124.403473,69.186882,170.143600,117.559448
128.603302,64.500046,174.603745,113.149895
132.625595,60.554577,178.775818,109.360573
133.255005,57.929337,179.593582,106.931702
133.824615,52.431488,180.356461,101.639450
139.691528,54.216427,185.990402,103.176537
144.996765,57.652512,191.693222,107.027115
147.494003,61.544491,194.193329,110.922142
152.331680,63.020912,199.166626,112.542854
156.509872,65.142166,203.524963,114.855759
158.438660,64.554306,205.647110,114.469299
161.233673,65.015778,208.567459,115.061325
162.351746,65.834946,209.821304,116.024750
163.747406,68.812302,211.155624,118.936935
166.316208,72.244644,214.106140,122.774857
167.594910,74.206139,215.831711,125.211159
169.079178,75.417152,217.959381,127.104973
169.715622,75.857185,219.374115,128.370941
169.177032,76.593910,219.714462,130.039337
166.374832,75.618767,217.986206,130.201309
160.744522,73.469170,213.215118,128.960510
156.548782,74.622513,209.963379,131.111298
151.528214,73.868263,205.802979,131.265015
146.634949,73.357124,201.731323,131.620300
140.561340,71.985367,196.600708,131.242065
138.475586,70.627640,195.398376,130.814270
135.661392,69.685219,193.507462,130.859909
132.749039,68.851364,191.551834,131.048752
132.965149,69.916901,192.583130,132.984726
134.726929,73.507263,195.040070,137.316574
136.403366,76.377441,197.403885,140.907944
140.803665,78.159233,202.606216,143.530594
145.104706,79.225029,207.150391,144.855209
149.911224,79.201721,212.574280,145.478653
155.328552,79.112709,218.280884,145.697281
160.483231,78.253822,223.421127,144.823029
164.335815,78.571014,226.893951,144.736359
167.747330,77.937180,229.561050,143.310852
170.809433,77.161423,231.600754,141.446747
173.538193,77.727409,233.398056,141.020172
174.203110,80.774147,232.949661,142.879379
172.199539,83.438293,229.974716,144.506287
171.779388,86.320953,228.476807,146.236847
170.314514,88.957626,225.848206,147.648529
169.378220,89.720161,224.064987,147.518753
169.240829,90.577194,223.219711,147.629288
169.760971,90.382217,223.171768,146.824142
170.527191,89.879776,223.607452,145.972794
171.580475,88.681931,224.325684,144.421295
174.790268,87.823753,227.543320,143.571411
176.993607,87.718887,229.815231,143.539001
177.906799,87.760468,230.903809,143.765915
180.833771,89.823074,234.133270,146.153839
180.464676,91.407639,234.427048,148.438095
180.641586,92.351204,235.544418,150.391785
180.289154,92.213463,235.973907,151.092834
178.702805,91.653885,235.149979,151.336517
174.186172,88.733887,231.369980,149.191910
170.581024,83.637466,228.729645,145.110199
168.936508,80.498032,227.675095,142.590744
166.328903,77.231979,225.460129,139.743958
165.350388,74.187057,224.393387,136.606415
163.288116,71.101776,221.997284,133.170593
163.646072,69.356064,222.446121,131.521927
163.514084,69.756577,222.461319,132.079620
163.573975,73.534805,222.697601,136.046204
162.168716,80.509705,221.421890,143.157120
162.541092,86.771431,221.698990,149.318817
164.557968,89.889191,224.025497,152.761673
166.388672,89.037582,226.174133,152.243896
168.370102,85.183472,228.795914,149.072830
170.285568,79.032990,231.583908,143.837799
171.479828,73.800629,233.030090,138.869537
173.719971,70.667717,235.435242,135.912277
173.800140,68.657646,235.472778,133.856827
173.299286,66.492462,234.548096,131.240463
172.186752,66.225327,232.731430,130.235107
171.249374,69.810928,231.204666,133.192673
170.195587,73.124847,229.601562,135.920654
169.801300,76.415878,228.838623,138.824600
169.327530,77.528473,228.364517,139.936829
164.916290,77.514999,223.955902,139.926117
158.741379,75.909546,217.793900,138.334213
152.975494,74.389236,211.955444,136.737717
147.513626,71.878006,206.489059,134.221664
142.108170,66.597504,201.471268,129.355103
133.305588,61.914860,193.034439,125.056488
128.404984,60.298763,188.324142,123.643394
124.278824,60.039608,184.242264,123.431465
122.607201,61.666748,183.044830,125.564407
120.152443,65.974983,180.708481,129.996872
119.818237,71.923363,180.653427,136.242706
118.951782,76.871399,180.049728,141.470734
119.434280,78.678757,180.907898,143.671936
121.898468,77.621254,183.751938,143.012680
127.555191,78.495148,189.929535,144.441055
132.799179,77.917389,195.478180,144.182449
138.203461,75.800529,201.151688,142.351929
146.220978,74.211388,209.235977,140.833771
147.257812,73.740379,210.163620,140.248444
146.541229,73.001312,209.265488,139.316299
142.920471,72.085220,205.765366,138.528503
138.167267,72.405823,201.318771,139.175186
132.179306,72.556076,195.754852,139.769348
125.378830,73.827431,189.382843,141.495926
117.023621,73.850586,181.798080,142.325089
108.905197,72.226677,174.393250,141.458679
101.819328,68.625465,167.832443,138.414337
94.734352,62.982128,161.448303,133.503220
87.993248,57.272209,154.864700,127.960190
83.018715,53.962170,149.465546,124.200180
82.490791,53.339058,148.843658,123.477501
81.380417,54.767166,147.804733,124.981323
80.840149,60.709667,147.130371,130.781738
79.190010,67.673882,145.331024,137.587845
77.216675,72.849716,143.051361,142.443619
73.984032,76.507378,139.540665,145.806381
67.978256,78.093452,133.422226,147.272964
61.655499,77.229805,126.854912,146.149948
55.732674,75.513618,120.788544,144.283707
50.406158,71.344048,114.931938,139.559937
51.368572,67.598518,115.546654,135.445312
51.805199,63.517918,115.786919,131.159286
54.606812,63.408588,118.066727,130.495544
59.728371,64.109505,122.524666,130.491348
65.035301,68.377296,127.016487,133.892288
67.492310,72.312523,128.744766,137.051758
68.673851,75.314774,129.382263,139.483643
73.420242,77.284180,133.526825,140.811768
77.507851,79.841415,136.934509,142.655655
82.078186,80.430260,141.250290,142.977234
86.914246,77.526993,145.914352,139.893372
91.375595,72.790031,150.486572,135.272812
95.559265,64.308212,155.267990,127.418633
103.623009,57.021088,163.764877,120.593529
112.282906,52.295929,172.924286,116.392433
119.647713,52.819195,180.487701,117.127327
124.308357,57.439835,185.413086,122.030060
125.514114,60.700848,186.802231,125.483337
127.560753,62.929562,189.067093,127.940826
128.861969,63.631649,190.779327,129.080414
130.470596,65.278152,193.110397,131.495956
129.769165,65.261688,193.366211,132.497528
128.486145,63.529541,192.771149,131.496323
130.206238,61.364422,194.878143,129.735962
130.773972,59.493412,195.508774,127.931709
129.747192,56.724937,194.545746,125.230911
131.188324,56.398514,196.193420,125.123726
130.002930,58.335243,194.990234,127.041870
130.084015,59.256050,195.171661,128.069183
130.156372,60.883244,195.375427,129.833771
129.317200,61.148746,194.753296,130.326172
129.793579,61.551407,195.147064,130.641220
130.201706,61.684174,195.377823,130.585876
132.760178,60.764679,197.351028,129.054504
135.115677,56.890827,199.201614,124.644676
138.555374,52.214275,202.214401,119.521500
143.967224,49.712738,206.985901,116.339577
147.755066,49.660717,210.159546,115.644577
150.536179,55.842728,212.247757,121.100700
150.690933,63.440483,211.829849,128.088837
149.338043,69.805397,210.050323,134.006454
149.689636,74.466209,209.904175,138.136871
148.865143,76.236473,208.694336,139.502838
145.525696,72.482613,204.952942,135.320236
145.104752,66.630394,204.012222,128.922241
149.716461,61.688034,207.869537,123.174355
155.822968,58.600697,213.306732,119.383659
161.059341,60.932751,217.642990,120.769028
161.409073,63.795609,216.719223,122.291351
161.589905,68.593346,215.642548,125.764198
157.677094,71.542000,210.615509,127.537872
150.917191,73.783730,202.877487,128.746124
145.405701,73.573967,196.519867,127.641426
139.500671,73.424713,189.971466,126.811691
131.542480,68.880684,181.546875,121.773811
127.293610,64.740944,177.239014,117.572762
125.789703,59.019020,175.874695,111.998802
128.787872,57.293247,179.074280,110.482353
129.700394,59.307945,180.167587,112.688461
128.980270,61.513512,179.642227,115.100250
129.112106,64.262787,179.850479,117.930428
129.446045,66.847244,179.976471,120.294701
128.105728,67.561745,178.517227,120.883270
125.516869,68.870209,175.725266,121.976677
123.061211,69.562454,173.108994,122.498863
120.387634,66.955673,170.244110,119.693275
123.589035,63.477463,173.471664,116.242790
127.001717,61.588207,176.821869,114.287300
130.352371,60.364410,180.312210,113.211571
139.941467,64.780304,189.910919,117.637657
144.467438,68.035568,194.602692,121.068687
150.263168,68.150620,200.533066,121.326302
158.088455,65.425392,208.648270,118.908051
162.461609,63.577633,213.190186,117.238976
165.994507,61.568928,216.662384,115.166000
168.035080,61.006157,218.077530,113.941010
170.147736,60.441929,219.414185,112.570358
170.264740,56.867828,218.786713,108.207115
171.879211,53.883823,219.721893,104.502235
172.811951,52.610909,219.955444,102.486443
171.738281,52.562683,218.181488,101.708740
171.854752,54.427197,217.766373,103.007751
174.938339,61.641415,220.366531,109.707016
172.223984,68.879601,217.181564,116.443909
173.000000,74.000000,203.000000,106.000000
168.230637,76.339157,198.320511,108.434845
161.517487,75.981071,191.695984,108.171104
155.686447,72.430275,186.030594,104.796638
154.644943,68.485870,185.148331,101.021744
158.712296,63.138988,189.255661,95.717407
160.167847,62.593414,190.615540,95.069992
160.979263,64.785439,191.211746,97.032936
162.000000,74.000000,198.000000,112.000000
163.320480,78.421066,198.518570,115.575806
163.902039,81.462662,198.292480,117.764877
163.136032,83.458183,197.146591,119.358803
163.755051,86.353264,196.987198,121.453209
164.312820,88.353172,196.748093,122.609367
166.394119,88.645172,198.344131,122.386688
168.195251,83.986572,199.894379,117.461517
167.407532,80.052010,198.911163,113.319252
170.885681,79.438919,202.235260,112.542496
173.415573,82.915222,204.602219,115.845673
172.787094,87.266235,203.310776,119.513016
170.485748,90.464928,200.433167,122.098274
166.862915,92.464798,196.674133,123.952850
162.879440,93.114891,192.523819,124.424980
161.028915,92.420341,190.229263,123.256798
160.354660,91.229523,188.999283,121.491730
157.471222,88.760002,185.679535,118.555824
153.959595,86.838638,181.499298,115.942780
148.950302,84.947594,176.149826,113.687248
146.538864,84.173706,173.490067,112.656189
142.846039,79.408882,170.267303,108.396233
141.481628,72.897346,169.177063,102.168678
139.554764,72.523048,167.568008,102.134880
136.851257,76.753761,164.742523,106.239418
137.136887,79.168991,164.862839,108.477539
137.103897,80.129066,165.007889,109.628380
134.401398,83.451118,162.637207,113.305946
132.636826,85.549881,160.828262,115.358826
131.788361,86.159294,159.678223,115.656273
129.904373,85.905151,157.680283,115.280029
133.056091,84.622093,160.947235,114.120445
139.065475,84.876152,166.985367,114.405296
145.348892,85.452652,173.298141,115.013260
152.291245,85.907867,180.020035,115.232269
157.583847,85.665871,185.322922,115.001305
160.982162,85.268066,188.724991,114.607529
162.744614,87.087181,190.239853,116.161369
161.688782,89.475800,188.462708,117.777161
162.929657,88.866234,189.153595,116.576881
166.834106,86.288727,192.501709,113.422424
165.270233,85.451950,190.620209,112.243576
164.647400,85.429726,189.028168,111.214867
159.352371,83.275795,183.335922,108.647820
154.547363,80.741982,176.321472,103.720436
156.833298,81.730560,177.178909,103.215591
154.924881,85.593307,173.689041,105.421585
153.972275,88.470200,171.554062,107.053879
153.057236,91.197456,169.884781,108.985008
151.759216,92.254105,167.736969,109.141876
156.916641,93.885170,172.351242,110.195839
159.362961,94.967445,174.270218,110.717812
161.744843,95.436211,176.179932,110.682945
162.952713,96.707901,177.461105,112.032822
165.103271,97.265411,179.509064,112.480881
164.213943,96.555298,178.745285,111.904678
164.783615,96.491264,179.517258,112.056419
163.657654,96.344322,178.639191,112.173897
154.816055,94.366440,170.923447,111.396912
148.988953,92.524956,165.486023,109.968025
143.971786,91.040222,161.822861,109.916931
141.999146,91.070145,160.191132,110.306717
138.757156,89.647194,157.466721,109.428596
138.043335,89.486519,157.253143,109.794502
136.234436,87.950844,156.198303,109.050591
135.941452,87.241608,156.972702,109.515472
136.912735,84.444138,158.930740,107.749603
139.626526,82.986183,162.264618,106.938713
141.223740,81.167229,164.647171,105.939232
143.184540,80.726555,167.084717,105.995171
145.501160,80.115585,170.012177,106.045929
146.334930,79.698029,171.330383,106.132187
145.624252,80.355301,171.090561,107.297989
141.770111,80.054153,167.715057,107.493896
141.587952,78.338310,167.999420,106.280464
141.616791,76.538803,168.529419,105.000687
142.049088,75.593948,169.398544,104.525009
142.389496,74.412071,170.337555,103.963112
143.851913,73.225494,172.276474,103.287064
143.397247,71.678421,172.329620,102.282822
146.648880,70.035835,176.156265,101.254921
147.832428,68.268654,178.037170,100.231575
148.428375,66.904297,179.091309,99.340195
142.202835,63.807579,173.568649,96.991707
141.939438,63.009960,173.824753,96.746056
140.278915,64.366188,172.479660,98.437408
135.252518,65.114326,168.183640,99.960175
134.204269,67.628899,167.620438,102.989197
130.255432,66.038933,164.260193,102.022461
133.202820,66.993279,167.771179,103.556503
133.592972,64.364288,168.990677,101.804268
139.606216,62.397713,175.666336,100.536911
142.752930,57.759144,179.698242,96.831383
146.235260,54.950901,183.759155,94.648643
151.307724,55.270924,189.403458,95.570610
156.041351,57.232067,194.485413,97.897934
157.829254,58.742760,196.393311,99.534790
162.171463,59.478722,200.781631,100.319229
164.838470,58.182072,203.426666,98.999474
164.223892,53.852592,202.801620,94.658981
165.444977,50.723461,204.080902,91.591049
168.293442,49.147335,206.762650,89.839645
172.351669,49.437500,210.787125,90.094330
169.926544,53.169308,207.997864,93.443336
169.517868,59.357101,207.155380,99.175079
166.301239,64.055107,203.809052,103.736549
159.291199,67.342216,196.534607,106.745354
152.053040,69.229843,189.467773,108.813324
145.647354,69.720734,183.162643,109.410049
137.979782,67.471817,175.591629,107.262772
137.918091,68.294739,175.792175,108.361755
135.157867,65.962852,173.160400,106.168449
133.765518,61.540394,172.201065,102.201218
136.862823,62.351639,175.517517,103.242851
139.546066,64.109444,178.363937,105.172211
142.627319,64.736824,181.597748,105.963867
147.009338,67.203651,186.123383,108.585342
148.970245,70.033531,188.357086,111.701660
151.739182,73.541031,191.202164,115.289108
156.054672,76.547104,195.933182,118.731491
158.201752,77.736046,198.567108,120.443794
160.290985,75.137955,201.315796,118.537338
164.727737,65.993134,209.572189,113.394058
163.923462,63.984344,209.339996,111.995499
160.701797,56.326000,206.462082,104.703323
160.257858,51.363003,206.066910,99.792267
160.282196,47.029964,206.060791,95.426788
155.893646,41.401211,201.641357,89.765137
154.436768,44.109634,199.813141,92.078003
149.394043,48.440575,194.223267,95.837990
144.367111,50.689556,188.779861,97.642738
141.600510,50.960262,185.600418,97.482262
141.560425,52.077740,185.032806,98.036247
141.901093,52.618862,184.626831,97.796776
140.299866,54.019726,182.365906,98.491920
138.795700,54.901375,180.042099,98.515793
137.794907,54.697781,178.327530,97.564438
139.943481,52.530785,179.968170,94.864738
142.731400,53.877281,182.400772,95.838585
144.333496,57.412754,183.802826,99.164001
146.108337,62.118988,185.515717,103.805191
146.130081,66.786278,185.770889,108.717583
145.144913,70.307846,184.924088,112.384430
146.110703,73.050583,186.030777,115.278641
142.775238,72.139977,182.977997,114.671898
144.019928,65.688019,184.467010,108.476181
146.572739,56.702843,187.720657,100.226036
150.187286,51.142624,191.975464,95.336578
152.669678,54.161354,194.660370,98.572273
154.564682,58.801495,196.729935,103.399437
154.349564,63.661118,196.760391,108.516045
152.682465,65.568130,195.234375,110.570686
151.136536,67.117058,193.816589,112.256699
150.430862,68.601051,192.965103,113.584702
149.625732,69.757500,191.769867,114.332916
150.045868,67.519897,191.771393,111.657249
152.372559,67.507126,193.612732,111.124443
152.862503,68.106339,193.553635,111.148476
147.722824,66.534607,187.955124,109.084358
143.358582,67.448372,183.260742,109.651871
140.840942,68.501610,180.363403,110.296921
136.360291,68.369972,175.700256,109.973648
130.140335,67.498138,169.321304,108.934883
125.733322,66.231415,164.764862,107.511253
120.531281,65.324867,159.776230,106.828781
116.265900,65.242363,155.845474,107.097626
119.461708,64.480103,159.107635,106.405037
120.726318,62.005383,160.455521,104.017761
121.964554,57.162830,161.900269,99.397209
126.020844,57.603039,166.169846,100.066696
128.814102,62.088749,168.848877,104.432610
131.907135,68.415916,171.289871,110.075928
136.011032,73.482933,174.917114,114.642456
142.585876,74.716072,181.099380,115.452805
149.771027,72.158783,187.840958,112.429207
154.411636,68.089546,192.294220,108.163010
157.498657,63.235634,195.539719,103.480087
160.942612,59.966549,198.844421,100.064621
163.605408,57.141804,201.489609,97.220879
165.245728,56.090950,203.232803,96.281021
165.552933,57.019192,203.548035,97.217941
164.643448,58.130390,202.592133,98.279060
164.330704,59.908062,202.410217,100.197906
163.964340,62.392147,202.069885,102.709351
159.802292,64.843147,198.084381,105.345947
157.060959,65.847717,195.377502,106.386726
157.104370,65.579094,195.776260,106.491684
153.442978,65.022926,192.619415,106.465942
153.677017,62.238976,193.130951,103.973373
153.316223,60.013557,193.276047,102.279144
152.956497,59.486423,193.461578,102.338150
152.463867,60.697273,193.440781,104.043831
152.224808,61.181221,193.579651,104.933372
152.145233,62.179562,193.776108,106.220894
154.525513,63.036049,196.188797,107.112122
157.372574,64.224083,198.722382,107.964294
157.853867,64.555183,198.867493,107.943192
157.296219,65.796967,197.807983,108.659233
159.382004,67.300079,199.458527,109.705879
157.624298,69.982521,197.309525,111.977951
153.073181,75.140587,192.364700,116.722641
153.248657,79.868362,192.375595,121.277596
154.666199,83.213753,193.766983,124.595520
154.613312,86.955162,193.751709,128.376419
151.798721,88.848297,190.978348,130.312851
148.364929,87.303551,187.657196,128.886368
148.852921,84.790237,188.300583,126.536232
150.731171,83.273674,190.385406,125.236572
147.880295,80.888199,187.605118,122.925209
149.355270,76.934677,189.209000,119.110252
151.993637,75.804077,192.063431,118.211906
154.848404,76.229118,194.761032,118.472122
158.683258,77.046196,198.463623,119.147018
161.908722,77.839310,201.587830,119.831291
163.382782,78.235542,202.911774,120.069901
166.407791,78.524834,205.722580,120.134277
168.538620,77.419449,207.695938,118.863564
169.013153,73.118599,208.066315,114.453354
168.471100,71.415207,207.289948,112.503944
165.179764,69.311874,203.888687,110.282219
161.082672,66.601837,199.805054,107.586342
156.504959,67.260963,195.382980,108.409103
150.913544,70.418411,189.842896,111.621849
145.974777,73.038979,184.968185,114.311401
141.337219,74.501740,180.302887,115.744301
138.044815,76.530190,177.067276,117.833923
133.286255,77.731468,172.351349,119.079971
128.875397,78.180077,167.994263,119.585037
128.846695,78.226395,167.712784,119.365929
125.854271,75.758820,164.430695,116.586403
126.705032,71.397964,165.220490,112.161461
129.458862,70.204056,167.772507,110.755379
131.859116,71.987282,169.779144,112.124802
134.162415,76.643539,171.436630,116.084267
138.206833,81.150780,175.020569,120.106812
144.158081,86.764351,180.288193,124.999817
149.221481,90.329163,184.819855,128.004135
155.052139,90.437851,190.365692,127.812164
158.281296,88.585182,193.430328,125.785835
164.727692,85.546707,199.872604,122.743027
171.639374,83.128334,206.894913,120.441414
175.164169,84.075897,210.375916,121.342758
178.228333,86.767258,213.416214,124.008942
180.493622,90.913864,215.607681,128.077606
180.949402,93.889771,215.776688,130.750809
178.546021,95.103119,213.272598,131.857697
174.851181,94.155952,209.406372,130.729355
170.355057,92.142097,204.846283,128.647873
168.552567,89.580597,203.078247,126.122795
166.728638,89.591125,201.246048,126.124580
163.249252,90.109726,197.798004,126.676323
162.023224,89.464737,196.567581,126.026680
162.955887,88.715340,197.701324,125.489868
161.334961,88.858444,196.221451,125.782066
159.356583,89.863853,194.429810,126.984863
156.826462,90.388847,192.067749,127.687241
154.082993,90.233757,189.461121,127.676605
153.155472,90.021637,188.614807,127.550209
152.727554,90.223557,188.196289,127.762047
152.422379,90.233696,187.758698,127.632416
152.698532,88.539093,187.671295,125.554070
154.452942,86.674828,189.316605,123.571350
156.390396,85.634613,191.302185,122.582024
159.375397,85.084084,194.505173,122.261948
164.609024,86.912811,199.900024,124.260857
169.885162,89.447800,205.269913,126.894798
173.490479,92.566673,209.111740,130.263336
175.497665,94.870056,211.512482,132.982117
177.391937,96.385017,213.763260,134.872849
179.093353,96.236572,215.862411,135.143646
181.352707,94.440392,218.442383,133.685425
182.229660,91.788841,219.731598,131.467834
181.955780,90.300842,219.572861,130.101028
182.032593,89.461411,219.684860,129.298645
181.158035,88.708710,218.820587,128.556778
182.355759,87.589119,220.001678,127.419685
182.594025,83.515602,220.178909,123.281929
186.297455,80.536240,224.144516,120.578537
189.032013,81.711243,227.019058,121.904587
188.396790,84.875916,226.237350,124.911224
189.754425,88.115585,227.290085,127.821945
192.533875,90.618889,229.718369,129.955627
191.858704,92.216812,228.666946,131.157516
190.105423,92.056145,226.818146,130.896164
187.909378,91.941223,225.055542,131.238113
184.983887,90.617035,222.349625,130.145050
181.820557,89.283203,219.289078,128.919403
176.457733,87.374649,214.269791,127.372467
174.185745,86.884651,212.496887,127.407829
174.260559,88.368172,212.683517,129.008881
173.161530,88.734756,211.625412,129.418488
171.536972,88.795212,210.153137,129.639038
169.984848,86.626694,209.726440,128.653687
165.792496,83.752220,206.094971,126.382164
162.134155,80.043350,202.674576,122.922836
161.422241,76.270142,202.060837,119.252579
160.761612,73.602341,201.438416,116.624863
156.733765,71.755219,197.257950,114.613968
163.394012,71.077484,203.693863,113.700958
166.838516,72.552788,206.994720,115.025627
171.426788,75.583000,211.506821,117.975945
175.157730,78.736267,215.237762,121.129211
176.339111,79.478554,216.455582,121.909706
179.378632,79.192200,219.560013,121.691422
181.415466,78.893814,221.726303,121.528809
180.437607,78.556664,220.672180,121.111671
177.248047,77.943481,217.241898,120.246033
175.113266,75.610596,215.075806,117.879486
175.605087,73.333481,215.634216,115.673950
173.068512,73.906296,213.033737,116.179733
169.815689,76.557487,209.717651,118.762917
169.198853,80.279282,209.023682,122.401794
167.235870,83.825508,206.848145,125.719536
164.907074,85.310631,204.551971,127.238914
159.718689,83.552612,199.441040,125.562241
153.711273,81.426674,193.383972,123.382912
151.995636,79.518425,191.500916,121.298882
148.915680,77.787453,188.392578,119.538094
145.920242,76.595261,185.340561,118.286484
144.865631,75.941544,184.117950,117.456360
142.067352,76.384552,181.029480,117.594681
141.111359,77.050980,179.800323,117.966934
141.534958,79.526604,179.823746,120.021843
143.041351,80.316940,181.166931,120.640594
146.448441,80.200226,184.331619,120.269043
150.833313,79.817612,188.605591,119.766785
155.985535,80.390549,193.532562,120.102600
161.347412,80.423744,198.659149,119.888130
165.926041,79.047882,203.072098,118.337860
168.086380,78.516464,204.833969,117.387009
171.433823,77.011269,207.951370,115.639320
173.541595,77.682991,209.948761,116.194695
175.144852,80.532707,211.355301,118.837044
175.061584,84.514549,211.033234,122.567162
174.393280,87.950256,210.224823,125.851089
172.531189,90.855949,208.212708,128.598434
170.581024,93.163025,206.125458,130.760803
169.002014,94.358887,204.500488,131.908142
166.402908,94.314423,201.693192,131.643921
161.461456,90.670013,196.847992,128.101105
160.991348,86.478035,196.623520,124.168388
156.411972,84.497330,192.372055,122.533829
153.447098,85.082878,189.352402,123.060051
148.518692,88.441170,184.396469,126.389290
146.265427,89.981339,182.395798,128.196091
145.439209,89.687668,181.890320,128.240494
144.147964,87.378654,180.936691,126.287346
141.649902,86.786987,178.840149,126.118881
140.944397,86.393944,178.405151,126.010582
138.768845,86.107941,176.637680,126.154129
135.838806,85.137627,174.061890,125.566017
133.506577,84.856903,171.811844,125.371689
131.026443,84.104790,169.367447,124.657158
127.917725,82.177986,166.266846,122.738884
