162.000000,92.000000,214.000000,147.000000
161.637009,92.568916,213.444412,147.365433
159.495880,95.575546,211.183441,150.245300
156.423462,98.659500,207.656799,152.848816
153.854996,99.548698,204.164474,152.760849
151.162308,98.702911,200.515701,150.902740
149.725922,94.843399,198.760803,146.705612
149.122894,90.551659,197.116516,141.330963
148.457504,88.086075,195.521622,137.877777
147.935394,87.619331,195.309326,137.733749
144.670837,87.553612,191.983704,137.603149
138.260590,87.310333,186.143951,137.966034
132.849625,89.994537,180.955032,140.886169
126.909988,92.073250,175.161606,143.117050
123.306152,91.461082,171.728760,142.686340
122.418823,88.615898,171.348999,140.379791
122.462326,85.681557,171.797867,137.875626
124.751488,84.504601,174.636246,137.280823
127.498451,85.257317,177.488892,138.145569
129.817230,86.025528,179.803101,138.908920
131.779785,89.320984,181.676758,142.110153
131.419922,92.192924,181.455902,145.129425
131.335770,93.301971,181.379959,146.246994
132.472168,93.821236,182.569733,146.821732
132.951782,95.493019,182.655273,148.076248
134.285995,97.206535,183.229172,148.983841
133.778946,95.638588,183.009720,147.721100
135.690720,91.208549,184.726456,143.084305
138.649170,86.167702,187.229309,137.569641
143.656448,80.459412,193.039871,132.713806
148.413971,77.687920,197.194763,129.303528
151.834213,76.099800,201.091446,128.221008
155.941849,75.153900,205.506699,127.601173
159.901489,74.900772,209.468048,127.349846
162.737106,77.403755,211.894608,129.419205
164.082184,80.688301,212.697205,132.128708
163.342758,81.996727,211.122299,132.550491
161.991959,80.611511,209.839157,131.237152
159.655365,77.249069,207.906158,128.303528
155.685608,74.424965,204.489197,126.066078
152.181305,72.595512,201.507263,124.790977
148.550674,73.968094,198.015915,126.311203
141.637619,78.251366,191.708084,131.236023
134.935364,82.279366,185.312195,135.582413
129.849930,84.065018,180.865616,138.044479
125.718102,83.129791,177.686096,138.098190
122.699539,82.852806,175.224274,138.410065
121.054314,83.099419,173.966064,139.065613
119.401878,83.308968,172.160217,139.113083
119.116173,81.238831,172.198151,137.384903
120.086327,75.648323,172.879150,131.489182
122.007339,71.640152,174.879150,127.564476
125.224541,70.357513,178.624481,126.839851
128.778503,72.554375,181.577240,128.402115
130.319565,77.003891,182.841721,132.559402
132.583069,82.743668,184.669403,137.838684
136.081696,87.531136,187.674194,142.104370
139.543396,91.006714,191.284393,145.737015
142.126633,92.518745,193.634079,147.002045
144.667755,90.183022,196.438843,144.945190
148.654465,84.966446,201.112289,140.454971
151.889023,78.098877,205.299942,134.594452
155.468979,72.874901,209.713394,130.250275
155.850723,69.790771,210.788223,127.897026
157.275345,70.015335,212.227127,128.136902
157.148682,76.373375,211.591339,133.948792
153.906219,81.443695,207.494751,138.118408
152.236115,82.950287,205.454742,139.234558
150.277863,85.303268,202.860962,140.916718
150.610001,86.792038,202.452560,141.623016
148.260010,86.342072,199.531799,140.569366
148.416550,83.451813,199.199051,137.161591
149.628662,80.110397,200.516296,133.931473
150.170822,80.642021,200.664688,134.046173
150.324265,85.659134,200.247147,138.458694
148.491821,90.775215,197.610748,142.722595
146.702972,91.304085,195.972565,143.408142
145.806213,91.399948,194.905212,143.323196
145.070038,92.711868,193.571991,144.014206
143.937973,94.071373,192.524063,145.463013
141.998352,93.883385,190.222168,144.890564
138.183365,91.023567,186.368851,141.990082
134.407364,88.109055,182.023270,138.482727
133.125900,85.167755,180.972946,135.787003
134.456055,84.351402,181.778351,134.413132
132.829269,89.531265,179.457169,138.855194
132.252853,94.969734,178.038559,143.397690
133.246002,98.758133,178.485809,146.604584
134.552246,102.453629,179.751312,150.257568
136.681396,106.006874,181.807281,153.734467
139.576828,105.516960,185.234970,153.799957
140.868774,99.213768,187.113342,148.121429
144.361862,89.260582,192.007767,139.629196
147.401260,82.247536,196.141678,133.779053
152.085251,78.022499,201.490128,130.259155
155.926773,76.138123,205.956985,129.037628
157.131165,78.789200,206.954132,131.473343
158.666626,81.903427,208.362213,134.452560
160.623535,83.471092,210.071564,135.757812
162.574295,84.140953,211.808090,136.200562
163.821014,85.195869,212.214081,136.364319
164.075211,84.695869,211.908890,135.270691
163.901367,84.615646,211.227661,134.651382
163.960495,83.994873,211.238419,133.979218
162.514786,83.903114,209.040695,133.104126
161.575653,82.769173,207.477325,131.306122
160.720764,84.270531,206.540009,132.719666
156.811920,89.238342,202.240540,137.271378
153.160324,91.434509,198.563889,139.440872
150.053040,91.503059,195.135437,139.167313
146.428436,93.933212,191.487671,141.573303
141.851425,96.425537,187.031174,144.191391
137.728653,94.308060,183.469986,142.659912
137.779739,90.314178,183.879745,139.048080
138.964005,87.407707,185.457413,136.551743
139.920151,86.831596,186.753128,136.336868
139.795883,86.733376,186.540237,136.144363
140.287842,87.459503,186.675934,136.491470
139.055161,88.306671,185.123245,136.998199
139.959274,90.235374,186.185867,139.092148
141.204193,92.884613,187.650635,141.970596
141.788757,94.006439,188.749176,143.639206
143.529022,92.694130,191.143402,143.022598
146.390533,89.576874,194.787567,140.736908
148.327774,86.440681,197.624466,138.555466
151.165176,83.729149,201.356400,136.792145
155.511841,81.244804,206.519440,135.172195
160.458038,79.171402,212.119324,133.777618
164.522858,78.316208,216.656250,133.421768
166.727066,78.568665,219.328354,134.168610
168.104004,80.725197,220.567688,136.179749
169.257217,81.632553,221.885208,137.260712
169.951187,81.689667,222.313309,137.036911
170.257523,81.116402,222.330124,136.157745
168.819946,80.570168,220.302277,134.987839
167.560684,78.990555,218.747726,133.095917
167.220474,77.289383,217.603958,130.544830
169.416840,74.148087,219.010254,126.566986
171.646332,72.219109,220.664703,124.028450
170.930359,71.068123,219.330963,122.234993
168.795807,70.593590,216.918762,121.465813
164.308609,70.034172,212.587814,121.069023
162.244751,71.476021,210.603943,122.595757
158.545837,73.630402,206.863861,124.706451
154.750732,75.632591,203.026154,126.663429
150.759171,76.135422,198.972916,127.100800
148.680161,74.747528,196.616409,125.424088
146.656906,70.700958,194.631424,121.418167
144.867325,66.248497,192.483292,116.584755
142.978836,63.528584,190.487442,113.750755
142.954773,62.379868,190.492249,112.632721
140.329605,62.288696,188.165787,112.858932
140.983078,63.565598,188.867447,114.187027
140.751282,66.085388,189.088074,117.187500
140.430023,71.359863,188.885712,122.588165
141.039078,76.078598,189.535019,127.349609
141.700226,78.317505,190.533691,129.946701
141.938568,77.178123,191.304779,129.372681
143.278152,74.584259,193.625809,127.819130
143.065491,70.793846,194.497345,125.176712
142.349213,66.832413,194.757355,122.247902
143.560593,62.790260,197.047653,119.345749
143.383301,59.343781,197.390808,116.448616
143.617401,58.092354,198.037964,115.632767
141.895798,59.011402,196.195358,116.424225
140.180222,60.963234,193.991226,117.860847
138.722458,64.188759,191.883560,120.400383
137.888229,68.487389,190.593887,124.218269
137.333160,72.122772,189.738037,127.535858
137.455856,75.088211,189.146652,129.746811
138.646500,76.883522,189.558517,130.718430
137.684631,75.342178,187.957977,128.500839
138.638062,71.431564,188.532013,124.188522
139.110519,67.354042,188.444901,119.517876
138.504837,64.082306,187.218704,115.588409
137.668625,61.944275,185.531021,112.546768
137.400909,60.532444,184.680542,110.515762
136.689941,61.081215,183.332550,110.400970
138.300598,63.667336,184.533936,112.551712
140.420273,66.677620,186.170059,115.057861
142.291641,68.086044,187.957596,116.376976
142.046066,70.422173,187.557205,118.548172
140.907303,73.389702,186.469315,121.569885
137.676193,75.130104,183.322372,123.399933
134.674789,76.781914,180.371750,125.105820
131.201416,76.942589,177.088287,125.468796
127.337624,74.895523,173.296722,123.498665
125.803276,73.069206,171.670547,121.574539
123.269707,71.171669,169.159286,119.700760
120.606239,69.861176,166.610504,118.512444
117.518349,69.949387,163.404053,118.477043
117.735649,69.914047,163.403702,118.209862
118.564690,70.751701,164.284592,119.102737
120.556053,70.823868,166.151718,119.042564
124.403473,69.186882,170.143600,117.559448
128.603302,64.500046,174.603745,113.149895
132.625595,60.554577,178.775818,109.360573
133.255005,57.929337,179.593582,106.931702
133.824615,52.431488,180.356461,101.639450
139.691528,54.216427,185.990402,103.176537
144.996765,57.652512,191.693222,107.027115
147.494003,61.544491,194.193329,110.922142
152.331680,63.020912,199.166626,112.542854
156.509872,65.142166,203.524963,114.855759
158.438660,64.554306,205.647110,114.469299
161.233673,65.015778,208.567459,115.061325
162.351746,65.834946,209.821304,116.024750
163.747406,68.812302,211.155624,118.936935
166.316208,72.244644,214.106140,122.774857
167.594910,74.206139,215.831711,125.211159
169.079178,75.417152,217.959381,127.104973
169.715622,75.857185,219.374115,128.370941
169.177032,76.593910,219.714462,130.039337
166.374832,75.618767,217.986206,130.201309
160.744522,73.469170,213.215118,128.960510
156.548782,74.622513,209.963379,131.111298
151.528214,73.868263,205.802979,131.265015
146.634949,73.357124,201.731323,131.620300
140.561340,71.985367,196.600708,131.242065
138.475586,70.627640,195.398376,130.814270
135.661392,69.685219,193.507462,130.859909
132.749039,68.851364,191.551834,131.048752
132.965149,69.916901,192.583130,132.984726
134.726929,73.507263,195.040070,137.316574
136.403366,76.377441,197.403885,140.907944
140.803665,78.159233,202.606216,143.530594
145.104706,79.225029,207.150391,144.855209
149.911224,79.201721,212.574280,145.478653
155.328552,79.112709,218.280884,145.697281
160.483231,78.253822,223.421127,144.823029
164.335815,78.571014,226.893951,144.736359
167.747330,77.937180,229.561050,143.310852
170.809433,77.161423,231.600754,141.446747
173.538193,77.727409,233.398056,141.020172
174.203110,80.774147,232.949661,142.879379
172.199539,83.438293,229.974716,144.506287
171.779388,86.320953,228.476807,146.236847
170.314514,88.957626,225.848206,147.648529
169.378220,89.720161,224.064987,147.518753
169.240829,90.577194,223.219711,147.629288
169.760971,90.382217,223.171768,146.824142
170.527191,89.879776,223.607452,145.972794
171.580475,88.681931,224.325684,144.421295
174.790268,87.823753,227.543320,143.571411
176.993607,87.718887,229.815231,143.539001
177.906799,87.760468,230.903809,143.765915
180.833771,89.823074,234.133270,146.153839
180.464676,91.407639,234.427048,148.438095
180.641586,92.351204,235.544418,150.391785
180.289154,92.213463,235.973907,151.092834
178.702805,91.653885,235.149979,151.336517
174.186172,88.733887,231.369980,149.191910
170.581024,83.637466,228.729645,145.110199
168.936508,80.498032,227.675095,142.590744
166.328903,77.231979,225.460129,139.743958
165.350388,74.187057,224.393387,136.606415
163.288116,71.101776,221.997284,133.170593
163.646072,69.356064,222.446121,131.521927
163.514084,69.756577,222.461319,132.079620
163.573975,73.534805,222.697601,136.046204
162.168716,80.509705,221.421890,143.157120
162.541092,86.771431,221.698990,149.318817
164.557968,89.889191,224.025497,152.761673
166.388672,89.037582,226.174133,152.243896
168.370102,85.183472,228.795914,149.072830
170.285568,79.032990,231.583908,143.837799
171.479828,73.800629,233.030090,138.869537
173.719971,70.667717,235.435242,135.912277
173.800140,68.657646,235.472778,133.856827
173.299286,66.492462,234.548096,131.240463
172.186752,66.225327,232.731430,130.235107
171.249374,69.810928,231.204666,133.192673
170.195587,73.124847,229.601562,135.920654
169.801300,76.415878,228.838623,138.824600
169.327530,77.528473,228.364517,139.936829
164.916290,77.514999,223.955902,139.926117
158.741379,75.909546,217.793900,138.334213
152.975494,74.389236,211.955444,136.737717
147.513626,71.878006,206.489059,134.221664
142.108170,66.597504,201.471268,129.355103
133.305588,61.914860,193.034439,125.056488
128.404984,60.298763,188.324142,123.643394
124.278824,60.039608,184.242264,123.431465
122.607201,61.666748,183.044830,125.564407
120.152443,65.974983,180.708481,129.996872
119.818237,71.923363,180.653427,136.242706
118.951782,76.871399,180.049728,141.470734
119.434280,78.678757,180.907898,143.671936
121.898468,77.621254,183.751938,143.012680
127.555191,78.495148,189.929535,144.441055
132.799179,77.917389,195.478180,144.182449
138.203461,75.800529,201.151688,142.351929
146.220978,74.211388,209.235977,140.833771
147.257812,73.740379,210.163620,140.248444
146.541229,73.001312,209.265488,139.316299
142.920471,72.085220,205.765366,138.528503
138.167267,72.405823,201.318771,139.175186
132.179306,72.556076,195.754852,139.769348
125.378830,73.827431,189.382843,141.495926
117.023621,73.850586,181.798080,142.325089
108.905197,72.226677,174.393250,141.458679
101.819328,68.625465,167.832443,138.414337
94.734352,62.982128,161.448303,133.503220
87.993248,57.272209,154.864700,127.960190
83.018715,53.962170,149.465546,124.200180
82.490791,53.339058,148.843658,123.477501
81.380417,54.767166,147.804733,124.981323
80.840149,60.709667,147.130371,130.781738
79.190010,67.673882,145.331024,137.587845
77.216675,72.849716,143.051361,142.443619
73.984032,76.507378,139.540665,145.806381
67.978256,78.093452,133.422226,147.272964
61.655499,77.229805,126.854912,146.149948
55.732674,75.513618,120.788544,144.283707
50.406158,71.344048,114.931938,139.559937
51.368572,67.598518,115.546654,135.445312
51.805199,63.517918,115.786919,131.159286
54.606812,63.408588,118.066727,130.495544
59.728371,64.109505,122.524666,130.491348
65.035301,68.377296,127.016487,133.892288
67.492310,72.312523,128.744766,137.051758
68.673851,75.314774,129.382263,139.483643
73.420242,77.284180,133.526825,140.811768
77.507851,79.841415,136.934509,142.655655
82.078186,80.430260,141.250290,142.977234
86.914246,77.526993,145.914352,139.893372
91.375595,72.790031,150.486572,135.272812
95.559265,64.308212,155.267990,127.418633
103.623009,57.021088,163.764877,120.593529
112.282906,52.295929,172.924286,116.392433
119.647713,52.819195,180.487701,117.127327
124.308357,57.439835,185.413086,122.030060
125.514114,60.700848,186.802231,125.483337
127.560753,62.929562,189.067093,127.940826
128.861969,63.631649,190.779327,129.080414
130.470596,65.278152,193.110397,131.495956
129.769165,65.261688,193.366211,132.497528
128.486145,63.529541,192.771149,131.496323
130.206238,61.364422,194.878143,129.735962
130.773972,59.493412,195.508774,127.931709
129.747192,56.724937,194.545746,125.230911
131.188324,56.398514,196.193420,125.123726
130.002930,58.335243,194.990234,127.041870
130.084015,59.256050,195.171661,128.069183
130.156372,60.883244,195.375427,129.833771
129.317200,61.148746,194.753296,130.326172
129.793579,61.551407,195.147064,130.641220
130.201706,61.684174,195.377823,130.585876
132.760178,60.764679,197.351028,129.054504
135.115677,56.890827,199.201614,124.644676
138.555374,52.214275,202.214401,119.521500
143.967224,49.712738,206.985901,116.339577
147.755066,49.660717,210.159546,115.644577
150.536179,55.842728,212.247757,121.100700
150.690933,63.440483,211.829849,128.088837
149.338043,69.805397,210.050323,134.006454
149.689636,74.466209,209.904175,138.136871
148.865143,76.236473,208.694336,139.502838
145.525696,72.482613,204.952942,135.320236
145.104752,66.630394,204.012222,128.922241
149.716461,61.688034,207.869537,123.174355
155.822968,58.600697,213.306732,119.383659
161.059341,60.932751,217.642990,120.769028
161.409073,63.795609,216.719223,122.291351
161.589905,68.593346,215.642548,125.764198
157.677094,71.542000,210.615509,127.537872
150.917191,73.783730,202.877487,128.746124
145.405701,73.573967,196.519867,127.641426
139.500671,73.424713,189.971466,126.811691
131.542480,68.880684,181.546875,121.773811
127.293610,64.740944,177.239014,117.572762
125.789703,59.019020,175.874695,111.998802
128.787872,57.293247,179.074280,110.482353
129.700394,59.307945,180.167587,112.688461
128.980270,61.513512,179.642227,115.100250
129.112106,64.262787,179.850479,117.930428
129.446045,66.847244,179.976471,120.294701
128.105728,67.561745,178.517227,120.883270
125.516869,68.870209,175.725266,121.976677
123.061211,69.562454,173.108994,122.498863
120.387634,66.955673,170.244110,119.693275
123.589035,63.477463,173.471664,116.242790
127.001717,61.588207,176.821869,114.287300
130.352371,60.364410,180.312210,113.211571
139.941467,64.780304,189.910919,117.637657
144.467438,68.035568,194.602692,121.068687
150.263168,68.150620,200.533066,121.326302
158.088455,65.425392,208.648270,118.908051
162.461609,63.577633,213.190186,117.238976
165.994507,61.568928,216.662384,115.166000
168.035080,61.006157,218.077530,113.941010
170.147736,60.441929,219.414185,112.570358
170.264740,56.867828,218.786713,108.207115
171.879211,53.883823,219.721893,104.502235
172.811951,52.610909,219.955444,102.486443
171.738281,52.562683,218.181488,101.708740
171.854752,54.427197,217.766373,103.007751
174.938339,61.641415,220.366531,109.707016
172.223984,68.879601,217.181564,116.443909
168.490845,73.310776,213.178680,120.587357
164.133148,75.549889,208.666992,122.662209
157.784576,75.278419,202.167297,122.229546
152.389389,71.787888,196.703568,118.667435
151.541840,67.803360,196.035461,114.870316
155.566299,62.271538,200.412735,109.714821
157.038483,61.543610,201.904755,109.008057
157.921005,63.669914,202.535416,110.865700
157.465286,67.453003,201.470627,113.999115
158.778275,71.877205,201.946548,117.549049
159.404343,74.952415,201.758102,119.772728
158.769836,77.063568,200.532013,121.264801
159.472458,80.107719,200.381516,123.394890
160.084717,82.225471,200.048859,124.498589
162.425537,82.579384,201.843903,124.265785
164.357285,77.979469,203.413284,119.285393
163.537842,74.093842,202.331207,115.123993
167.069565,73.600685,205.536728,114.279533
169.725159,77.251114,207.786469,117.503311
169.146408,81.708374,206.371597,121.081589
166.961884,85.046509,203.515320,123.712616
163.426422,87.115250,199.743256,125.531952
159.548752,87.833824,195.593735,125.963997
157.657883,87.180199,193.186996,124.766609
157.014893,86.016907,191.957031,122.983719
154.174591,83.601196,188.614929,120.037521
150.559250,81.607994,184.420273,117.431892
145.539230,79.641823,179.135544,115.185432
142.985580,78.784119,176.526413,114.268982
139.310150,74.192566,173.053833,109.892197
137.664536,67.393738,172.158981,103.888306
135.718964,67.067574,170.628998,104.001472
132.894699,71.235481,167.802536,108.167076
133.134903,73.636009,167.929214,110.447594
133.128784,74.555702,168.180420,111.639320
130.363495,77.844650,165.876312,115.415070
128.590347,79.927933,164.038895,117.430527
127.849518,80.472931,162.973663,117.633102
126.034790,80.179428,161.116180,117.294464
129.275818,78.988136,164.307983,116.051216
135.341034,79.282333,170.336945,116.307144
141.596970,79.853195,176.649429,116.939407
148.449875,80.180679,183.480362,117.243698
153.539230,79.836182,188.892654,117.240082
156.911987,79.427544,192.360565,116.931877
158.619690,81.230354,193.926819,118.585381
157.477142,83.636879,192.081635,120.250237
158.828308,83.065102,192.802734,119.012383
162.854095,80.523743,196.363922,115.979095
161.522873,79.796196,194.583694,114.776146
160.999451,79.867447,193.054962,113.812531
155.464340,78.232269,186.329544,110.950989
150.717560,75.388145,179.474396,105.862495
152.910141,76.635918,179.801804,105.116463
151.312424,81.019684,175.955368,107.084930
150.617111,84.165466,173.506485,108.336853
149.946899,87.298431,171.545044,110.066299
148.560043,88.433311,169.332077,110.337532
153.525818,90.085365,173.747406,111.412910
155.830795,91.117256,175.646500,112.019585
158.196136,91.624779,177.534943,112.026375
159.296799,92.889160,178.701981,113.360443
161.347946,93.453636,180.669235,113.836815
160.367462,92.752365,179.858856,113.314148
160.836411,92.609673,180.653275,113.513191
159.706741,92.537270,179.703354,113.629524
150.634354,90.486481,171.810745,112.876495
144.532242,88.411598,166.358780,111.481300
139.380615,86.808777,162.792969,111.608459
137.299042,86.727097,161.239655,112.077042
133.910812,85.193916,158.558487,111.309853
133.006775,84.768578,158.517578,111.816689
130.813431,83.019814,157.396866,111.223045
130.075272,82.097946,158.096146,111.845108
130.525711,79.194389,159.699875,110.134605
133.033295,77.637634,163.016510,109.413879
134.456024,75.677261,165.305695,108.377731
136.116013,75.043365,167.696365,108.521652
138.213852,74.246323,170.589615,108.569717
138.743011,73.616669,171.817810,108.681458
137.951447,74.050453,171.718689,109.848412
276.000000,185.000000,301.000000,212.000000
277.109467,184.350662,302.285980,211.540726
279.909058,183.430145,304.700439,210.205414
285.916290,182.897095,310.913116,209.894257
291.949371,184.082764,317.061676,211.204620
299.157684,185.537064,324.923431,213.362625
304.891022,187.915665,328.529205,213.449997
314.655792,188.838715,338.543671,214.643585
314.655792,188.838715,338.543671,214.643585
314.655792,188.838715,338.543671,214.643585
nan,nan,nan,nan
nan,nan,nan,nan
nan,nan,nan,nan
nan,nan,nan,nan
nan,nan,nan,nan
nan,nan,nan,nan
nan,nan,nan,nan
nan,nan,nan,nan
nan,nan,nan,nan
nan,nan,nan,nan
nan,nan,nan,nan
nan,nan,nan,nan
nan,nan,nan,nan
nan,nan,nan,nan
nan,nan,nan,nan
nan,nan,nan,nan
nan,nan,nan,nan
nan,nan,nan,nan
nan,nan,nan,nan
nan,nan,nan,nan
nan,nan,nan,nan
nan,nan,nan,nan
157.000000,62.000000,209.000000,117.000000
149.945343,65.273514,201.910004,120.236176
142.770447,67.188889,194.855377,122.278748
136.323242,67.664238,188.677338,123.038490
128.553802,65.278732,181.234131,120.997681
128.304321,66.014656,181.438568,122.213219
125.233955,63.535133,178.728485,120.113991
123.576584,58.992447,177.602921,116.132660
126.364075,59.762333,180.685150,117.213356
128.772308,61.419998,183.465790,119.263748
131.562347,61.933197,186.571991,120.110352
135.682037,64.310715,190.979950,122.791580
137.490585,67.045830,193.235519,125.997673
139.910614,70.352356,196.002258,129.669479
150.000000,74.000000,186.000000,112.000000
152.288803,75.198135,188.444351,113.362091
154.587006,72.527397,191.034912,110.999535
158.276764,63.552776,198.148193,105.633507
157.286102,61.549599,197.921143,104.451195
153.696930,53.743813,195.207062,97.563194
152.980530,48.578903,195.038361,92.972076
152.694962,43.868027,195.361099,88.897812
148.053528,37.963360,191.110535,83.411278
146.678894,40.667812,189.350586,85.712883
141.359100,44.826450,183.967010,89.803307
136.606461,47.119099,178.586960,91.439354
134.088577,47.541332,175.486191,91.237076
134.412949,48.840721,175.037888,91.726997
135.168655,49.479740,174.928818,91.459053
133.939026,51.144489,172.731628,92.107857
132.740891,52.127762,170.673691,92.187241
131.752228,52.022671,169.052094,91.399254
133.890320,49.869240,170.872040,88.910919
136.747437,51.329323,173.327393,89.936653
138.335358,54.820969,174.826447,93.334641
140.140839,59.542439,176.533356,97.952217
140.321106,64.329330,176.744659,102.771820
139.420959,67.883209,175.856750,106.338593
140.591599,70.537727,176.867081,108.824135
137.627701,69.532600,173.778061,107.687141
138.967041,63.122845,175.060944,101.217880
141.625168,54.052860,178.260483,92.718559
145.294159,48.385960,182.314575,87.457565
147.713989,51.383083,185.022400,90.757835
149.632278,55.930717,187.079178,95.451263
149.593475,60.896080,187.092285,100.471260
60.000000,172.000000,81.000000,194.000000
61.502438,172.946045,82.057556,194.480957
64.937286,173.343857,85.191841,194.563889
68.997986,174.327362,86.494164,192.657654
71.474976,172.068802,85.578758,186.818222
81.523643,172.852280,91.271927,183.246201
84.678040,170.708221,93.815880,180.430664
80.975525,166.587616,90.021721,176.218414
78.516510,165.363632,88.135857,175.567581
75.377739,162.273010,87.909897,175.681030
72.853348,157.489426,84.718559,170.179184
68.037430,153.943451,80.242775,167.001678
66.315010,151.556824,75.833374,161.721375
nan,nan,nan,nan
nan,nan,nan,nan
nan,nan,nan,nan
nan,nan,nan,nan
nan,nan,nan,nan
nan,nan,nan,nan
nan,nan,nan,nan
146.000000,144.000000,167.000000,166.000000
148.075104,147.674316,168.840454,169.429016
153.196793,147.111710,173.354172,168.229507
159.516022,142.816040,179.058411,163.289551
163.748764,137.776794,182.562790,157.485535
166.788864,132.837845,185.151199,152.071121
169.123993,129.674347,187.716064,149.149475
171.925339,126.693192,190.495255,146.145004
174.443924,125.142899,193.226486,144.818558
175.694809,125.959564,194.737015,145.908539
175.369278,126.902222,194.585709,147.025421
175.349258,128.632797,194.952560,149.162216
175.326065,130.963867,195.146683,151.721466
171.352615,133.042999,191.184219,153.812134
168.115601,134.150208,188.104340,155.084320
167.751419,134.693848,187.769791,155.659088
163.962250,136.001617,184.158844,157.145081
162.860748,135.769073,183.480103,157.355438
162.550903,136.611893,183.789062,158.846512
162.320007,139.233383,184.724121,162.686966
161.048233,142.871506,184.130722,167.032944
159.884201,144.159546,183.406662,168.779297
160.025696,145.811844,183.794037,170.687698
163.065811,146.975998,187.129837,172.159836
166.390442,147.420059,190.285645,172.428299
166.455063,146.989120,190.113602,171.740982
165.772141,147.600021,189.257126,172.171097
169.032745,148.753326,192.118286,172.908295
167.687317,150.496780,190.549042,174.418625
163.035889,154.741089,185.874664,178.638977
162.610031,159.151840,185.345627,182.942062
163.109085,162.172119,185.780258,185.895142
162.206985,165.431335,184.931015,189.209503
158.796310,167.225174,181.577286,191.062790
154.698532,165.846191,177.446091,189.648926
155.098068,163.659439,177.943375,187.564163
157.378632,162.462173,180.328613,186.476151
154.937790,160.112549,178.104080,184.361633
157.182129,156.407990,180.584167,180.902649
160.213348,155.567719,183.919739,180.379395
162.194031,155.487396,185.874756,180.272339
165.282181,155.400223,188.964828,180.187180
168.132492,155.667557,191.799088,180.437820
168.878693,155.510712,192.658386,180.398804
170.685028,155.599442,194.249634,180.263474
171.781784,154.069595,195.332932,178.719589
171.197525,149.325577,194.941147,174.176071
171.000519,147.266632,194.593323,171.960052
168.241379,145.072433,191.872696,169.805954
164.936630,142.457367,188.823044,167.456604
161.506439,143.429123,185.597504,168.641556
156.749466,147.214462,181.151932,172.750748
152.386612,150.044128,177.021469,175.822113
148.692886,150.979080,173.252335,176.678635
145.949905,152.818008,170.725296,178.742172
141.472961,153.634338,166.219818,179.528809
137.364075,153.141159,162.008667,178.929276
136.743439,152.363541,161.231171,177.988510
132.786270,149.107895,157.636459,175.109818
134.004227,144.396408,158.739059,170.273758
137.420502,142.431274,162.157013,168.310364
139.656998,143.187637,164.450668,169.126175
141.444443,146.611343,166.347672,172.663834
145.363708,150.186234,170.032837,175.985916
150.308685,154.946838,174.848419,180.611938
154.553574,158.126129,178.649033,183.329163
159.454926,158.115112,183.300995,183.058777
162.035004,156.728806,185.910248,181.702866
168.944092,154.468964,192.811462,179.434814
176.214020,152.432892,200.194672,177.516724
180.171585,153.690674,204.091415,178.708588
183.372864,156.084015,207.205750,181.007751
185.128784,159.560410,208.884979,184.404251
185.010681,161.469147,208.694885,186.238007
182.545151,161.984131,206.026169,186.541351
179.245285,160.832642,202.688217,185.350189
174.864334,158.734299,198.477341,183.429001
173.276321,156.363464,196.536026,180.690155
171.156189,156.023026,194.324158,180.254166
167.357727,156.103806,190.397827,180.201736
166.221436,154.816528,189.238373,178.890320
167.452057,153.521912,190.494965,177.622772
166.361618,153.602203,189.737350,178.049744
165.053284,155.431290,188.782471,180.246994
162.524002,156.311783,186.431473,181.313217
159.536407,155.968552,183.396881,180.919052
158.325348,155.713455,181.921265,180.388382
157.602600,155.841385,181.128265,180.443130
156.764618,155.643951,180.085785,180.032684
156.202988,153.350037,179.558670,177.774719
157.657837,151.288712,180.915070,175.610855
158.761719,150.514374,182.136200,174.958649
161.330124,150.635178,184.502762,174.869186
166.679626,152.934021,189.821411,177.135895
172.046402,155.725403,195.170151,179.908508
175.471466,158.922562,198.699951,183.214767
176.847015,161.382584,200.218201,185.823441
178.091141,163.205505,201.524521,187.711151
179.653290,163.415848,202.955170,187.784531
181.926514,161.550949,205.355072,186.051590
183.537155,158.717896,206.967178,183.220062
185.053452,156.183914,208.186508,180.376724
187.454269,154.511002,209.937057,178.026443
187.568146,152.794296,210.971832,177.270676
189.200089,150.716690,212.608292,175.197769
189.168167,146.140213,212.511429,170.553665
193.296204,143.151520,216.653717,167.579834
196.435287,144.118637,219.752640,168.505112
196.115112,146.099670,219.407227,170.459869
197.673508,147.763870,220.894241,172.049698
200.793549,148.669678,223.963898,172.903046
200.817184,149.183609,223.931259,173.358353
199.751282,148.931259,222.956940,173.201401
198.561157,149.277573,221.733795,173.513321
197.410614,148.860901,220.633759,173.149261
195.447891,147.491547,218.943619,172.063843
190.687897,145.960419,214.429474,170.788818
188.756302,146.076538,212.849472,171.271179
189.064072,147.916214,213.528732,173.497208
187.998383,148.978455,212.666016,174.770538
186.592285,150.069397,211.505493,176.116882
185.090317,150.318848,210.042465,176.408417
180.875748,148.864197,206.044998,175.188232
176.761459,145.754791,202.224197,172.383606
175.360825,142.548965,201.702042,170.090073
174.515350,140.405823,201.228729,168.332886
170.196457,139.069016,197.128433,167.222763
177.210052,138.551758,204.124329,166.686462
180.925415,140.451309,207.823151,168.568253
185.553329,143.840851,212.314499,171.811096
189.222549,147.381882,215.998947,175.367905
190.108047,148.556107,216.792709,176.447006
192.446167,148.754532,218.986816,176.496078
194.224762,148.887909,220.687073,176.548187
192.755676,148.787323,219.200684,176.429657
188.882874,148.044418,215.283569,175.640823
186.721283,145.747894,213.118622,173.340820
187.333862,143.967499,213.645599,171.471649
184.688690,144.689133,211.112732,172.309769
181.469162,147.465347,207.980637,175.176651
180.803497,151.113617,207.476654,178.992584
179.281143,154.333435,205.788437,182.040405
177.591919,155.544693,204.387451,183.550583
173.898346,153.943710,200.865173,182.133591
170.076797,151.704651,197.121323,179.977966
169.949310,149.449615,197.110535,177.843781
167.428665,147.572495,194.559860,175.935562
164.773956,146.133347,191.930237,174.522385
163.797226,145.240677,190.754715,173.423843
160.810638,145.220718,187.593262,173.216049
159.476440,145.731125,186.070923,173.531326
159.510147,147.695282,185.910141,175.293793
160.797485,148.604721,186.837494,175.829910
163.759308,148.372925,189.925079,175.728546
167.459274,148.268677,193.397476,175.388306
172.190079,148.497314,197.959946,175.435669
177.553177,148.212463,203.181686,175.003998
182.136856,146.442917,207.685287,173.151291
184.446320,145.131088,209.973236,171.817123
187.731079,143.201797,213.020935,169.641647
189.816391,143.688812,215.028397,170.047821
191.498718,146.296356,216.872772,172.823639
192.013550,149.982590,217.354462,176.475479
191.335190,153.229263,216.595200,179.638138
189.517151,155.896072,214.572571,182.092484
187.766296,158.101318,212.594391,184.061676
185.934677,159.421707,210.676559,185.292404
182.851929,159.342102,207.232452,184.836975
177.488922,155.674713,202.097137,181.406372
177.370956,152.349609,201.829910,177.926025
173.052368,150.628143,197.720612,176.422211
170.400803,151.146545,195.075851,176.947693
165.916260,154.162140,190.581085,179.952667
163.418686,156.082565,188.178909,181.972305
162.213394,155.960144,187.191849,182.076843
160.665649,154.475220,185.594208,180.538025
157.782410,154.644638,183.039856,181.062668
156.574493,154.944382,181.995636,181.532394
154.348267,155.344574,179.948578,182.118652
151.999191,155.060806,177.635117,181.871872
150.256851,154.793091,175.843857,181.553375
147.865707,154.348007,173.445145,181.100449
145.082077,152.621460,170.711136,179.425446
