162.000000,92.000000,214.000000,147.000000
161.712204,92.871735,213.369217,147.509338
159.662582,96.339157,210.376450,149.979202
156.497025,99.283936,206.953903,152.651886
153.688477,100.455917,203.310913,152.940323
150.961777,99.665695,199.521957,151.024124
149.528900,95.804466,197.755585,146.808975
148.668839,91.636330,196.012985,141.704285
147.772476,88.570938,194.564560,138.052322
147.239120,88.051605,194.273727,137.790985
144.004379,87.765480,191.335434,137.813644
137.736710,87.399399,185.797592,138.223022
132.020691,90.005302,180.023865,140.768860
126.117027,91.959320,174.267410,142.876099
122.044518,91.497330,170.342789,142.568039
121.015236,88.814590,169.729187,140.326431
120.929565,85.643150,170.204819,137.750656
123.486465,84.665077,173.061798,137.090668
126.333916,85.055099,176.288116,137.882294
128.697739,85.923561,178.609375,138.705627
130.560272,89.069344,180.587753,141.974213
130.183716,92.098206,180.200607,144.992065
130.074493,93.205284,180.134384,146.143845
131.217224,93.729454,181.228378,146.617355
131.535278,95.398483,181.489304,148.227036
132.612106,96.998306,181.951721,149.175583
132.320526,95.588860,181.581375,147.682648
134.285950,91.167679,183.419662,143.126694
137.332932,86.244980,185.848969,137.561600
142.220139,80.702583,191.442902,132.769196
146.822464,77.793854,195.543945,129.329102
150.071533,76.024216,199.534073,128.345901
153.991196,74.928520,204.192749,128.033554
158.024643,74.823250,208.094788,127.789139
160.974182,77.428490,210.521561,129.851120
162.263016,80.800560,211.220703,132.598129
161.445755,82.143837,209.729736,133.226440
159.974655,80.541328,208.592377,131.978119
157.969406,77.399025,206.787079,129.048035
154.043808,74.422958,203.443207,126.689308
150.235809,72.422142,200.129593,125.212540
146.446503,73.797325,196.756149,127.028534
140.144806,78.238518,190.627426,131.652893
133.471863,82.274361,184.298721,136.053207
128.341843,84.307945,179.823059,138.779633
124.164421,83.046631,176.667068,138.598679
121.083412,82.641953,174.336914,138.987366
119.409691,82.710320,173.145340,139.564682
117.646835,82.843384,171.429855,139.747757
117.403648,80.972366,171.425339,138.128662
118.453804,75.260674,172.416901,132.355179
120.371849,71.288536,174.318649,128.365540
123.628143,70.001785,177.946762,127.478149
127.223175,72.336723,180.916580,129.153778
128.829834,76.837494,182.056351,133.161728
131.160889,82.494415,183.893051,138.296829
134.541122,87.394905,187.005005,142.913849
138.082520,90.812927,190.739914,146.536331
140.773026,92.293327,193.253326,147.829605
143.302887,89.998764,195.996292,145.760208
147.378143,84.602646,200.572800,140.893723
150.856644,78.074471,204.771881,135.126160
154.559174,72.849312,209.275803,130.761780
155.079727,69.851624,210.184723,128.173630
156.560684,70.067680,211.797485,128.528534
156.514664,76.385208,211.002380,134.056839
153.181473,81.531761,206.925201,138.418839
151.469177,82.976608,204.995773,139.634491
149.536819,85.283005,202.465790,141.310059
149.963058,86.794434,202.127655,141.999435
147.357361,86.188171,199.171127,141.022476
147.477936,83.226845,198.904770,137.651917
148.708023,79.891846,200.113342,134.294159
149.341248,80.491554,200.246689,134.365143
149.657761,85.640419,199.901611,138.813507
147.820404,90.752907,197.415451,143.239014
145.974579,91.277641,195.684616,143.885651
145.156998,91.437607,194.614410,143.777817
144.380325,92.674461,193.378296,144.527679
143.266190,93.887558,192.528778,146.021591
141.261490,93.692009,190.262238,145.548477
137.480728,90.895416,186.407318,142.674759
133.715149,87.873688,182.333298,139.325699
132.508667,84.992432,181.197433,136.519363
133.814148,84.109589,182.085342,135.193390
132.127426,89.315018,179.797577,139.760971
131.304993,94.611221,178.343887,144.386490
132.236343,98.445160,178.732513,147.655090
133.545837,102.067703,180.008774,151.242294
135.627655,105.550560,182.166458,154.805847
138.609344,105.173615,185.556290,154.863083
139.785812,99.003830,187.403381,149.406708
143.006058,88.873634,192.320251,141.079193
146.002335,81.570541,196.817383,135.366989
150.731339,77.357315,202.344238,131.998550
154.335892,75.244919,206.918335,130.911636
155.494232,77.898590,207.874863,133.352051
157.030121,80.984596,209.320114,136.342270
159.021484,82.541122,211.098801,137.674072
160.931915,83.350769,212.641556,138.095230
162.249374,84.450516,213.102386,138.288925
162.509644,84.016815,212.794968,137.254150
162.485382,84.051559,212.059219,136.535553
162.623840,83.389999,212.104752,135.775482
161.148270,83.239731,209.822327,134.769958
160.130905,82.047844,208.243958,132.982712
159.310272,83.535690,207.359482,134.404129
155.367386,88.379097,203.164520,138.985184
151.659546,90.561600,199.532303,141.248047
148.501343,90.561775,196.246994,141.113159
144.776093,92.975517,192.715775,143.733063
140.225815,95.491898,188.229187,146.317139
136.147659,93.422600,184.631927,144.748383
136.132187,89.397255,184.890533,141.013901
137.304764,86.531891,186.354004,138.457230
138.199158,85.901855,187.729233,138.327255
138.063812,85.805710,187.527237,138.160461
138.521591,86.577179,187.725647,138.656998
137.313629,87.479172,186.096298,139.112320
138.373138,89.353783,187.281693,141.120514
139.673920,92.029579,188.703537,143.924759
140.214691,93.054016,189.843979,145.572845
142.062897,91.698959,192.195786,144.751602
144.830429,88.224724,195.883392,142.251556
146.682556,84.945877,198.761917,140.058350
149.605850,82.104973,202.648407,138.235138
153.878540,79.473747,207.823135,136.556061
158.703049,77.338257,213.456360,135.289200
162.783798,76.452980,218.181305,135.083252
164.936935,76.724022,220.722198,135.762817
166.365494,78.989311,221.945831,137.808533
167.467117,79.850517,223.226776,138.858643
168.087158,79.946098,223.613358,138.704071
168.403961,79.318039,223.815765,137.955490
166.907211,78.821236,221.780502,136.891327
165.763184,77.329514,220.238251,134.972412
165.581924,75.707031,219.184433,132.429764
167.834198,72.504898,220.661377,128.409225
170.064423,70.465591,222.475342,125.930115
169.348953,69.288170,221.299454,124.266212
167.220551,68.680649,219.015533,123.494202
162.685974,68.207352,214.471313,123.010712
160.576889,69.615402,212.329391,124.384033
156.793320,71.751289,208.571548,126.547112
152.922653,73.693558,204.828232,128.624069
148.884033,74.235275,200.654053,129.022400
146.810532,72.885849,198.270065,127.344574
144.765991,68.827148,196.245575,123.307083
142.903900,64.430359,193.951111,118.452988
141.086212,61.792088,191.919647,115.588593
141.022049,60.618748,191.915970,114.479309
138.547791,60.483620,189.759064,114.680214
139.083466,61.828110,190.219879,115.945541
138.750320,64.384132,190.280106,118.917625
138.230164,69.546089,190.091888,124.430672
138.702393,74.385674,190.454285,129.154068
139.251984,76.580154,191.525055,131.899796
139.382126,75.263527,192.410904,131.381668
140.714996,72.657471,194.746338,129.833862
140.438950,68.821945,195.588821,127.177872
139.717590,64.704689,195.854523,124.100563
140.902313,60.755367,198.052185,121.217484
140.722580,57.318409,198.306107,118.236610
140.796463,56.035992,198.819809,117.416763
139.157227,56.948135,197.075806,118.218811
137.403748,58.876358,194.858917,119.651657
135.704803,61.848461,192.745392,122.187729
134.913879,66.142838,191.392181,125.890739
134.337997,69.785492,190.570572,129.274719
134.423187,72.729118,189.985229,131.512527
135.744873,74.488739,190.533081,132.456848
134.872620,72.974541,188.962280,130.205978
135.834488,69.089241,189.515701,125.889954
136.397934,65.196404,189.444748,121.327484
135.833511,61.869328,188.316452,117.405197
135.104874,59.785332,186.706894,114.390419
134.978210,58.490421,185.926575,112.404137
134.232849,59.155899,184.573547,112.426201
135.871567,61.783855,185.723862,114.537025
137.959122,64.824860,187.377365,117.117920
139.903320,66.247932,189.241730,118.456352
139.741791,68.676331,188.864136,120.655716
138.464096,71.462891,187.897659,123.765945
135.216156,73.087654,184.958679,125.718193
132.163818,74.765778,181.935089,127.426804
128.733383,74.992401,178.611862,127.767059
124.803635,72.942177,174.739304,125.777458
123.293953,71.121597,173.175690,123.899704
120.755577,69.249619,170.670853,122.063278
118.111191,68.027618,168.017075,120.831329
114.981247,68.132385,164.803543,120.847488
115.103210,68.054169,164.819672,120.657074
115.901268,68.853722,165.720474,121.565529
117.856308,68.897041,167.650955,121.582817
121.867111,67.311386,171.672958,120.009033
125.952095,62.584385,176.062241,115.604599
129.900864,58.520912,180.270630,111.815994
130.503036,55.831028,180.992432,109.252762
130.981949,50.341194,181.808563,104.119972
136.632690,51.860485,187.621902,105.811424
142.174789,55.542480,193.264618,109.599953
144.620575,59.406879,195.765305,113.522438
149.407944,60.844318,200.795959,115.217216
153.544937,62.989975,205.136871,117.578560
155.470398,62.340229,207.252365,117.129807
158.276917,62.813461,210.156631,117.706429
159.373810,63.647282,211.347488,118.639641
160.760880,66.579010,212.679352,121.512993
163.290024,70.007286,215.559662,125.312714
164.558868,71.921425,217.337296,127.764450
166.083832,73.100067,219.569016,129.689850
166.957123,73.506592,221.086990,130.776855
166.441803,74.096375,221.409317,132.249954
163.698349,73.169540,219.701324,132.433884
158.004532,70.934952,214.932159,131.172623
153.593475,71.945206,211.573135,133.308716
148.530029,71.159660,207.395462,133.470016
143.732330,70.649956,203.247757,133.654373
137.473190,69.272476,197.981812,133.336304
135.237640,67.721710,196.891434,133.005783
132.549576,66.781021,195.079590,132.997833
129.724121,65.883530,193.391098,133.309494
129.961929,66.957497,194.496185,135.304947
131.751968,70.594757,196.980469,139.679184
133.385757,73.382607,199.305237,143.199890
137.722382,75.214279,204.377670,145.811981
141.989532,76.152473,209.014450,147.141861
146.888611,76.275589,214.343277,147.713669
152.211853,76.093643,220.145554,148.038940
157.312012,75.222427,225.258194,147.180939
161.232239,75.548424,228.743179,147.046097
164.626099,74.988708,231.222061,145.517578
167.816315,74.262817,233.329300,143.644043
170.534409,74.849327,234.966644,143.084305
171.131973,77.874550,234.440491,144.916656
169.168945,80.687843,231.316757,146.496674
168.515137,83.546028,229.658737,148.302811
167.006210,86.150932,226.898071,149.595413
166.163559,86.928268,225.225189,149.487183
166.164413,87.965729,224.193329,149.440308
166.763275,87.777672,224.123245,148.549316
167.512283,87.294090,224.464722,147.637115
168.599609,86.100845,225.312393,146.187408
171.853165,85.205444,228.564545,145.290497
174.010071,85.119507,230.819931,145.309937
174.920425,85.120842,231.968933,145.566650
177.776855,87.121895,235.194412,147.955856
177.315720,88.657074,235.499725,150.297119
177.264832,89.647934,236.426590,152.315460
176.907516,89.394196,236.931366,152.966919
175.440582,88.823959,236.274094,153.246185
171.137054,85.991211,232.680161,151.169571
167.611221,80.969330,230.041595,147.092178
165.971054,77.971130,228.946411,144.673553
163.393433,74.770004,226.686234,141.810013
162.402405,71.735214,225.652023,138.729355
160.353012,68.608765,223.249603,135.233322
160.768723,66.940041,223.640564,133.538300
160.574997,67.277855,223.662109,134.105026
160.766464,71.122200,223.791229,137.884109
159.446365,78.284439,222.324921,144.893295
159.864182,84.519562,222.671631,151.052795
161.896072,87.643768,224.929504,154.417328
163.646500,86.707268,227.165680,153.989334
165.490128,82.695107,229.872192,150.893982
167.375397,76.500542,232.706985,145.707367
168.562241,71.203476,234.326630,140.869354
170.844635,68.096649,236.732101,137.893082
170.915436,66.126793,236.765518,135.883591
170.392593,63.925972,235.820831,133.235367
169.333084,63.661308,234.045319,132.211304
168.474655,67.257462,232.599945,135.184418
167.397156,70.537590,230.999069,137.916992
167.033203,73.745407,230.287460,140.755432
166.576096,74.909256,229.764801,141.849640
162.222641,74.943787,225.377380,141.848618
156.067413,73.248642,219.241302,140.173523
150.376663,71.721039,213.406296,138.494919
144.958420,69.340790,207.764542,135.880692
139.668610,64.142952,202.808014,131.037292
130.966629,59.587173,194.253250,126.635643
126.159935,57.967171,189.686279,125.270355
122.195435,57.755692,185.628586,124.959862
120.549042,59.360790,184.471817,127.085190
118.269028,63.657696,182.351929,131.552231
117.876030,69.580719,182.295776,137.827652
116.969635,74.542160,181.628845,143.043304
117.499863,76.334900,182.466675,145.162582
119.778709,75.199455,185.308136,144.624359
125.364922,76.024826,191.397644,145.983536
130.545746,75.603592,196.815353,145.809769
135.849731,73.381264,202.748154,144.253799
143.798386,71.746719,210.860413,142.792633
144.681000,71.252823,211.716141,142.270279
143.918503,70.376579,211.017578,141.461731
140.172958,69.358360,207.624908,140.817139
135.403641,69.572739,203.366791,141.572784
129.296219,69.474922,197.961914,142.229187
122.625710,70.890068,192.037262,144.433426
114.530182,70.850288,184.904663,145.411591
106.456062,69.266106,177.728287,144.775742
99.343193,65.608147,171.311157,141.852188
92.309822,59.908436,165.188538,137.126480
85.643677,54.326481,158.666641,131.698639
80.858521,51.182888,153.296036,127.937943
80.298691,50.578575,152.543610,127.130486
79.173180,52.094765,151.516769,128.750732
78.660942,57.972610,150.938980,134.559448
77.091644,65.083710,149.205093,141.496933
75.050323,70.318848,146.883713,146.436661
71.714043,73.921196,143.469757,149.955933
65.772995,75.562828,137.251495,151.301102
59.457306,74.720840,130.616516,150.122086
53.530357,73.057297,124.476234,148.233353
48.178162,68.699898,118.680634,143.401321
49.185474,65.003464,119.232216,139.223480
49.747437,61.081245,119.293861,134.772766
52.495281,61.011360,121.483917,134.113220
57.585720,61.778316,125.874359,134.129456
62.903080,66.016342,130.465561,137.599228
65.369194,69.928055,132.126846,140.658768
66.507530,72.793739,132.809525,143.041580
71.297722,74.756454,136.990723,144.358932
75.481247,77.198547,140.606308,146.198669
80.171402,77.817070,145.061859,146.568359
84.983643,74.802254,149.785355,143.459335
89.454346,70.037796,154.442062,138.892334
93.550987,61.352280,159.543533,131.273483
101.569977,53.976414,168.396133,124.781754
110.201607,49.380684,177.785858,120.989380
117.361732,49.698559,185.828705,122.241905
121.979012,54.256535,190.972137,127.356537
123.086464,57.362480,192.507904,130.921829
125.095673,59.420143,194.952820,133.440094
126.430450,60.053459,196.790131,134.611832
128.073471,61.627888,199.238876,137.037369
127.357002,61.438927,199.548676,137.931686
126.180801,59.730640,198.898392,136.778137
127.676231,57.483913,200.780075,134.944122
128.214035,55.684464,201.189072,133.008896
127.256523,52.835670,200.303696,130.237183
128.632172,52.578094,201.767349,130.072372
127.387169,54.560635,200.427307,131.954727
127.523468,55.545673,200.522247,132.896164
127.737289,57.388447,200.595078,134.588287
127.136879,58.002041,199.909332,135.110687
127.689644,58.463886,200.263245,135.360077
128.054977,58.620743,200.427490,135.304840
130.785965,57.835396,202.418732,133.739197
133.217484,54.027439,204.220795,129.266815
136.763428,49.427677,207.186142,124.054214
142.165344,47.021809,211.955734,120.980392
145.826248,46.933208,215.032837,120.274620
148.752457,53.420586,216.960938,125.706848
148.826767,61.150562,216.455109,132.823059
147.589172,67.649811,214.544937,138.610184
147.987869,72.459084,214.467529,142.914917
147.318558,74.419113,213.098755,144.133728
144.065308,70.700783,209.379745,139.921402
143.568207,64.848701,208.363480,133.518692
148.085052,59.967743,212.171341,127.885124
154.205658,56.989689,217.505417,124.084244
159.487473,59.376183,221.739197,125.357201
159.899704,62.282196,220.737122,126.781570
159.978226,67.335899,219.467407,130.398621
155.953918,70.369354,214.361160,132.278015
149.316559,72.727432,206.657516,133.515610
143.776703,72.787079,200.168930,132.577454
137.901535,72.623924,193.770569,131.863586
129.911285,68.234688,185.294449,126.953781
125.725662,64.248901,180.810181,122.653358
123.936371,58.380821,179.357162,117.139572
126.941780,56.692005,182.558029,115.656677
127.877625,58.718636,183.644699,117.842216
127.147690,60.966072,183.212769,120.408943
127.264175,63.737129,183.384766,123.238426
127.606438,66.278923,183.486008,125.526512
126.279083,67.073166,182.038513,126.192032
123.651192,68.400871,179.213593,127.308632
121.245880,69.088936,176.579407,127.755562
118.619156,66.496559,173.684006,124.880119
121.797417,62.869396,177.030853,121.430580
125.222580,60.990448,180.341736,119.431236
128.531403,59.727776,183.832031,118.359756
138.160431,63.988575,193.446014,122.604691
142.691849,67.262634,198.045456,125.950409
148.322495,67.338173,203.892715,126.254173
156.186127,64.638687,212.022278,123.834854
160.465897,62.843994,216.422775,122.169525
163.913452,60.807064,219.850647,120.111519
165.960175,60.243416,221.352173,118.963722
168.153000,59.668484,222.755173,117.556656
168.345551,56.147362,222.153046,113.197510
169.986298,53.140335,223.133698,109.481514
170.947098,51.869896,223.338333,107.412903
169.893005,51.965542,221.531891,106.713615
169.975815,54.083889,220.987961,108.169067
173.067673,61.188282,223.442062,114.598900
170.263626,68.254272,220.309097,121.316620
166.611938,72.689430,216.223846,125.292702
162.252853,74.795883,211.737961,127.264740
156.270767,74.397964,205.543777,126.641998
151.014938,70.941376,200.170731,123.061157
150.285416,66.813553,199.819534,119.334381
154.322952,61.131905,204.372086,114.198662
155.811264,60.306423,205.849777,113.361938
156.624771,62.354904,206.479080,115.215393
156.175247,66.143211,205.454391,118.394020
150.000000,74.000000,186.000000,112.000000
150.797699,76.964027,186.146729,114.277885
150.453217,79.250084,184.827881,115.535439
151.516586,82.488419,184.651962,117.463654
152.780304,84.692772,184.671692,118.387444
155.572968,85.049797,186.708710,117.941597
157.997955,80.656700,188.296753,112.685402
157.528564,76.776855,187.528870,108.487793
161.130081,76.403854,190.762558,107.735107
163.547455,79.632492,193.577026,111.387314
163.241898,83.955673,192.465897,114.878922
161.241440,87.003067,189.836655,117.276566
157.722549,88.973930,186.210129,119.132362
153.927795,89.708778,182.260132,119.701256
152.264496,88.974068,180.100708,118.453300
151.861130,87.708374,179.108810,116.557037
149.104828,85.127899,175.960022,113.570068
145.895493,83.294479,171.972275,110.900574
141.064484,81.569603,166.620514,108.635658
138.633575,80.888588,163.977661,107.726387
135.275238,76.517021,160.485809,103.216179
133.791443,70.010864,159.398926,97.122223
132.000443,69.955841,157.629593,97.090546
129.345490,74.195358,154.911194,101.261719
129.607773,76.608047,155.117752,103.614395
129.703400,77.560455,155.349304,104.713181
127.284340,80.859337,153.095062,108.189552
125.569283,82.913879,151.290771,110.147995
125.004829,83.357819,150.469025,110.314850
123.131302,82.971962,148.581879,109.914848
126.283951,81.633751,151.886139,108.734077
132.294830,81.907295,157.810440,108.914391
138.602051,82.521622,164.093918,109.503143
145.533340,82.970406,170.856964,109.777214
150.562881,82.715088,176.264465,109.914383
153.913696,82.319084,179.695450,109.604713
155.662323,84.158737,181.229935,111.213745
154.434982,86.518250,179.489594,113.020782
155.672623,85.846214,180.356354,111.963585
159.662979,83.203461,183.992828,108.938629
158.457687,82.451271,182.467590,107.853691
158.257248,82.459915,181.376831,106.936417
153.675247,80.837524,175.358643,103.817993
149.238037,78.370560,168.785202,99.117706
151.855042,79.148697,170.451736,98.897842
151.036743,82.987022,168.296188,101.328545
150.703171,85.946953,166.506683,102.751656
149.801498,88.765594,164.925415,104.848221
148.690063,89.897614,162.979660,105.093765
153.982361,91.659081,167.486618,106.017555
156.479706,92.803741,169.485153,106.627777
158.851593,93.332031,171.496964,106.796005
160.006821,94.565704,172.767151,108.153488
161.691589,95.092331,174.437241,108.664307
160.519440,94.163643,173.641373,108.140831
161.039230,93.930664,174.594269,108.340958
159.963623,93.876144,173.707870,108.489166
150.998367,92.584679,164.440521,106.874031
144.979782,90.625626,158.899872,105.427063
139.071884,89.647873,153.730743,105.240860
136.927811,89.664207,152.010803,105.709602
133.232666,88.105988,149.070816,104.953735
132.320938,88.068230,148.520294,105.299767
130.401749,86.570648,147.170959,104.405548
130.019928,85.973671,147.461594,104.520576
130.538589,83.646927,148.564575,102.810608
133.018524,82.162971,151.724686,102.042610
134.631927,80.471046,153.868118,100.908623
136.342041,79.989693,156.177383,101.056389
138.627213,79.401276,158.791901,100.830261
139.418839,78.685135,160.026550,100.578232
138.628860,79.153877,159.760803,101.596169
134.628067,78.545715,156.323517,101.577118
134.335342,76.622322,156.648407,100.327492
133.905136,74.538330,156.973511,99.031647
134.081528,73.409805,157.735382,98.513000
134.334915,72.127922,158.598785,97.891960
135.662842,70.885559,160.433731,97.176895
134.912064,69.060677,160.340942,96.062630
137.540543,66.724586,164.184143,95.034706
138.145584,64.689568,165.739075,94.019951
138.155548,63.243126,166.425034,93.297783
131.782013,59.748428,160.919174,90.730606
130.993896,58.691265,161.109024,90.684013
129.145187,59.899319,159.846924,92.497612
123.467560,60.355091,155.265854,94.120682
122.030022,62.734421,154.385178,97.091682
117.737457,60.940002,150.796799,96.044121
120.157982,61.884842,153.836609,97.644676
120.535034,58.944344,154.933258,95.466095
126.325073,56.815540,161.399109,94.051720
129.197357,51.715542,165.316193,90.054573
132.091476,48.900791,169.150436,88.230774
136.749832,48.972565,174.846268,89.394638
140.962662,50.521152,179.596512,91.508194
142.472839,51.846149,181.356293,93.095596
146.862320,52.731430,185.698532,93.930008
149.157440,51.147568,188.250214,92.622437
148.629303,46.716873,187.666931,88.133835
149.690125,43.722950,189.026917,85.454041
152.722412,42.074272,192.004913,83.748360
156.560883,42.233368,196.017456,84.090240
154.153229,45.653927,193.327942,87.214851
153.690506,51.541348,192.647446,92.873604
150.644211,56.259125,189.302933,97.270218
143.518677,59.553852,182.139435,100.524063
136.357101,61.629421,174.938797,102.558571
129.842087,62.219173,168.574203,103.306458
121.863693,59.683479,161.140030,101.356850
121.538185,60.357620,161.283173,102.523071
118.014259,57.390182,158.509003,100.361618
116.345299,52.754166,157.293137,96.200806
119.083412,53.499840,160.370605,97.310661
162.000000,86.000000,198.000000,124.000000
164.370987,86.298683,201.191086,125.163109
168.377365,88.242439,205.614822,127.546791
170.797089,91.276970,207.974365,130.517975
173.308029,94.943604,210.514084,134.214905
178.213394,98.445946,215.498215,137.800171
180.675339,100.097137,218.313614,139.823410
182.924362,98.868179,220.947250,138.999298
189.147461,91.766548,230.563660,135.465012
188.428741,90.540466,229.823212,134.216171
185.982635,83.522385,226.687561,126.475693
185.689667,78.786369,225.889008,121.209435
185.490128,74.485222,225.756882,116.978981
180.352921,68.898956,221.069046,111.864014
178.857468,71.406754,219.237411,114.019226
173.120407,74.787277,214.261307,118.197830
nan,nan,nan,nan
nan,nan,nan,nan
nan,nan,nan,nan
nan,nan,nan,nan
nan,nan,nan,nan
nan,nan,nan,nan
nan,nan,nan,nan
161.000000,77.000000,191.000000,109.000000
163.546524,77.978065,193.475174,109.902122
164.919586,81.079445,194.960175,113.122917
166.633438,85.152634,196.691269,117.214447
166.997971,89.894203,197.241318,122.153511
166.392151,93.041687,196.785004,125.460144
167.523392,95.923195,198.118149,128.556564
164.014587,95.267303,194.858917,128.166351
164.610031,89.686508,196.428940,123.623016
166.994080,82.285141,199.284210,116.722321
170.814331,77.632355,202.938446,111.893463
173.413925,80.768295,205.409042,114.892593
175.129303,85.478333,207.070038,119.543137
175.173477,90.435234,206.929916,124.298454
173.741089,92.759331,205.341339,126.456581
171.961716,94.973167,203.596420,128.707031
171.362350,96.162262,202.926407,129.821091
170.520874,96.983612,201.716309,130.250763
170.662384,94.533775,201.476410,127.395699
173.080933,94.035614,203.531372,126.510498
173.490479,94.061775,203.621887,126.197029
168.195480,91.994568,198.212021,124.007553
164.035126,92.322334,194.052643,124.336342
161.294159,93.010170,191.078766,124.776237
156.810699,92.642723,186.539978,124.349785
150.569656,91.528290,180.317093,123.254730
146.020355,90.306236,175.466797,121.711617
141.249634,88.918381,170.678894,120.305450
137.760498,88.525406,166.500793,119.177582
141.785706,86.961586,170.114166,117.173531
143.646820,84.547775,171.533783,114.287781
145.615845,79.659019,173.522095,109.419701
150.218384,79.549850,178.426727,109.634201
153.145889,83.812019,181.310745,113.849876
155.812973,89.902718,183.712631,119.657066
159.228851,94.944969,187.190399,124.765633
165.231033,95.896431,193.175339,125.698616
171.692688,93.158875,199.765442,123.098694
176.189667,89.629478,203.673157,118.959724
178.711960,85.251221,206.642319,115.060242
181.947510,82.252975,209.588593,111.752045
184.568176,79.440056,212.138977,108.863838
186.631821,78.048691,214.139633,107.404999
187.034561,78.922363,214.728867,108.478500
186.346878,80.090714,213.855270,109.447647
186.407227,82.153809,213.450134,111.011993
186.065186,84.519463,213.217407,113.490868
182.281494,87.333717,208.611115,115.453133
179.787323,88.548157,205.554169,116.063110
179.239365,88.616417,205.450485,116.609840
175.205551,89.268349,201.471848,117.318993
173.111633,85.452240,201.919647,116.232880
172.830536,83.705276,201.767303,114.623566
172.637482,83.533661,201.960693,114.865036
172.163467,85.306946,201.643112,116.805191
171.862000,86.081017,201.606598,117.861870
171.958786,87.215622,201.764603,119.061768
174.417908,88.027428,204.330566,119.987541
177.360794,88.920776,206.945663,120.531265
177.562866,88.979172,206.938629,120.366623
176.521149,89.822601,205.682037,120.980850
178.710068,90.934555,207.557663,121.758636
176.741119,92.978912,205.674164,123.894318
172.264709,98.024612,200.735870,128.446274
172.348633,102.687103,200.658661,132.936523
173.593231,106.194496,201.710052,136.237366
173.467056,110.178802,201.458267,140.087418
170.519257,112.011887,198.708038,142.132187
167.033081,110.555832,195.229645,140.684464
167.813309,108.142578,196.005356,138.266388
169.950714,106.660606,198.285187,136.936661
131.000000,71.000000,161.000000,103.000000
132.644760,67.270210,162.475845,99.090401
135.378006,66.311745,165.163376,98.083183
138.383499,66.573112,167.989059,98.152763
142.424927,67.306412,171.711090,98.545364
145.778259,68.223167,174.828064,99.210014
147.458420,68.550972,176.267807,99.289391
150.515671,68.646370,179.284927,99.341881
152.701080,67.277290,181.378387,97.874519
153.212799,62.756580,181.875763,93.338470
152.638138,61.065796,181.120743,91.454903
149.301529,59.127224,177.708206,89.435173
145.131836,56.589588,173.458771,86.812302
140.508774,57.517868,168.954239,87.867294
134.961411,60.879097,163.298080,91.112221
130.038162,63.569302,158.301682,93.724220
125.405762,65.089920,153.593719,95.164055
122.084496,67.155357,150.319641,97.279938
117.177437,68.224426,145.590164,98.538826
112.786667,68.568039,141.284317,98.973213
112.628181,68.365501,141.223480,98.875061
109.266052,65.263786,138.208038,96.143951
110.093719,61.128742,138.988800,91.958771
112.617195,59.952251,141.552216,90.824974
115.268669,61.850361,143.879745,92.376801
117.730034,66.470039,145.989548,96.620667
121.977188,71.342278,149.572800,100.783218
128.042160,76.988884,155.182907,105.942474
133.416733,80.625206,159.923447,108.922104
139.419800,80.757622,165.623291,108.728821
142.744110,78.921700,168.766144,106.704727
149.301880,76.215546,174.987488,103.649696
156.421600,73.894547,182.056152,101.273705
159.737610,74.848526,185.548950,102.418076
162.549271,77.403824,188.748734,105.391342
164.355057,81.237587,191.038803,109.727333
164.716156,83.963417,191.484680,112.544228
162.292572,85.008362,189.027435,113.553024
158.621201,84.144844,185.226089,112.549889
154.149689,82.065361,180.782318,110.500206
152.427582,79.396431,179.076538,107.848808
150.578781,78.943062,177.369949,107.548180
146.999023,79.139549,173.920959,107.885109
145.623184,78.127007,172.761978,107.105507
146.328705,77.306396,173.565613,106.386520
144.436264,77.435310,171.974380,106.838158
142.295029,78.605362,170.004379,108.191681
139.648483,79.060646,167.572372,108.876823
136.807571,78.501015,164.873917,108.469841
135.940369,77.964394,164.098389,108.028069
135.375641,78.050400,163.639618,108.227356
134.858170,77.720955,163.234879,108.018410
134.975433,75.401131,163.410065,105.760490
136.592804,73.202271,165.269196,103.820068
138.370743,71.867973,167.390915,102.853249
141.460983,70.948059,170.780106,102.242249
146.545547,72.661896,176.028885,104.131256
151.548141,75.052063,181.107925,106.602951
155.141449,78.044769,184.648132,109.539001
156.971573,80.167564,186.687057,111.884514
158.580338,81.495140,188.627914,113.566322
160.125946,81.402588,190.336792,113.647583
162.294617,79.680687,192.785889,112.224190
163.020737,77.261238,193.613846,109.913155
162.966309,76.081741,193.143097,108.290482
163.055573,75.624191,193.061005,107.650497
162.108902,75.323059,191.925613,107.148468
163.350769,74.501869,192.996704,106.145119
163.468460,70.300919,193.312363,102.155334
167.092148,67.841682,196.805405,99.556740
169.990570,69.094727,199.588837,100.687134
169.508759,72.238045,198.788452,103.490639
170.714523,75.699646,199.599655,106.531387
172.991882,78.088165,202.040833,109.095032
171.985718,79.669655,200.748657,110.371437
169.755753,79.266060,198.690933,110.151955
167.021515,78.687546,196.227936,109.863373
164.417892,77.925812,193.073929,108.514542
161.431519,76.879494,189.532471,106.874870
156.538696,75.272125,183.950714,104.554825
153.873672,74.977936,181.011734,103.967117
154.130371,76.973518,181.189270,105.880714
152.732269,77.268295,180.662506,107.077957
151.061111,77.855881,178.808426,107.469559
150.108627,76.490280,177.941940,106.196106
146.675842,73.892639,174.665039,103.765472
143.306335,69.658653,171.941742,100.223854
142.939651,65.762238,171.664932,96.423508
142.961655,63.394138,171.663498,94.030357
139.082672,61.430115,167.880493,92.168922
145.894745,61.271610,174.584991,91.895432
149.211334,62.991489,177.963318,93.681290
153.997421,66.308952,182.490952,96.722458
157.625229,69.517174,186.185532,100.002060
158.847031,70.319794,187.523636,100.929008
162.079163,70.083420,190.705872,100.639290
164.283813,69.909103,193.048767,100.612755
163.186523,69.385994,192.131409,100.281998
159.973770,68.699150,188.930893,99.608246
157.417343,66.229958,186.747665,97.537994
157.709274,63.989025,187.150955,95.415863
155.098160,64.580391,184.493759,95.958076
151.789841,67.151596,181.253708,98.602081
150.914597,70.807220,180.525558,102.414612
148.771332,74.090042,178.508026,105.831543
146.233734,75.784164,175.940338,107.493576
140.667862,74.619606,170.770493,106.751457
134.515259,73.087685,164.706177,105.313515
132.523621,71.431923,162.828247,103.778801
129.328461,70.078423,159.525513,102.310783
125.954063,69.018150,156.248367,101.354027
125.013710,68.439911,155.238312,100.701584
122.162605,68.838531,152.227570,100.930267
121.203697,69.234451,151.199753,101.252838
121.739197,71.222015,151.472015,102.950851
123.398483,72.161255,153.097382,103.853897
126.903511,72.235855,156.541962,103.864029
131.307907,71.846909,160.860641,103.383636
136.359039,72.198616,165.764923,103.578712
141.747040,72.200439,170.975372,103.391159
146.477905,70.770760,175.436615,101.673882
148.861725,70.238312,177.624573,100.932083
152.411316,68.744995,181.006775,99.259827
154.540833,69.503525,183.062805,99.939789
156.177475,72.398026,184.641342,102.772186
156.239502,76.486557,184.370850,106.505264
155.595932,79.837860,183.638321,109.761475
153.764893,82.703934,181.598480,112.411560
151.718979,85.077827,179.491989,114.720558
150.266785,86.275002,177.889709,115.756935
147.650848,86.071472,175.388031,115.675812
142.787933,82.110107,170.834961,112.046417
142.276978,77.971153,170.466461,108.054817
137.539047,76.019600,166.212997,106.621147
134.568542,76.532089,163.249695,107.141342
129.400711,79.839592,158.156265,110.528374
126.884712,81.262260,155.816330,112.139244
125.820213,80.742447,155.174622,112.071381
124.206871,78.357224,153.885010,110.031479
121.582764,77.775925,151.557770,109.766830
120.640282,77.188980,150.841156,109.420822
118.548630,76.835800,148.953125,109.284409
115.802780,76.200172,145.957184,108.382561
113.514359,75.968903,143.770355,108.259445
111.002991,75.147324,141.472092,107.664734
107.905396,73.203133,138.419952,105.768944
