162.000000,92.000000,214.000000,147.000000
161.553726,92.568230,213.493607,147.504700
159.658737,96.210281,211.067001,150.584457
156.552231,99.286285,207.686111,153.370239
154.075104,100.009201,204.359406,153.194565
151.483185,99.092010,200.542236,150.980042
150.131577,94.997108,198.911270,146.594589
149.390915,90.614204,197.211197,141.193527
148.541641,87.583168,195.942398,137.716751
148.231476,87.049927,195.632904,137.184219
145.172943,86.806000,192.811432,137.192169
138.773682,86.750374,187.001648,137.762878
133.553314,89.830803,181.740448,140.799973
127.292206,91.896935,175.911072,143.315460
123.144150,91.376244,171.995621,143.041611
122.390274,88.757538,171.576431,140.778076
122.483620,85.880577,171.960785,138.209579
124.790543,85.032982,174.459396,137.565170
127.350075,85.593575,177.728653,138.878082
129.815720,86.576530,179.973755,139.627518
131.713898,89.846375,181.719345,142.735794
131.446152,92.762695,181.425293,145.624771
131.283844,93.915535,181.296432,146.813034
132.203217,94.352669,182.441452,147.484665
132.727585,96.115211,182.806244,149.078232
134.075455,97.516800,183.586029,149.889465
133.678391,96.090561,183.290741,148.571121
135.317215,91.740768,184.873535,144.161911
138.351639,86.651939,187.779205,138.936615
143.175919,81.013863,193.485809,134.233810
148.095123,77.698807,198.071487,130.565613
151.604813,76.203659,201.939819,129.450638
155.600204,75.440094,206.026001,128.783203
159.658875,75.372047,210.028702,128.655884
162.593216,77.712860,212.756042,130.777527
163.788986,80.865028,213.407227,133.353073
162.967133,82.001350,212.025589,133.896042
161.558807,80.507416,210.672531,132.459595
159.525879,77.412720,208.800797,129.532562
155.656479,74.636986,205.243683,127.087868
152.026428,72.745842,201.949600,125.552864
148.246552,74.139557,198.342606,127.129822
141.693375,78.806320,192.012512,132.028427
135.234070,82.952118,185.682907,136.311554
130.717377,84.898682,181.918686,139.054871
126.339508,83.937500,178.647537,139.264267
123.329292,83.656876,175.856522,139.215240
121.664131,83.969322,174.818405,140.190216
120.119530,84.020599,173.124420,140.083817
119.995300,81.882729,173.093094,138.044006
121.058640,76.219139,173.919647,132.130478
122.917999,72.104996,175.801071,128.039642
126.330681,70.918159,179.485031,127.139442
129.694946,72.905487,182.624374,128.889343
131.305969,77.395775,183.773758,132.891861
133.561295,82.906982,185.715576,138.071823
136.829895,87.668671,188.780716,142.618546
140.281891,91.210083,192.501175,146.443893
142.864594,92.626755,195.095261,147.872589
145.184845,90.095787,197.895340,145.848618
149.327560,84.896721,202.397247,141.029068
152.649704,77.910347,206.564606,134.934860
156.491669,73.082191,210.674088,130.394028
156.937332,69.873451,211.693756,127.790604
158.537048,70.012978,213.406723,128.049576
158.376511,76.336868,212.702820,133.790588
154.990189,81.685951,208.684418,138.473114
153.307388,83.238411,206.520538,139.517761
151.360352,85.532112,204.081497,141.292130
151.506683,86.994568,203.487869,141.972717
148.994949,86.518456,200.575775,141.073151
149.098557,83.527267,200.380798,137.766144
150.525665,80.341469,201.582718,134.342148
150.941711,80.795799,201.948593,134.743423
151.224869,85.842438,201.726074,139.264923
149.388794,90.913910,199.353928,143.768799
147.549042,91.610901,197.478134,144.427582
146.558899,91.604454,196.454819,144.385986
145.510925,92.608070,195.402359,145.384872
144.276138,93.942612,194.328125,146.889603
142.228195,93.587486,192.039581,146.284439
138.364975,90.717796,188.183380,143.422165
134.604004,87.819801,183.806686,139.871521
133.356918,84.908813,182.829681,137.246826
134.642532,84.067604,183.758911,136.027847
133.014755,89.238968,181.623169,140.670944
132.131134,94.607361,180.493149,145.777863
133.083023,98.392799,181.089142,149.185608
134.293152,101.992027,182.496017,152.989609
136.403610,105.355682,184.823303,156.578934
139.303009,104.890862,188.297806,156.724411
140.580002,98.480888,190.223663,151.003036
144.296341,88.638306,194.663910,141.927811
147.375778,81.737846,198.828949,136.176804
152.301697,77.682007,204.171341,132.561462
156.233871,75.826447,208.642029,131.275482
157.412659,78.466354,209.696182,133.783707
158.940353,81.539597,211.048828,136.671997
160.899582,83.096077,212.829071,138.039352
162.882568,83.877762,214.463364,138.452225
164.066193,84.851173,215.060349,138.805145
164.400421,84.324097,214.834000,137.684525
164.352051,84.350151,214.054855,136.936813
164.488251,83.743919,214.058945,136.190552
162.976410,83.567635,211.901901,135.330338
161.852921,82.318481,210.359222,133.636337
161.099167,83.907516,209.475769,135.087738
157.108505,88.865501,205.075958,139.611511
153.318756,90.967758,201.328354,141.758530
150.099762,90.887314,198.084549,141.652237
146.535263,93.292381,194.608063,144.150818
142.051239,95.920830,190.079514,146.732941
137.936127,93.848541,186.464706,145.181381
137.993042,89.839165,186.878799,141.551056
139.265213,87.117447,188.239532,138.923325
140.130447,86.468430,189.576233,138.774643
140.007172,86.421402,189.294266,138.559402
140.435379,87.033104,189.664886,139.110077
139.027100,87.694397,188.320694,139.839310
139.927322,89.545532,189.534973,142.023346
141.087708,92.092690,191.129288,145.030472
141.616180,93.263237,192.245224,146.811523
143.443619,91.996269,194.688721,146.196854
146.229080,88.899315,198.352936,144.029343
147.986252,85.803329,201.156891,142.039383
150.783707,83.156158,204.762360,140.245117
154.976974,80.778915,209.747314,138.718201
159.685379,78.735397,215.118835,137.373962
163.714188,77.910210,219.714386,137.145874
165.856247,78.152924,222.300995,137.856537
167.239578,80.339783,223.427399,139.772949
168.385956,81.346519,224.655960,140.866196
169.015305,81.438904,225.173431,140.840805
169.416809,80.812897,225.375717,140.005081
167.785660,80.216644,223.419037,139.060059
166.735870,78.644585,221.953690,137.050201
166.458664,76.909363,220.822510,134.415253
168.581360,73.514908,222.347427,130.390396
170.679352,71.415375,224.144455,127.973183
169.963440,70.248009,222.874557,126.221069
167.849548,69.745667,220.495865,125.438927
163.360443,69.213287,216.076462,124.980186
161.298813,70.641159,214.061310,126.457176
157.549637,72.731270,210.350525,128.587845
153.751709,74.717285,206.461807,130.477936
149.927963,75.358780,202.284973,130.746368
147.859848,74.037712,199.845337,129.032745
145.918060,69.997711,197.859879,124.946571
144.119080,65.507820,195.635269,120.006516
142.262085,62.854225,193.537338,117.098099
142.123672,61.638363,193.598358,116.093163
139.384766,61.513916,191.268784,116.401672
139.832535,62.803959,191.799438,117.779381
139.422729,65.256622,191.996414,120.873825
138.928680,70.452179,191.768326,126.350388
139.433640,75.121925,192.550262,131.312805
140.025116,77.411903,193.485947,133.966125
140.141068,76.048523,194.475250,133.524628
141.480591,73.423355,196.812027,131.951096
141.164337,69.480530,197.756699,129.336761
140.337311,65.449089,197.988022,126.419395
141.658386,61.444790,200.221512,123.374702
141.471237,57.880646,200.660614,120.468651
141.541245,56.650021,201.174744,119.704338
139.734207,57.566422,199.270752,120.517303
138.035995,59.504814,197.059814,121.917320
136.480911,62.575058,195.056549,124.516968
135.622101,66.860275,193.679672,128.257767
135.130280,70.687935,192.782486,131.659454
135.213745,73.597931,192.210434,133.880035
136.403275,75.179359,192.667084,134.677139
135.331039,73.573158,190.986176,132.430222
136.210342,69.675209,191.453003,128.097672
136.714981,65.612701,191.418762,123.467415
136.234116,62.284695,190.295349,119.461815
135.371429,60.148327,188.596115,116.443260
135.135803,58.829456,187.630569,114.353928
134.388077,59.351318,186.282440,114.241394
136.025269,61.963387,187.430496,116.336113
138.145370,65.067490,189.069550,118.931427
140.074982,66.499466,190.857925,120.213852
139.851913,68.914131,190.397369,122.377052
138.685135,71.950195,189.111420,125.286942
135.524979,73.736038,185.919098,127.038727
132.513199,75.461021,182.933716,128.791656
129.209793,75.807625,179.472839,128.971512
125.450897,73.886864,175.575455,126.904129
123.961411,72.028824,174.074615,125.034081
121.501701,70.275574,171.417068,123.071358
118.776840,69.008873,168.737549,121.852707
115.770508,69.136086,165.554977,121.793106
115.977608,69.120148,165.505219,121.504906
116.818390,69.953735,166.435394,122.433266
118.782906,70.049988,168.276886,122.399117
122.645409,68.388939,172.289627,120.897308
126.812073,63.733696,176.726944,116.528961
130.832489,59.736698,180.972946,112.771088
131.470276,57.059723,181.822464,110.318306
132.083725,51.607712,182.639343,105.081703
137.923172,53.365112,188.239624,106.585854
143.336868,56.883686,194.026794,110.499886
145.852570,60.716221,196.605057,114.398659
150.628937,62.232700,201.494431,116.034798
154.799072,64.412659,205.832047,118.392097
156.797516,63.828293,207.906082,117.886238
159.596863,64.305481,210.814987,118.479301
160.726837,65.152893,212.020432,119.406532
162.122620,68.081467,213.345657,122.260475
164.686569,71.531708,216.192291,126.009712
166.044724,73.584526,217.808289,128.335236
167.544266,74.840927,219.969818,130.291824
168.314850,75.263237,221.631760,131.655945
167.778152,75.960831,222.002777,133.311676
165.034714,75.039299,220.285919,133.472717
159.448578,72.900574,215.637833,132.322311
155.262070,74.024483,212.402527,134.447510
150.249405,73.156044,208.363495,134.603058
145.525574,72.777870,204.341629,134.962555
139.254578,71.419197,199.076797,134.678268
137.013031,69.922501,197.888809,134.305374
134.232925,68.945335,196.000092,134.278061
131.453156,68.142441,194.162521,134.478134
131.795807,69.310402,195.294022,136.485031
133.668030,72.872894,197.873016,140.798477
135.336838,75.712860,200.287918,144.418976
139.818481,77.574501,205.456757,147.010101
144.116653,78.603188,210.065536,148.368225
149.082977,78.653564,215.550842,148.969040
154.513626,78.575974,221.223648,149.148056
159.656616,77.746513,226.317810,148.266861
163.593307,78.036644,229.869186,148.148666
166.792801,77.503784,232.270828,146.770309
169.915314,76.755814,234.332825,144.897552
172.511627,77.242363,235.985260,144.382141
173.113693,80.135139,235.618607,146.245651
171.049957,82.806305,232.388031,147.675888
170.455246,85.648201,230.791306,149.467300
168.767899,88.105148,228.198593,150.974365
167.833786,88.805122,226.340714,150.704376
167.687561,89.724586,225.428284,150.818665
168.333771,89.537338,225.393341,149.903275
169.106140,89.128975,225.609039,148.909439
170.200165,87.961227,226.344666,147.364441
173.479935,87.155342,229.577103,146.508743
175.591492,87.027290,231.790802,146.488205
176.532059,87.105751,232.877548,146.720551
179.463684,89.169312,236.177399,149.171707
179.236755,90.814041,236.480652,151.383820
179.494125,91.791687,237.593887,153.261612
179.045044,91.601730,238.091309,154.066284
177.479721,91.074699,237.286728,154.338013
172.984299,88.184982,233.523300,152.229095
169.411880,83.167747,230.904373,148.227890
167.678635,79.978279,229.819962,145.729095
165.137131,76.744225,227.581100,142.812088
164.223953,73.727798,226.513748,139.631699
162.127670,70.530708,224.214493,136.221970
162.477249,68.759132,224.648300,134.538635
162.387070,69.188332,224.607315,135.019379
162.511444,73.010406,224.777588,138.889557
161.063400,80.104561,223.465561,146.126190
161.320358,86.145760,223.887070,152.342392
163.400330,89.302414,226.149017,155.692596
165.166977,88.388336,228.349258,155.239639
167.235870,84.648399,230.878052,151.981171
169.461517,78.606201,233.747192,146.622681
170.796677,73.432999,235.188583,141.562241
173.025452,70.288673,237.490906,138.495987
173.100723,68.439156,237.427780,136.499573
172.444000,66.214920,236.577454,134.069809
171.111191,65.824387,234.798172,133.212204
170.286346,69.312370,233.400299,136.091354
169.121399,72.545708,231.833160,138.903671
168.632553,75.723671,231.105301,141.827454
168.122345,76.828224,230.581055,142.917068
163.676178,76.744087,226.211395,142.914291
157.443130,75.214058,219.964157,141.369186
151.637741,73.687424,214.156113,139.839752
146.149780,71.328651,208.478119,137.278885
140.749176,66.139862,203.369965,132.396484
132.051804,61.441174,194.851151,127.887688
127.203659,59.756542,190.254349,126.470360
123.099411,59.488293,186.253616,126.310478
121.624352,61.240303,185.093109,128.391800
119.322693,65.591736,182.898926,132.857422
118.992035,71.519295,182.919067,139.157700
118.164871,76.469589,182.348648,144.380783
118.762459,78.245247,183.227585,146.450790
121.321907,77.186722,186.144424,145.771667
126.951759,78.011314,192.297440,147.151611
132.136459,77.320213,197.660812,146.650024
137.554611,75.315910,203.501358,145.093719
145.576248,73.730835,211.604660,143.595245
146.597473,73.300499,212.542206,143.077499
145.722885,72.492088,211.702530,142.306122
142.044846,71.599442,208.161392,141.558685
137.299332,71.841507,203.799942,142.201996
131.195847,71.790375,198.268997,142.757584
124.494926,73.308525,192.104675,144.836014
116.118439,73.221710,184.619949,145.693420
108.066727,71.653244,177.391663,144.996109
100.977562,68.012825,170.954514,142.044952
94.003578,62.389858,164.660675,137.150711
87.363358,56.662384,158.215515,131.629288
82.468254,53.412525,152.792465,127.821747
81.834389,52.749672,151.993500,126.984489
80.818939,54.225517,150.993362,128.476501
80.283989,60.375492,150.281998,134.440109
78.720863,67.370827,148.655823,141.367889
76.705559,72.589104,146.314072,146.241058
73.579620,76.272873,142.885117,149.604507
67.610352,77.936554,136.788040,151.133057
61.334229,77.076752,130.216995,149.961487
55.375278,75.420433,124.058098,148.093628
50.077408,71.236855,118.301720,143.424973
51.097328,67.574226,118.885345,139.300766
51.704044,63.611439,119.056519,134.876816
54.569744,63.525757,121.336731,134.171204
59.708675,64.279465,125.749374,134.155258
65.085327,68.556686,130.301834,137.571381
67.499573,72.414040,132.108887,140.784744
68.631935,75.353088,132.807831,143.263702
73.500183,77.351418,137.047379,144.604309
77.697052,79.808640,140.739517,146.525253
82.429932,80.438370,145.194931,146.864517
87.267967,77.478012,149.861374,143.721680
91.623100,72.712570,154.386154,139.136642
95.744408,64.007805,159.265366,131.237915
103.781837,56.633934,168.060211,124.668793
112.399414,51.993408,177.324844,120.715141
119.436974,52.280983,185.164841,121.854538
124.072655,56.844955,190.150375,126.789574
125.160370,60.018059,191.657562,130.400940
127.042587,62.244377,193.786667,132.888885
128.311935,62.925434,195.616348,134.163712
129.898666,64.482956,197.983109,136.547165
129.178299,64.378716,198.195999,137.430283
127.884346,62.574165,197.688278,136.456894
129.202530,60.415119,199.647659,134.975677
129.778870,58.635601,200.298126,133.274460
128.793335,55.783398,199.491974,130.611740
130.342072,55.551098,201.135010,130.479050
129.179199,57.549599,199.878662,132.378799
129.259842,58.461983,200.044235,133.380875
129.248627,60.163116,200.069183,135.120209
128.429352,60.491737,199.388611,135.595337
128.888443,60.874893,199.769302,135.894562
129.367798,61.153687,199.906464,135.807053
132.086456,60.288902,202.036194,134.320175
134.470306,56.584278,203.771332,129.920486
138.063492,52.019844,206.719345,124.674004
143.528839,49.706470,211.525085,121.662781
147.359451,49.660183,214.715683,120.938820
150.236023,55.922489,216.642578,126.195587
150.412949,63.578045,216.094986,133.083359
149.116348,70.009361,214.237991,138.920319
149.553848,74.715691,214.100815,143.025833
148.749756,76.541183,212.841705,144.368301
145.438553,72.856979,209.057755,140.189529
145.097229,67.045380,208.169220,133.796509
149.792450,62.191471,212.007690,128.045685
155.997604,59.206326,217.462570,124.274529
161.283325,61.566395,221.765320,125.588211
161.622391,64.587372,220.683304,127.094917
161.777100,69.610924,219.532074,130.747253
157.716980,72.420502,214.343567,132.350632
150.830032,74.644150,206.462967,133.528320
145.199020,74.481239,199.919632,132.404190
139.227005,74.372391,193.327103,131.640976
131.270935,69.812370,184.895111,126.579079
127.015991,65.802917,180.445984,122.364655
125.518417,59.882679,179.094040,116.598137
128.601700,58.188980,182.408432,115.148392
129.444534,60.206657,183.436386,117.361458
128.715485,62.429783,182.917419,119.810219
128.916992,65.258308,183.180756,122.703941
129.311218,67.913803,183.300201,125.069672
127.969612,68.656631,181.802521,125.644867
125.355171,69.950569,178.998657,126.738853
122.921165,70.669792,176.369278,127.251854
120.214867,68.101753,173.491928,124.503273
123.433014,64.492630,176.828766,121.019440
126.790115,62.617344,180.089767,119.042725
130.157852,61.363861,183.614151,117.954597
139.698090,65.711761,193.269470,122.423958
144.191299,68.975319,197.890945,125.822922
149.822479,68.995621,203.824127,126.161987
157.677032,66.256744,211.967957,123.728165
161.980743,64.429214,216.431427,122.069122
165.444687,62.407272,219.851395,120.000793
167.407654,61.839581,221.305054,118.896027
169.435104,61.403667,222.525497,117.593323
169.548035,57.864773,221.855072,113.227554
171.187637,54.827221,222.740799,109.393463
172.147766,53.496628,222.966431,107.286011
171.066376,53.545296,221.110565,106.514641
171.158173,55.467651,220.643219,107.855911
174.321762,62.810013,223.198349,114.553299
171.499954,69.827675,220.077316,121.253410
167.835159,74.263695,215.958450,125.207558
163.568649,76.586029,211.686050,127.523773
157.455826,76.337410,205.342484,127.034996
152.429092,72.781082,200.165268,123.318787
151.539612,68.527336,199.862701,119.688622
155.614670,62.988564,204.352402,114.589882
157.070465,62.231972,205.805450,113.830360
157.920105,64.256920,206.492462,115.682716
157.499130,68.041481,205.446671,118.804207
158.906555,72.487564,205.954163,122.294128
159.526443,75.351540,206.048203,124.610359
158.926575,77.486969,204.821747,126.079193
159.401917,80.455406,204.669098,128.378693
159.917160,82.495651,204.278824,129.474060
162.136566,82.823036,205.856628,129.131302
164.020874,78.362259,207.347992,124.250771
163.183289,74.594582,206.052032,120.003891
166.695526,74.014717,209.187866,119.021347
169.381500,77.686531,211.367249,122.151230
128.000000,29.000000,158.000000,61.000000
119.664925,32.234268,149.451553,64.007133
110.747238,34.385792,140.333313,65.944717
101.756706,34.870388,131.199966,66.276985
95.418800,33.596760,124.676544,64.805481
90.483467,30.909796,119.902557,62.290619
83.746597,26.580673,112.991768,57.775974
147.000000,80.000000,199.000000,135.000000
142.179718,77.882286,194.003845,132.696472
139.756760,76.710396,191.651932,131.599747
136.154678,71.733414,188.411026,127.004784
134.912476,64.568855,187.667480,120.367111
133.119263,64.110184,186.266449,120.322823
130.354797,68.111099,183.724060,124.558136
130.411880,70.256088,184.149002,127.091431
130.362854,71.186356,184.553131,128.500015
127.504944,74.428764,182.490662,132.581253
125.590652,76.370903,180.817581,134.782150
124.693329,76.921089,180.034119,135.452286
122.818436,76.622681,178.539291,135.554306
186.000000,110.000000,211.000000,137.000000
188.271057,109.496071,211.316467,134.391144
196.296585,110.527657,216.310562,132.265015
nan,nan,nan,nan
nan,nan,nan,nan
nan,nan,nan,nan
nan,nan,nan,nan
nan,nan,nan,nan
nan,nan,nan,nan
nan,nan,nan,nan
nan,nan,nan,nan
2.000000,27.000000,45.000000,73.000000
-9.540757,20.894342,41.925434,75.937775
nan,nan,nan,nan
nan,nan,nan,nan
nan,nan,nan,nan
nan,nan,nan,nan
nan,nan,nan,nan
nan,nan,nan,nan
nan,nan,nan,nan
nan,nan,nan,nan
nan,nan,nan,nan
nan,nan,nan,nan
nan,nan,nan,nan
nan,nan,nan,nan
nan,nan,nan,nan
nan,nan,nan,nan
nan,nan,nan,nan
nan,nan,nan,nan
nan,nan,nan,nan
nan,nan,nan,nan
nan,nan,nan,nan
nan,nan,nan,nan
nan,nan,nan,nan
nan,nan,nan,nan
nan,nan,nan,nan
nan,nan,nan,nan
nan,nan,nan,nan
nan,nan,nan,nan
nan,nan,nan,nan
nan,nan,nan,nan
nan,nan,nan,nan
nan,nan,nan,nan
nan,nan,nan,nan
nan,nan,nan,nan
nan,nan,nan,nan
nan,nan,nan,nan
nan,nan,nan,nan
nan,nan,nan,nan
nan,nan,nan,nan
nan,nan,nan,nan
nan,nan,nan,nan
nan,nan,nan,nan
nan,nan,nan,nan
nan,nan,nan,nan
nan,nan,nan,nan
nan,nan,nan,nan
nan,nan,nan,nan
nan,nan,nan,nan
nan,nan,nan,nan
nan,nan,nan,nan
nan,nan,nan,nan
nan,nan,nan,nan
nan,nan,nan,nan
nan,nan,nan,nan
nan,nan,nan,nan
nan,nan,nan,nan
nan,nan,nan,nan
nan,nan,nan,nan
nan,nan,nan,nan
nan,nan,nan,nan
nan,nan,nan,nan
nan,nan,nan,nan
nan,nan,nan,nan
nan,nan,nan,nan
nan,nan,nan,nan
nan,nan,nan,nan
nan,nan,nan,nan
nan,nan,nan,nan
nan,nan,nan,nan
2.000000,46.000000,38.000000,84.000000
4.615901,42.801311,40.741669,80.933884
11.600758,46.206352,47.729454,84.342010
18.196991,48.615063,53.766518,86.161324
24.526953,49.010567,59.910103,86.360100
224.000000,124.000000,245.000000,146.000000
226.870026,127.862091,248.436615,150.454437
230.224884,133.304855,252.329010,156.459183
235.909164,138.321472,258.425903,161.906342
238.461258,142.288040,261.461517,166.377457
241.256241,142.273132,264.120789,166.221161
249.391769,139.545029,270.426910,161.584091
250.519180,140.011108,272.603149,163.146698
250.130844,136.986755,275.991913,164.063690
251.058350,132.535706,278.822021,161.661621
nan,nan,nan,nan
nan,nan,nan,nan
nan,nan,nan,nan
nan,nan,nan,nan
nan,nan,nan,nan
nan,nan,nan,nan
nan,nan,nan,nan
nan,nan,nan,nan
nan,nan,nan,nan
nan,nan,nan,nan
nan,nan,nan,nan
nan,nan,nan,nan
nan,nan,nan,nan
nan,nan,nan,nan
nan,nan,nan,nan
nan,nan,nan,nan
nan,nan,nan,nan
nan,nan,nan,nan
nan,nan,nan,nan
nan,nan,nan,nan
nan,nan,nan,nan
nan,nan,nan,nan
nan,nan,nan,nan
nan,nan,nan,nan
nan,nan,nan,nan
nan,nan,nan,nan
nan,nan,nan,nan
nan,nan,nan,nan
nan,nan,nan,nan
nan,nan,nan,nan
nan,nan,nan,nan
nan,nan,nan,nan
nan,nan,nan,nan
nan,nan,nan,nan
nan,nan,nan,nan
nan,nan,nan,nan
nan,nan,nan,nan
nan,nan,nan,nan
nan,nan,nan,nan
112.000000,62.000000,164.000000,117.000000
115.345093,61.197678,167.315613,116.166519
116.501923,58.648510,168.679932,113.836807
117.681656,53.636398,170.269516,109.257751
121.759163,53.952564,174.572906,109.812599
124.488922,58.381416,177.313858,114.253273
127.473053,64.675003,179.895767,120.121872
131.587021,69.773529,183.613770,124.802017
138.141144,71.023643,189.747116,125.607536
145.315918,68.564377,196.385757,122.581207
149.973587,64.724518,200.590332,118.262115
153.034241,60.034298,203.707077,113.631294
156.087372,56.757481,206.814041,110.411476
158.727875,53.964237,209.433640,107.596092
160.537155,52.931347,211.120789,106.433899
160.908356,53.873360,211.512680,107.397827
159.961334,54.908726,210.638382,108.510193
159.654129,56.706871,210.344910,110.322891
159.351898,59.187267,209.948257,112.703300
155.036484,61.397575,205.935547,115.234131
152.111816,62.357758,202.932327,116.111153
151.990891,62.302296,203.193634,116.460403
148.158188,61.757217,200.004608,116.596146
148.283035,59.184803,200.267578,114.169823
147.834671,56.965343,200.359100,112.521393
147.374649,56.341648,200.570312,112.606926
146.731339,57.491329,200.656738,114.526871
146.415131,57.918839,200.858719,115.510956
146.339767,58.831451,201.108948,116.766922
148.708038,59.709713,203.563004,117.735641
151.539902,60.907845,206.026794,118.538918
152.029541,61.206181,206.099869,118.397957
151.473404,62.478035,204.991547,119.087517
153.623413,64.016502,206.608170,120.062981
151.985336,66.681282,204.480408,122.201103
147.295288,71.803627,199.335922,126.843285
147.412216,76.525322,199.247314,131.347809
148.859543,79.929474,200.581635,134.632431
148.838730,83.688576,200.560089,138.390747
146.022873,85.572678,197.809265,140.343628
142.468216,84.004227,194.464447,138.997101
142.956528,81.466805,195.145172,136.663177
144.813049,79.967995,197.196976,135.370697
142.041122,77.594788,194.504059,133.080963
143.537888,73.625923,196.197845,129.320282
146.224442,72.552826,199.028351,128.399277
149.152832,72.946892,201.739822,128.564148
153.004135,73.807983,205.400482,129.223816
156.326172,74.628082,208.451248,129.757294
157.910294,75.057404,209.757629,129.893158
160.908707,75.336205,212.550110,129.954147
163.044617,74.177498,214.507431,128.606537
163.445114,69.819588,214.835541,124.172058
162.880844,68.032578,214.109924,122.214409
159.604340,66.008987,210.713730,120.064217
155.434387,63.267590,206.684067,117.471184
150.960449,63.979576,202.214310,118.187599
145.411499,67.089775,196.767929,121.406288
140.482590,69.716721,191.897766,124.095352
135.850800,71.182648,187.242905,125.536865
132.625046,73.187248,183.999847,127.523170
127.848793,74.463013,179.077484,128.644394
123.582703,75.066246,174.560822,128.982605
123.516167,75.176781,174.070480,128.644409
120.308342,72.700172,170.526016,125.811356
121.240173,68.436325,171.155609,121.227486
123.933723,67.176628,173.693130,119.802399
126.460205,69.022621,175.698349,121.095856
128.730667,73.715256,177.361572,125.144814
132.837372,78.323792,180.890121,129.139786
138.763397,83.939995,186.155350,134.068237
143.775177,87.493530,190.677719,137.101761
149.615372,87.608910,196.179443,136.857071
152.880020,85.780350,199.221436,134.791672
159.382416,82.694595,205.694565,131.674759
166.435989,80.371841,212.620148,129.218552
169.882889,81.302284,216.075195,130.157471
172.941971,84.102127,218.999298,132.816574
175.134796,88.184181,221.215561,136.923065
175.555954,91.135445,221.421234,139.649689
173.256851,92.383530,218.830994,140.587631
169.549820,91.471642,214.987396,139.530258
165.089767,89.533287,210.357697,137.411179
163.380020,87.022881,208.565521,134.814774
161.534546,87.057602,206.629379,134.754868
158.105164,87.605309,203.083786,135.181305
156.920959,86.995522,201.742355,134.403809
157.782272,86.174240,202.807892,133.800354
156.146072,86.325066,201.336456,134.123108
154.087006,87.332855,199.618057,135.486404
151.508636,87.875549,197.245621,136.248459
148.759857,87.611938,194.705154,136.206741
147.888229,87.417984,193.886749,136.069489
147.394089,87.629517,193.397003,136.285690
146.985184,87.575058,192.878876,136.117340
147.180481,85.800911,192.705948,133.950974
148.859070,83.797340,194.401230,131.965195
150.694656,82.846970,196.379761,131.167114
153.717529,82.227707,199.686234,130.849945
158.864182,83.957916,205.062469,132.824692
164.033127,86.384102,210.456940,135.485992
167.660156,89.544121,214.190598,138.759445
169.438492,91.600876,216.425293,141.301712
170.961838,92.857536,218.581360,143.231476
172.558838,92.667305,220.662949,143.556122
174.749329,90.879364,223.200760,142.129700
175.644424,88.427460,224.356506,139.954407
175.418503,86.990021,224.164032,138.552460
175.663055,86.280853,224.236374,137.660538
174.720322,85.629242,223.238739,136.950668
176.183792,84.839394,224.252228,135.683304
176.297134,80.559174,224.506714,131.549988
180.030945,77.628883,228.305740,128.687592
182.888031,78.820419,231.140610,129.855545
182.416397,82.034859,230.299622,132.678009
184.240356,85.516373,230.978104,134.942459
187.244080,87.125603,233.162338,135.679886
186.618332,88.456963,232.325867,136.786774
184.756134,88.150017,230.608383,136.633972
182.741364,88.163368,228.802292,136.869614
180.588242,86.944733,226.887482,135.899429
177.520782,85.557968,224.080765,134.784515
172.337601,83.690475,219.237976,133.279129
170.027634,83.272095,217.526794,133.497742
170.004288,84.726509,217.870667,135.342331
168.753769,84.930908,216.995544,135.945587
166.874405,84.918274,215.496002,136.336029
165.529755,83.115532,214.787796,135.208679
161.414139,80.137970,211.540344,133.151382
158.000534,76.704185,207.983337,129.565765
157.342697,73.007713,207.344269,125.889175
156.829498,70.415184,206.729568,123.191177
152.932281,68.672279,202.560318,121.159912
159.540894,67.947426,209.025406,120.282944
163.043839,69.572708,212.277344,121.642174
167.731766,72.744904,216.693573,124.526375
171.553299,76.039177,220.334015,127.628464
172.781738,76.813255,221.520370,128.357895
175.888199,76.533485,224.654144,128.107117
178.091949,76.274292,226.809860,127.796944
177.169159,75.935333,225.729324,127.290565
173.969681,75.308052,222.340973,126.462860
171.905014,73.003555,220.213013,124.091194
172.364914,70.584984,220.844635,121.854843
169.895782,71.179871,218.290726,122.359764
166.668076,73.807411,214.955688,124.873398
166.102783,77.615433,214.220169,128.500778
164.076447,81.109764,212.140732,131.939835
161.749969,82.536118,209.813828,133.365738
156.547470,80.731911,204.543304,131.490723
150.573196,78.546860,198.497040,129.229172
148.850418,76.498886,196.624359,127.021927
145.720444,74.707191,193.516235,125.253456
142.750473,73.575729,190.411163,123.978455
141.656860,72.878021,189.193588,123.149048
138.879761,73.428833,186.021317,123.279999
137.877029,74.102371,184.771545,123.696213
138.287994,76.640533,184.732407,125.755524
139.730377,77.433449,186.034622,126.399330
143.161758,77.302162,189.222321,126.013985
147.585464,76.940536,193.495270,125.495193
152.764786,77.467552,198.471954,125.806358
158.138367,77.426392,203.690903,125.600479
162.735657,76.075882,208.092575,124.041595
164.827652,75.527527,209.931854,123.229538
168.267853,74.116302,213.039780,121.471603
170.345337,74.801552,214.946823,121.975044
171.913559,77.649124,216.325226,124.620132
171.780716,81.522537,216.038635,128.332962
171.103226,84.990982,215.207367,131.640793
169.218704,87.867775,213.201080,134.390427
167.255066,90.168076,211.095840,136.539444
165.650681,91.320290,209.462921,137.661179
163.026367,91.239471,206.753510,137.489456
158.228210,87.694893,201.997498,133.989883
157.789185,83.505836,201.749664,130.005066
153.197220,81.495331,197.439346,128.295410
150.302246,81.991341,194.627777,128.878540
145.283997,85.301445,189.695648,132.278580
143.014374,86.905540,187.581879,134.045471
142.221451,86.658485,187.150284,134.183853
140.942719,84.348114,186.225922,132.251480
138.586990,83.826851,184.227951,132.103531
137.795868,83.285789,183.870544,132.024460
135.716400,82.963829,182.145905,132.072433
132.779175,81.989975,179.575348,131.488647
130.503525,81.716400,177.416122,131.338943
127.952309,80.953911,174.966660,130.684708
124.823341,78.953712,171.968399,128.820663
