162.000000,92.000000,214.000000,147.000000
161.629044,92.486183,213.507095,147.357330
159.954391,96.041161,211.065323,150.100937
156.923126,99.234787,207.785156,153.031311
154.489365,100.079269,204.262192,152.722504
151.761414,99.559006,200.458069,151.061508
150.232590,95.309853,198.964890,146.850174
149.457687,91.031090,197.203110,141.524109
148.987625,88.502602,195.943710,138.156967
148.547348,87.945496,195.660599,137.767059
145.511429,87.821869,192.623001,137.641663
138.926697,87.662498,186.795776,138.271378
133.439484,90.524300,181.502869,141.339615
127.170746,92.615837,175.600372,143.812347
122.968590,91.855583,171.677673,143.348663
122.005089,89.196198,171.022705,141.016708
121.902298,86.172592,171.418900,138.512039
124.292923,85.196854,174.177292,137.926132
127.022156,85.937271,177.274872,139.056992
129.438232,86.893875,179.652374,139.972763
131.389755,90.231506,181.429276,143.125519
131.139999,93.127419,181.178299,146.020142
131.051880,94.332230,181.045746,147.178787
132.143417,94.866013,182.204605,147.783951
132.727524,96.642914,182.507309,149.268433
134.041367,98.116173,183.117661,149.995972
133.569717,96.635666,182.825394,148.702011
135.477234,92.539650,184.403168,144.256470
138.691895,87.627823,187.202271,138.903641
143.354294,82.056305,193.130600,134.675552
148.406372,78.955704,197.609375,130.967255
151.680817,77.220238,201.561188,129.949783
155.798019,76.386246,205.877151,129.326492
159.852158,76.206886,209.935562,129.151581
162.823364,78.688110,212.602203,131.316284
163.864700,81.671265,213.317734,133.954071
163.129074,82.886726,211.939774,134.488663
161.727753,81.516617,210.558655,133.139984
159.551224,78.310158,208.673965,130.243240
155.664093,75.585655,205.120697,127.865952
152.023666,73.679207,201.967148,126.475601
148.278809,75.019348,198.316345,127.915443
141.625610,79.485939,191.961639,132.692215
135.065765,83.563942,185.653687,137.036942
130.508881,85.488541,181.650665,139.547989
126.150085,84.516090,178.393188,139.740387
122.943565,84.141594,175.773926,139.986404
121.372864,84.333862,174.658981,140.660248
119.745995,84.350082,173.019394,140.663040
119.503609,82.175270,173.044006,138.770065
120.660454,76.620056,173.896591,132.893677
122.390747,72.530159,175.900604,129.092712
125.666153,71.226501,179.650040,128.289413
129.196274,73.400093,182.676590,129.922134
130.690247,77.832672,183.799316,133.962845
133.107407,83.529747,185.634109,139.045212
136.318680,88.163094,188.697983,143.522827
139.805923,91.629761,192.334000,147.146667
142.501282,93.104301,194.811768,148.391296
145.002472,90.662971,197.622955,146.277512
149.134201,85.443832,202.118637,141.442917
152.419968,78.559883,206.237015,135.438721
156.140411,73.566505,210.526520,131.046021
156.502060,70.326866,211.557755,128.512482
158.022308,70.385277,213.318695,128.824493
157.958008,76.812141,212.743927,134.713531
154.707779,82.115784,208.616379,139.092010
153.247040,83.731644,206.540863,140.058929
151.218781,86.038551,204.033691,141.860321
151.363129,87.540512,203.386139,142.525543
148.834961,87.072144,200.323822,141.502884
149.006714,84.129059,200.043976,138.082138
150.272995,80.741669,201.337296,134.722824
150.829224,81.283417,201.610016,134.970169
151.031113,86.356270,201.280441,139.480286
149.123764,91.470055,198.752548,143.937027
147.364700,92.282593,196.877365,144.626480
146.425186,92.294846,195.961075,144.663361
145.502945,93.392975,194.862381,145.574448
144.313446,94.680504,193.866241,147.066925
142.275864,94.489403,191.552750,146.583374
138.434982,91.730080,187.623276,143.730148
134.608734,88.822784,183.236328,140.228531
133.325882,85.912888,182.214706,137.595856
134.673370,85.009834,183.103699,136.206238
133.110580,90.192627,180.929764,140.740479
132.246964,95.628609,179.638596,145.722183
133.175613,99.395889,180.171951,149.069458
134.459030,103.036469,181.533554,152.793228
136.539429,106.364777,183.844360,156.361542
139.524796,105.934174,187.240128,156.358429
140.812088,99.525406,189.231216,150.697433
144.362656,89.706001,193.891251,142.055405
147.170578,82.642632,198.193832,136.576385
151.922897,78.556282,203.631943,133.202194
155.797928,76.674812,208.070023,131.916260
157.000214,79.361572,209.020752,134.337219
158.582489,82.420731,210.415009,137.201248
160.563309,83.997192,212.143448,138.510757
162.539322,84.775017,213.776596,138.925949
163.814392,85.716026,214.278259,139.048935
164.143845,85.231216,213.963394,137.881912
164.032623,85.223320,213.122131,137.100174
164.209335,84.667305,213.038345,136.273254
162.502625,84.534088,210.605560,135.369492
161.503647,83.269127,209.057205,133.532745
160.713974,84.886589,208.155685,135.031357
156.698288,89.686455,203.983963,139.665421
152.939407,91.827286,200.269180,141.852188
149.821732,91.896240,196.861099,141.612579
146.181274,94.310760,193.384766,144.198059
141.701874,96.878891,188.909851,146.770859
137.545013,94.821037,185.278809,145.260742
137.578552,90.795227,185.655579,141.599609
138.828186,87.980225,187.147034,139.036316
139.722626,87.335640,188.436920,138.811401
139.549026,87.285561,188.130203,138.620056
140.031769,87.990540,188.405884,139.105316
138.699661,88.708702,187.022324,139.768860
139.664200,90.670326,188.080063,141.829391
140.880356,93.267876,189.641098,144.792923
141.437744,94.470085,190.741638,146.571518
143.168747,93.045509,193.184494,145.901489
145.968460,90.028946,196.805374,143.738312
147.568924,86.794197,199.469833,141.630157
150.372345,84.029678,203.263062,139.912537
154.414978,81.518944,208.179901,138.325500
159.078857,79.351234,213.650146,137.008957
163.211975,78.440399,218.368927,136.715729
165.298889,78.603203,220.998138,137.449875
166.667130,80.792107,222.085159,139.342484
167.912247,81.821251,223.335831,140.377472
168.553894,81.933960,223.745209,140.245468
168.919266,81.326576,223.944290,139.462891
167.291916,80.793869,221.860001,138.448761
166.194046,79.241440,220.235367,136.340820
165.997208,77.562164,219.110428,133.682816
168.110474,74.216095,220.555145,129.631058
170.281342,72.237839,222.222778,127.121078
169.500916,71.026596,220.980652,125.421494
167.375443,70.549225,218.603867,124.678314
162.895645,70.020531,214.194809,124.224449
160.875839,71.470345,212.183945,125.683708
157.128708,73.622513,208.441330,127.840668
153.419525,75.633575,204.619507,129.732590
149.546387,76.218040,200.494568,130.050735
147.428635,74.859756,198.060257,128.357254
145.553513,70.828232,196.142044,124.280121
143.776825,66.404106,193.952789,119.419167
142.030823,63.828850,191.944519,116.566231
142.011490,62.731911,191.937729,115.482597
139.557922,62.736732,189.660522,115.674355
140.154800,64.055534,190.253464,116.989052
139.924377,66.548393,190.546844,120.026253
139.557556,71.735809,190.391327,125.437393
140.207794,76.414917,191.263672,130.351669
140.900742,78.645073,192.370743,133.011871
141.146622,77.487892,193.196243,132.467758
142.499283,74.934914,195.429001,130.828094
142.176331,71.069366,196.365479,128.293259
141.347427,67.044846,196.661453,125.454987
142.604492,63.023830,198.873138,122.439720
142.337677,59.379951,199.338898,119.566963
142.470734,58.121307,199.837128,118.692383
140.736465,59.069355,197.961533,119.491806
139.187866,60.958572,195.853210,120.792358
137.633621,64.016998,193.801956,123.327621
136.882980,68.377251,192.428848,127.032631
136.419296,72.159889,191.547043,130.374741
136.494690,75.076294,191.005829,132.641525
137.699402,76.808357,191.419678,133.539581
136.663345,75.220795,189.819138,131.356171
137.547409,71.351349,190.309464,127.071121
138.020828,67.284019,190.277725,122.470055
137.364410,63.899609,189.079895,118.513573
136.459579,61.660576,187.395554,115.450058
136.178146,60.199001,186.545059,113.385933
135.455521,60.664207,185.200485,113.192604
137.058594,63.271908,186.314636,115.282051
139.151550,66.263824,187.980469,117.821205
141.061752,67.644440,189.777054,119.081245
140.826248,70.013672,189.380508,121.279564
139.578842,73.013412,188.050461,124.191597
136.368271,74.797287,184.799332,125.932442
133.391922,76.570862,181.717239,127.593803
129.973282,76.844955,178.287430,127.856041
126.124794,74.854904,174.417252,125.842979
124.649345,73.051727,172.842743,123.936699
122.154030,71.219521,170.306992,122.062393
119.508293,70.037941,167.573944,120.789948
116.427147,70.145447,164.391541,120.792061
116.600990,70.098999,164.347855,120.514488
117.424919,70.932823,165.243164,121.424149
119.313942,70.882179,167.165695,121.409103
123.037476,69.259079,171.033676,119.939476
127.206932,64.526123,175.505447,115.527733
131.132339,60.534874,179.655319,111.774673
131.717789,57.821815,180.521713,109.359772
132.298370,52.355030,181.359985,104.166443
138.039337,53.985779,187.005585,105.698006
143.487015,57.580433,192.764694,109.623161
145.984879,61.393127,195.372665,113.552574
150.781738,62.888542,200.272949,115.157623
154.940247,65.029160,204.634613,117.513603
156.911560,64.443954,206.754669,117.086067
159.740356,64.939964,209.687286,117.692123
160.867981,65.796722,210.903259,118.642540
162.237259,68.716423,212.246780,121.535477
164.774536,72.147354,215.168640,125.366081
166.092712,74.140648,216.848755,127.742599
167.564072,75.368767,218.950882,129.638596
168.398438,75.765930,220.543274,130.837509
167.857986,76.368904,220.873459,132.360413
165.069489,75.445816,219.075531,132.464584
159.460800,73.254303,214.348434,131.202744
155.247559,74.441902,211.028168,133.332031
150.278473,73.743942,206.920197,133.541321
145.472748,73.365082,202.824921,133.910294
139.261856,72.061958,197.504196,133.543396
137.089050,70.591766,196.367462,133.161957
134.292267,69.642639,194.484528,133.172363
131.510361,68.922745,192.641159,133.437164
131.677017,70.089188,193.561356,135.393616
133.382233,73.613007,196.021942,139.721542
135.037811,76.490852,198.260193,143.219070
139.328369,78.336906,203.267761,145.815735
143.564514,79.334122,207.873383,147.205536
148.472412,79.354614,213.363617,147.835251
153.867905,79.258163,219.020065,148.015793
159.022247,78.416016,224.134430,147.131836
162.946625,78.734100,227.637665,147.009644
166.185837,78.161812,230.089218,145.601212
169.400452,77.382164,232.305298,143.760605
172.091629,77.933464,233.982681,143.233749
172.826782,80.855400,233.738434,145.113083
170.783920,83.522194,230.679092,146.696747
170.208832,86.423424,229.024689,148.446701
168.577316,88.954300,226.479233,150.001663
167.711227,89.704285,224.642258,149.713806
167.590775,90.567886,223.787460,149.791550
168.202347,90.352425,223.802689,148.948334
168.941711,89.890678,224.094421,148.014969
170.013580,88.702530,224.851990,146.495682
173.343719,87.889717,228.114014,145.611023
175.530975,87.744362,230.409607,145.579910
176.417374,87.779625,231.542404,145.875031
179.301361,89.875618,234.710419,148.270279
179.024368,91.456833,235.037643,150.488083
179.275131,92.404251,236.243027,152.440353
178.881775,92.265846,236.741943,153.256836
177.349823,91.805931,235.916595,153.540085
172.880295,89.052338,231.981094,151.347672
169.221252,84.028107,229.293060,147.343002
167.462418,80.839920,228.178421,144.830719
164.980255,77.674065,225.907257,141.886230
164.001846,74.644737,224.851181,138.774139
161.972168,71.512970,222.518494,135.319489
162.306396,69.768410,222.896973,133.621368
162.201080,70.150253,222.956482,134.176147
162.324036,74.012375,223.039459,137.995667
160.949936,81.258514,221.560593,145.131882
161.251755,87.388382,221.906296,151.307800
163.290421,90.527649,224.195877,154.710327
165.032562,89.633118,226.412201,154.321045
166.954483,85.779785,228.989456,151.154755
168.909927,79.606834,231.832779,145.911972
170.146454,74.296577,233.393433,140.946411
172.452133,71.073616,235.837601,137.868439
172.528000,69.173889,235.783157,135.832306
172.040924,67.063148,234.818787,133.221893
170.967102,66.794708,232.992004,132.152679
170.072906,70.394135,231.372223,134.991959
168.944016,73.646126,229.720993,137.696320
168.469681,76.878899,228.973679,140.638199
168.021408,78.024467,228.419052,141.672180
163.629791,77.987747,223.995880,141.602341
157.511536,76.473251,217.751587,139.955612
151.814407,74.994736,211.971481,138.390030
146.297073,72.573372,206.347610,135.856903
140.826202,67.264664,201.336609,131.030670
131.977356,62.491177,192.929260,126.720383
127.144920,60.861542,188.295334,125.302269
123.058731,60.561172,184.278610,125.074730
121.492279,62.243637,183.084473,127.147530
119.269363,66.634109,180.825333,131.500031
118.966705,72.618652,180.665588,137.634399
118.112595,77.573761,180.069321,142.863983
118.643585,79.377548,180.880157,144.965683
121.037857,78.298576,183.787003,144.423691
126.660637,79.225639,189.972412,145.949112
131.893326,78.676682,195.390793,145.594559
137.302414,76.676811,201.174911,143.987289
145.447296,75.030632,209.475128,142.506165
146.535049,74.612434,210.395187,141.912552
145.669678,73.838547,209.445129,141.048660
141.984009,72.933571,205.944183,140.339966
137.265228,73.256813,201.595947,141.056915
131.102554,73.352478,195.948654,141.691742
124.329758,74.910011,189.697891,143.803436
115.833565,74.931198,182.031311,144.691925
107.543259,73.464752,174.526108,144.045746
100.338722,69.989845,167.976135,141.264481
93.136414,64.427948,161.626236,136.605133
86.327904,58.651745,155.181183,131.213455
81.347427,55.261211,149.840073,127.441376
80.783180,54.654819,149.150925,126.702843
79.711044,56.103535,148.190765,128.270020
79.309105,62.243629,147.593979,134.203964
77.860291,69.344368,145.778595,140.922195
75.960197,74.535378,143.509872,145.722900
72.843536,78.318428,139.952896,149.039734
66.898232,79.982216,133.803329,150.490250
60.579525,79.070892,127.301575,149.384949
54.589500,77.349564,121.203690,147.549332
49.346527,73.088959,115.450569,142.748138
50.390419,69.458138,115.979721,138.579529
50.961575,65.469185,116.112701,134.125854
53.832527,65.357292,118.430763,133.435928
59.035557,66.090767,122.944328,133.437515
64.291809,70.348549,127.422691,136.868790
66.758881,74.250145,129.141815,139.987381
67.946312,77.176056,129.838669,142.399368
72.842522,79.257500,133.865952,143.555847
76.990433,81.828163,137.367722,145.449112
81.646896,82.485878,141.681183,145.746948
86.525253,79.531158,146.430771,142.657120
91.010902,74.861542,150.937454,138.009933
95.061226,66.348572,155.736176,130.295258
102.966385,59.140079,164.163223,123.634323
111.622597,54.544010,173.427551,119.675797
118.795822,54.915054,181.336395,120.829918
123.436737,59.528770,186.340622,125.824249
124.650688,62.734940,187.894806,129.392242
126.717484,64.914642,190.128296,131.746475
128.068878,65.618858,191.913788,132.905136
129.724854,67.299660,194.304962,135.367081
129.010666,67.189972,194.575974,136.303223
127.882782,65.507988,194.068939,135.279709
129.653931,63.346169,196.260498,133.557098
130.284439,61.569309,196.858780,131.746078
129.299454,58.743851,196.026657,129.082611
130.895432,58.513084,197.726608,128.962021
129.800873,60.491169,196.558533,130.862198
129.852402,61.424984,196.683731,131.874084
129.869598,63.085861,196.829834,133.671570
129.010895,63.374462,196.061707,134.056183
129.444351,63.795834,196.321335,134.296066
129.851929,63.983303,196.458008,134.196457
132.558945,63.086380,198.537796,132.634857
134.894928,59.264969,200.282928,128.186798
138.420837,54.572495,203.308228,122.970963
143.787338,52.088463,208.088730,119.864876
147.534897,51.984470,211.217514,119.113533
150.386017,58.336308,213.263672,124.610100
150.491531,65.996964,212.719528,131.579880
149.144028,72.447647,210.838425,137.471573
149.509399,77.165085,210.710846,141.664261
148.616821,78.875061,209.537628,143.080017
145.318787,75.086296,205.840088,138.865540
144.970200,69.215897,205.045456,132.527161
149.572266,64.238983,208.968109,126.837418
155.686386,61.209152,214.406815,123.098389
160.907379,63.522263,218.704590,124.441345
161.222214,66.342621,217.668930,125.841370
161.351349,71.102341,216.560059,129.297943
157.404190,73.858749,211.601089,130.988342
150.760773,76.055008,203.985352,132.159241
145.124802,75.861641,197.509476,131.079300
139.132751,75.699730,191.004333,130.375275
131.250900,71.114845,182.675156,125.317261
126.983315,67.002083,178.362396,121.156708
125.470978,61.171867,177.068130,115.557144
128.485062,59.525673,180.305206,114.146790
129.394424,61.542515,181.403900,116.363869
128.606293,63.739712,180.910324,118.866745
128.752441,66.540398,181.118912,121.733398
129.087845,69.050781,181.209503,123.985100
127.760475,69.777809,179.743713,124.568481
125.136566,71.095169,176.949875,125.706108
122.702774,71.813538,174.362122,126.261635
120.027679,69.223732,171.492172,123.465729
123.216896,65.641945,174.780853,119.989151
126.608337,63.802086,178.046036,118.015747
129.940811,62.555145,181.552826,116.953178
139.639236,67.034515,191.299805,121.483894
144.143738,70.314018,195.919907,124.885666
149.785675,70.320198,201.839432,125.185455
157.602676,67.599121,209.967499,122.787178
161.900818,65.781387,214.436050,121.149498
165.372025,63.732834,217.864319,119.055580
167.423798,63.133224,219.299881,117.804893
169.485764,62.482471,220.546936,116.292221
169.588898,58.821159,219.842178,111.791946
171.229141,55.750443,220.804321,108.016533
172.159790,54.401157,220.971939,105.858437
171.088348,54.410954,219.142899,105.064262
171.207458,56.229568,218.648056,106.243866
174.307327,63.486832,221.225006,112.945526
171.507584,70.457748,218.119751,119.591446
167.822021,74.918365,214.091019,123.686981
163.484512,77.300560,209.523529,125.829414
157.175903,77.035736,202.988998,125.329056
152.205887,73.633766,197.849457,121.746513
151.352036,69.549339,197.390167,118.082375
155.485229,63.949417,201.932388,112.908890
156.937607,63.172066,203.397278,112.144585
157.809357,65.208420,204.049362,113.951935
157.430389,69.038429,202.962387,117.043800
158.793900,73.443947,203.493439,120.562584
159.479050,76.500946,203.333405,122.718063
158.825424,78.657806,202.124847,124.282150
159.414612,81.642982,201.976822,126.496605
160.024979,83.688393,201.667603,127.579681
162.292221,84.024475,203.356049,127.309425
164.193283,79.473145,204.888336,122.371758
163.348099,75.648788,203.714661,118.202888
166.841339,75.177193,206.913071,117.422073
169.398758,78.792999,209.153168,120.705070
168.757858,83.246056,207.731201,124.337997
166.523895,86.522072,204.825333,126.890442
162.990524,88.626411,201.002655,128.690628
159.099014,89.393204,196.822754,129.154251
157.302994,88.675964,194.455872,127.836090
156.809341,87.577919,193.305634,126.046898
154.015442,85.163490,189.996567,123.089455
150.446503,83.215218,185.793411,120.471733
145.665756,81.296158,180.517426,118.029922
67.000000,8.000000,119.000000,63.000000
60.008129,5.394231,111.798515,60.172752
54.269119,1.276953,107.055786,57.109238
47.955486,2.418971,102.786232,60.411037
42.685394,7.510736,97.075287,65.037903
41.047199,11.002308,95.417717,68.509041
40.196465,14.232590,93.771492,70.900444
37.637890,18.800650,90.472427,74.686874
36.258064,19.946404,88.262749,74.955795
35.866524,18.967766,87.227142,73.296631
32.734711,17.861746,84.366310,72.477234
33.180584,16.819332,84.483002,71.086647
34.616795,17.160774,85.706032,71.202606
35.022198,17.856853,86.252792,72.048203
34.706749,19.385662,86.806801,74.496628
32.833908,21.356781,84.819885,76.347221
29.776308,22.189129,81.519630,76.922913
25.588678,24.292568,77.530365,79.236160
23.000000,38.000000,53.000000,70.000000
19.741859,36.269836,50.588478,69.171082
19.932215,33.680321,51.207481,67.037865
14.938929,33.281570,45.958534,66.367477
10.062954,32.613392,42.967865,67.702431
-1.497631,27.066360,38.983887,70.420784
nan,nan,nan,nan
nan,nan,nan,nan
nan,nan,nan,nan
nan,nan,nan,nan
nan,nan,nan,nan
nan,nan,nan,nan
nan,nan,nan,nan
nan,nan,nan,nan
nan,nan,nan,nan
nan,nan,nan,nan
nan,nan,nan,nan
nan,nan,nan,nan
nan,nan,nan,nan
nan,nan,nan,nan
nan,nan,nan,nan
nan,nan,nan,nan
nan,nan,nan,nan
nan,nan,nan,nan
nan,nan,nan,nan
nan,nan,nan,nan
nan,nan,nan,nan
nan,nan,nan,nan
nan,nan,nan,nan
nan,nan,nan,nan
nan,nan,nan,nan
nan,nan,nan,nan
nan,nan,nan,nan
nan,nan,nan,nan
nan,nan,nan,nan
nan,nan,nan,nan
nan,nan,nan,nan
nan,nan,nan,nan
nan,nan,nan,nan
nan,nan,nan,nan
nan,nan,nan,nan
nan,nan,nan,nan
nan,nan,nan,nan
nan,nan,nan,nan
nan,nan,nan,nan
nan,nan,nan,nan
nan,nan,nan,nan
nan,nan,nan,nan
nan,nan,nan,nan
nan,nan,nan,nan
nan,nan,nan,nan
122.000000,68.000000,152.000000,100.000000
122.130371,65.419830,152.744659,98.073746
127.589363,63.259644,158.722427,96.465790
130.248322,58.422493,162.486237,92.802559
133.400665,55.997910,166.369598,91.153290
137.917618,56.323364,171.673477,92.337219
142.174545,58.047916,176.262650,94.423325
143.705048,59.438866,177.981110,96.012970
148.120285,60.236034,182.383896,96.796967
150.542374,58.765221,184.906784,95.432709
150.044739,54.387451,184.224487,90.859711
151.183273,51.417538,185.603470,88.143982
154.261902,49.847324,188.362793,86.236214
157.932587,49.910656,192.436646,86.725754
155.502304,53.324123,189.726120,89.842972
155.013046,59.195011,189.027420,95.492455
152.003418,63.895287,185.727997,99.886375
144.911896,67.266579,178.551422,103.167610
137.714584,69.307854,171.410568,105.268654
131.260056,69.844452,165.121628,105.980591
123.302719,67.348930,157.681717,104.048149
122.949348,68.015800,157.848709,105.265114
119.517189,65.315544,154.996262,103.194252
117.903641,60.692829,153.769745,98.980072
120.715599,61.520710,156.886276,100.137909
123.088638,63.212402,159.604370,102.193306
125.897362,63.692162,162.840179,103.123230
129.937073,66.138306,167.132263,105.842232
131.693085,68.854347,169.163208,108.847672
134.098740,72.026260,171.933762,112.403694
138.354691,75.135147,176.375626,115.713188
140.647324,76.328239,178.804520,117.049530
142.731491,73.555801,181.433884,114.850258
144.928879,64.942001,187.451523,110.350594
143.364395,62.998199,186.894882,109.484962
139.090637,54.911907,184.177704,103.061386
138.039551,49.529705,184.126160,98.743927
137.147491,44.526497,184.397034,94.977882
132.072601,38.342457,180.008392,89.522964
130.675522,40.942787,178.384567,91.877670
125.638710,45.101353,172.796326,95.450340
120.885452,47.271820,167.654221,97.207657
118.534203,47.651806,164.729889,96.977982
118.978195,48.959209,164.400421,97.462555
119.941818,49.516708,164.489807,97.088806
119.212456,51.180893,162.652054,97.570709
118.348320,52.235645,160.880447,97.656120
117.731003,52.258213,159.543564,96.908928
119.987701,50.063873,161.498260,94.391014
122.879860,51.530865,164.092621,95.538933
124.524277,55.048962,165.578323,98.886986
126.394066,59.746078,167.289703,103.418152
126.761879,64.691536,167.423508,108.112480
125.936638,68.233055,166.554199,111.606712
127.088905,70.855812,167.633804,114.151482
124.063904,69.552757,164.527100,112.760750
125.192612,62.834995,165.983932,106.395126
127.699692,53.653301,169.289505,98.070351
131.390396,48.090473,173.281784,92.830627
133.750397,51.210384,176.019287,96.355019
135.625793,55.712959,178.196106,101.180054
135.541565,60.639248,178.318115,106.326965
133.960419,62.710487,177.032013,108.713837
132.533997,64.304291,175.864838,110.584557
132.248505,65.890419,175.387329,111.965591
131.703979,67.010345,174.499939,112.719276
132.263947,64.681076,174.817993,110.131203
134.772949,64.859650,176.817078,109.764275
135.466873,65.555573,176.954391,109.877693
130.374176,63.935844,171.746857,108.134918
126.207939,65.068214,167.126495,108.780731
123.812134,65.966324,164.476044,109.405556
119.466202,65.867737,159.876266,109.034538
113.272041,64.990700,153.692780,108.168945
108.674034,63.652935,149.243500,106.990799
103.547523,62.758389,144.223434,106.210480
99.505623,62.915775,140.081131,106.260109
102.845528,62.423157,143.168167,105.496124
104.078995,60.049156,144.466522,103.191765
117.000000,56.000000,169.000000,111.000000
121.326614,56.384682,173.390884,111.452591
124.213402,60.845901,176.091736,115.717354
127.207489,67.086166,178.617294,121.462059
131.071884,72.146561,182.027863,126.042458
137.585022,73.354073,188.178940,126.866608
144.798920,70.848076,194.887955,123.826035
149.485565,66.890923,199.224228,119.504761
254.000000,59.000000,284.000000,91.000000
255.423615,56.514065,285.194611,88.270294
256.964600,53.248550,286.601196,84.861420
258.057251,51.329964,287.270752,82.491508
257.484406,51.937424,286.768158,83.173874
254.916214,52.982483,284.692688,84.744492
252.579773,54.043579,282.552063,86.014465
250.032486,54.981220,280.345581,87.315628
243.565903,55.838078,274.509613,88.843796
238.890274,55.522350,270.766846,89.551201
237.516113,55.317421,269.746368,89.733124
233.284409,55.752655,266.187775,90.882271
234.107620,55.951015,266.905670,90.965759
235.824783,56.559956,268.304657,91.227592
238.130173,57.756805,270.476135,92.282440
240.465622,60.382011,272.530090,94.609077
243.019440,62.047379,274.901062,96.080521
246.312607,63.515404,277.557220,96.851830
252.049728,64.757446,282.693573,97.455551
257.043182,66.757393,286.901947,98.619743
258.578125,68.093521,288.273254,99.781326
258.138916,69.624603,287.575012,101.036072
260.150513,69.980095,289.549316,101.351799
257.477173,70.902878,287.560303,103.004517
250.749588,74.068298,281.662354,107.053085
247.722565,76.907707,279.034607,110.317528
245.221130,78.757339,276.686523,112.330078
239.969650,80.994553,272.222290,115.403732
231.071228,81.963165,264.266235,117.371826
220.231659,80.039131,255.166473,117.289925
213.770386,77.177032,249.788269,115.603714
209.933334,76.362259,246.467026,115.332626
201.042725,75.108398,239.382843,115.982849
198.520035,72.445297,236.375626,112.810364
198.526917,71.905876,235.098114,110.885155
201.291489,72.653870,237.663681,111.423401
205.537994,74.049255,240.921326,111.776474
209.054855,74.979858,243.771133,112.002945
210.478973,75.742981,244.838043,112.378235
213.237869,76.468369,247.462875,112.961899
215.150894,75.546707,249.543106,112.217010
214.943741,71.005585,250.558517,108.968307
213.989471,68.779510,250.337006,107.515701
210.213165,66.065376,248.079956,106.402962
206.469452,62.883076,245.249237,104.205734
204.680222,63.133259,245.124008,106.247940
201.883041,64.997047,244.655441,110.610733
199.119720,66.910393,243.764435,114.527023
195.866028,67.645241,241.464020,116.278717
193.275848,68.937462,239.119263,117.832352
188.132568,69.115257,234.299530,118.354813
183.130569,68.719391,229.059525,117.705757
181.661667,68.775200,227.230789,117.378281
177.130844,66.778404,222.774399,115.460785
177.349564,63.239449,222.392654,111.282196
179.497375,61.558712,224.380310,109.430840
181.126404,63.288231,225.168365,110.263306
181.745499,67.223854,225.363113,113.755707
184.241272,71.311111,225.982880,115.839058
187.989151,76.776321,227.614120,119.036446
189.845932,80.759163,227.334732,120.722900
195.474670,81.667198,232.523132,121.167435
198.329071,81.175491,234.714050,119.977333
205.143036,79.402748,240.221405,116.827332
213.189850,78.812431,246.081848,113.929169
217.033188,80.445709,248.594650,114.110947
217.469345,83.554840,246.986832,115.048370
220.514954,88.324799,247.655487,117.282898
221.649857,91.660347,246.555618,118.303856
219.400238,93.235817,243.293762,118.786095
213.354660,92.595413,236.598404,117.441772
208.864655,90.779312,231.693970,115.193985
207.336502,88.427071,229.622086,112.250740
205.734009,88.659889,227.307281,111.740273
202.426788,89.314079,223.226288,111.550362
201.383591,88.305382,221.818253,110.142082
202.477814,87.265991,222.966858,109.159668
200.292999,87.148293,222.370026,110.705574
197.553543,87.537842,222.145187,113.719070
194.630280,87.777588,220.351105,115.178345
191.483978,87.108208,218.785950,116.211739
190.475479,86.791573,218.339890,116.497704
189.695251,86.581581,218.254486,117.032158
188.947586,86.118271,218.154007,117.260666
188.909424,83.840889,218.732635,115.641197
190.737350,81.656860,221.000473,113.926392
192.260513,81.306137,222.206711,113.238281
195.258041,81.338753,224.668747,112.699699
200.662766,83.073494,229.951553,114.304405
206.465088,85.659653,235.171295,116.269135
205.329086,87.356628,232.958054,116.814590
158.000000,94.000000,194.000000,132.000000
159.540878,95.327957,196.077713,133.893799
160.882492,95.107018,197.986740,134.270935
163.064987,93.377655,200.398026,132.782394
164.044434,91.085915,201.414917,130.530090
163.979965,89.790398,201.167038,129.041519
164.148285,89.212898,201.103302,128.219757
163.300720,88.838737,200.001251,127.570480
164.825821,87.979004,201.182938,126.348778
165.034195,83.866676,201.361832,122.205368
168.761917,81.148422,205.077103,119.473976
171.652695,82.462730,207.768875,120.578522
171.149445,85.612930,206.824097,123.263344
172.781555,84.689766,206.805328,120.597595
175.417114,82.919563,208.337891,117.692871
174.528336,83.767921,207.036880,118.104004
171.802902,82.592148,205.253525,117.927391
169.032104,81.771667,203.311768,117.984718
166.401764,80.881187,200.417572,116.815308
163.205872,79.623070,197.207855,115.542969
158.068466,77.749802,192.097244,113.697258
155.286957,77.230988,189.792084,113.668419
155.508148,79.036102,189.844391,115.294991
154.576843,79.748863,188.554779,115.628967
153.078598,80.321350,186.755203,115.882408
152.058014,78.862617,185.876038,114.573410
148.501907,76.348976,182.463211,112.211487
145.277390,72.602020,179.348679,108.581001
144.935257,68.844902,178.975296,104.791748
144.809296,66.482506,178.637665,102.211639
141.103256,64.662331,174.803116,100.255402
147.879486,64.300636,181.271790,99.568039
151.251236,65.969894,184.658554,101.253197
155.884796,69.297318,189.088470,104.365013
159.562103,72.513161,192.864105,107.684982
160.693344,73.261551,194.118454,108.563713
163.725723,72.875267,197.238327,108.270081
165.770935,72.500633,199.538696,108.165604
164.849335,71.954811,198.766388,107.777847
161.731934,71.279205,195.516876,106.962372
159.589035,69.015015,193.547104,104.881485
160.067184,66.849609,194.227188,102.929886
157.508469,67.357414,191.787277,103.563301
154.218933,69.937904,188.550446,106.199501
153.512222,73.622444,187.902542,109.946220
151.490692,77.081993,185.825256,113.346825
149.057175,78.715912,183.406113,114.995941
143.693054,77.519249,178.190216,113.955986
137.565781,75.836349,172.210831,112.429443
135.572968,74.064102,170.443085,110.895126
132.470459,72.611855,167.286774,109.385994
129.188614,71.364815,164.316055,108.467873
134.000000,78.000000,170.000000,116.000000
131.214462,78.425346,167.061874,116.264519
130.221725,79.004135,165.982193,116.751526
130.739349,81.230118,166.110687,118.566772
132.261002,82.038307,167.521927,119.258415
135.666382,81.852692,170.821838,118.961456
140.047043,81.407715,175.108536,118.417282
145.027802,81.705246,180.079681,118.704666
150.377625,81.718452,185.166901,118.447975
154.907272,80.278809,189.569016,116.873520
157.137115,79.797440,191.385925,115.955612
160.554565,78.296608,194.498322,114.132286
162.624954,78.944000,196.513229,114.720932
164.233185,81.822739,197.934631,117.401855
164.170837,85.799973,197.650208,121.143951
163.496033,89.220619,196.843689,124.425148
161.570724,92.001472,194.933151,127.221642
159.607330,94.336403,192.820862,129.398926
158.064285,95.515274,191.220139,130.516739
155.416122,95.424751,188.404068,130.248428
150.565292,91.794670,183.600540,126.668518
149.980042,87.511665,183.400848,122.782410
145.364746,85.857727,179.110321,121.472359
142.494247,86.400612,176.132248,121.901352
137.505539,89.696243,171.230850,125.289436
135.031586,91.140060,169.182892,127.184303
134.101074,90.727325,168.731110,127.277657
132.767471,88.377487,167.814804,125.368965
130.162521,87.814468,165.676559,125.285622
129.384201,87.264984,165.285873,125.145302
127.256119,86.909859,163.485123,125.135696
124.381905,86.080383,160.781052,124.485573
122.223183,85.985344,158.474319,124.234512
119.733711,85.279968,155.982437,123.526604
116.619621,83.380402,152.822205,121.578407
