162.000000,92.000000,214.000000,147.000000
161.549255,92.418869,213.412079,147.273926
159.548813,95.713104,210.824814,149.947495
156.411499,98.839310,207.385590,152.754364
153.892746,99.458229,204.197922,152.665024
151.239838,98.741615,200.578186,150.924698
149.826126,94.811302,198.891830,146.705383
149.093658,90.534889,197.171021,141.401108
148.058029,87.368126,195.831223,137.917755
147.631836,86.827904,195.447266,137.422394
144.525909,86.481781,192.646576,137.400589
138.117310,86.301682,186.869568,137.877869
132.719543,89.143936,181.339386,140.579620
126.901482,91.529572,175.787964,143.248230
122.955200,90.914070,171.835571,142.626236
121.952942,88.420525,171.454590,140.791992
121.859016,85.445107,171.917480,138.406799
124.090424,84.519875,174.464325,137.809387
127.014435,85.206909,177.517548,138.633240
129.545486,86.512260,179.818710,139.695175
131.154846,89.650375,181.598541,143.013809
130.925003,92.523384,181.351334,145.868439
130.744278,93.573669,181.295639,147.051102
131.760239,94.020340,182.527817,147.726715
132.239639,95.768478,182.747147,149.199478
133.530869,97.230988,183.431870,150.019821
132.963272,95.729210,183.134048,148.803986
134.768234,91.311722,184.884811,144.329102
137.666245,86.260292,187.767899,139.261871
142.570419,81.057693,193.373093,134.801529
147.476746,77.805496,198.015198,131.269577
150.922333,76.105934,202.110046,130.257446
155.091171,75.309029,206.498001,129.692291
159.079254,75.129433,210.572174,129.603760
162.078476,77.626190,213.270584,131.782349
163.038208,80.294495,214.052429,134.262512
162.170639,81.466286,212.662247,134.891571
160.843018,80.016068,211.238251,133.339325
158.753448,76.828888,209.272186,130.282913
154.846161,74.022804,205.894165,128.037231
151.303131,72.255539,202.513947,126.442177
147.479645,73.699440,198.894836,128.102264
140.761078,78.236702,192.418823,132.896072
134.382339,82.329140,186.265152,137.226547
129.986191,84.216454,182.584305,139.870422
125.676582,83.086304,179.418839,139.949188
122.613632,82.711823,176.690994,139.928421
121.034233,82.784279,175.594925,140.510574
119.434952,82.952423,173.742340,140.411606
119.277481,80.808594,173.680328,138.368454
120.359665,75.264587,174.500732,132.548401
122.289474,71.323608,176.269745,128.437851
125.618561,70.164711,179.814163,127.510231
129.304810,72.349655,183.004715,129.172440
130.928497,76.926666,184.135117,133.228760
133.173904,82.420181,186.248688,138.583099
136.442505,87.157982,189.354172,143.148712
139.815277,90.650017,193.067093,147.000168
142.496140,92.130295,195.620758,148.346191
144.973892,89.623322,198.466827,146.227982
149.218643,84.524323,202.760437,141.180542
152.693329,77.510269,206.958054,134.929581
156.534821,72.508156,211.257584,130.410477
157.044861,69.336082,212.240463,127.737030
158.734222,69.467209,213.966202,127.906471
158.629837,75.875015,213.221344,133.639511
155.352890,81.023827,209.257080,138.063492
153.701981,82.611832,207.270935,139.291428
151.804825,84.881508,204.913757,141.075516
151.918106,86.294662,204.333527,141.756638
149.556610,85.912025,201.431381,140.802750
149.615967,82.890945,201.136154,137.406631
150.887207,79.495003,202.327682,133.926392
151.407318,79.961502,202.555374,134.083618
151.646271,85.040810,202.233963,138.570236
149.748795,90.204285,199.663300,143.020920
148.007523,90.755547,197.972778,143.625977
147.013641,90.728043,196.948898,143.566681
146.154343,91.939575,195.760406,144.429276
144.938675,93.322426,194.575897,145.845139
142.885620,93.029846,192.313583,145.330734
139.037140,90.191704,188.445328,142.471634
135.240143,87.256897,184.258438,139.123566
134.107162,84.489578,183.035553,136.262726
135.361221,83.574158,183.855621,134.886734
133.838684,88.790596,181.733566,139.466949
132.889984,94.165154,180.589493,144.633926
133.918686,97.950638,181.136292,147.907379
135.148514,101.634605,182.494080,151.724640
137.386658,105.006798,184.958908,155.337677
140.324127,104.484917,188.365402,155.314148
141.730347,98.119675,190.388382,149.590836
145.597595,88.451843,194.854050,140.558075
148.667221,81.446823,199.038422,134.734665
153.565506,77.415634,204.344177,131.134918
157.641190,75.530708,208.860168,129.716187
158.778534,78.140320,209.909470,132.232666
160.351822,81.264923,211.268524,135.130661
162.261566,82.785019,213.029831,136.493591
164.264435,83.503242,214.735855,136.897507
165.644531,84.596588,215.270706,137.095871
165.961288,84.114586,214.992462,135.983170
165.888748,84.103104,214.225433,135.249435
166.079132,83.499847,214.161667,134.376480
164.308762,83.418427,211.676422,133.551010
163.262756,82.236763,210.081406,131.786041
162.469177,83.801239,209.156693,133.211014
158.396805,88.754517,204.741821,137.799927
154.651093,90.866806,200.919815,139.831070
151.538513,90.866699,197.536331,139.548553
147.939240,93.256981,193.990524,141.995789
143.428238,95.877899,189.484497,144.621887
139.385727,93.794060,185.782990,142.893570
139.365433,89.702293,186.018341,139.073746
140.457626,86.765640,187.584106,136.640915
141.333939,86.168083,188.888214,136.488983
141.143295,86.032112,188.747314,136.405869
141.551086,86.723373,189.028091,136.962173
140.176254,87.420380,187.755157,137.767441
141.130783,89.365395,188.800262,139.808685
142.329498,91.849922,190.453354,142.775970
143.012207,92.993843,191.592239,144.394684
144.956757,91.438416,194.274216,143.621811
148.201416,88.417213,198.204483,141.327362
150.420288,85.339622,201.315948,139.177368
153.420364,82.740303,205.141769,137.452347
157.994629,80.359444,210.468414,135.867279
163.298004,78.338593,216.312622,134.417862
167.615311,77.543762,220.977646,133.990067
169.865936,77.720535,223.747803,134.715240
171.343155,79.970779,225.006851,136.735199
172.535294,80.947479,226.257523,137.773666
173.105301,81.017097,226.716171,137.725754
173.489960,80.443474,226.880676,136.919754
171.913101,79.957687,224.777328,135.878235
170.919876,78.552483,223.133377,133.785477
170.761932,76.917824,222.100739,131.226608
172.852951,73.615601,223.598038,127.296410
174.968170,71.546051,225.448730,124.946785
174.138458,70.319313,224.196411,123.272583
172.063004,69.814110,221.791122,122.424622
167.568848,69.237427,217.363983,121.918968
165.454758,70.705666,215.256821,123.394547
161.724152,72.873528,211.449799,125.481415
157.952347,74.902428,207.493637,127.314911
153.974640,75.505341,203.283722,127.671684
151.835831,74.158707,200.817337,125.977821
149.899170,70.146751,198.757599,121.835251
148.006302,65.738518,196.412674,116.947281
146.085907,63.094158,194.276886,114.074341
146.001862,61.966045,194.240845,112.996201
143.410477,61.956020,191.742599,113.085022
143.839050,63.233673,192.258972,114.455856
143.436661,65.823006,192.155045,117.361931
142.848053,70.970558,191.904846,122.868599
143.111572,75.662354,192.416077,127.818008
143.533417,77.846176,193.322937,130.515930
143.737640,76.561287,194.108734,129.847504
145.195236,73.993965,196.234116,127.987259
144.965866,70.019562,197.151047,125.203255
144.317993,65.989044,197.386139,122.105690
145.665024,61.972660,199.577408,118.980438
145.597626,58.400368,199.998413,115.932739
145.725021,57.128662,200.440262,114.992645
143.872910,58.025822,198.473984,115.769402
141.840668,59.907814,196.114960,117.306786
139.996384,62.834183,194.024185,119.973221
139.140472,67.146515,192.674164,123.764511
138.645615,70.936165,191.774979,127.127357
138.635437,73.850677,191.197906,129.443481
139.785309,75.545639,191.620026,130.369492
138.644318,73.989136,189.883392,128.182983
139.476913,70.145775,190.305649,123.905617
139.904465,66.173317,190.191818,119.359932
139.127472,62.804214,188.969055,115.518845
138.227264,60.689354,187.175446,112.456963
137.901108,59.335167,186.186264,110.399147
137.110962,59.809219,184.797516,110.237961
138.756516,62.356522,186.031998,112.348495
140.902283,65.438972,187.664307,114.896111
142.833771,66.928352,189.403748,116.181190
142.566223,69.285446,189.062897,118.460312
141.511902,72.292702,187.877228,121.327843
138.387985,74.008041,184.907639,123.207382
135.398972,75.792755,181.809402,124.875916
131.998535,76.021980,178.487610,125.188805
128.120575,74.022499,174.656036,123.238670
126.644196,72.247292,173.030060,121.304314
124.114067,70.464233,170.406158,119.421494
121.566772,69.252335,167.809113,118.157730
118.614258,69.402740,164.679016,118.123001
118.778915,69.314445,164.686630,117.870979
119.658638,70.111725,165.714844,118.826431
121.654831,70.128563,167.696793,118.828423
125.648369,68.488213,171.830582,117.334282
129.957428,63.722404,176.548462,112.994698
133.993256,59.592091,180.885040,109.184334
134.623688,56.845116,181.811157,106.751930
135.194550,51.268147,182.677856,101.483131
140.896500,52.925224,188.313736,103.070000
146.364120,56.562401,194.092819,107.038094
148.938309,60.451630,196.621994,110.879501
153.743484,62.013939,201.498978,112.518120
157.914093,64.143684,205.853333,114.843102
159.920609,63.585838,207.896835,114.324562
162.688690,64.061623,210.750763,114.891563
163.821304,64.944229,211.897232,115.788589
165.217834,67.877365,213.183228,118.606689
167.784271,71.330795,216.023346,122.350922
169.231491,73.322433,217.833298,124.727509
170.848068,74.510315,220.133804,126.641190
171.749100,74.933395,221.807419,127.883224
171.268921,75.518112,222.185181,129.359512
168.733521,74.609749,220.579315,129.435333
163.232422,72.612236,215.862305,128.267151
159.078995,73.765198,212.544662,130.303207
154.098465,72.916054,208.463364,130.403244
149.342941,72.456131,204.404953,130.678467
143.121109,71.151512,199.022812,130.258530
140.875443,69.577744,197.813553,129.795181
138.172424,68.665695,195.840912,129.664764
135.498688,67.914970,194.088654,129.883194
135.936996,69.164032,195.208298,131.848221
137.841553,72.807999,197.788055,136.201172
139.545853,75.708954,200.069321,139.717575
144.082291,77.524780,205.345078,142.321198
148.447571,78.569588,210.013763,143.684097
153.541138,78.586395,215.656982,144.286026
159.169189,78.587410,221.386902,144.393753
164.288818,77.712662,226.571136,143.586670
168.193375,78.095657,230.084641,143.559998
171.395813,77.549400,232.537842,142.216171
174.390411,76.808876,234.585205,140.482574
176.878860,77.390244,236.228012,140.176727
177.355148,80.370369,235.654343,142.054382
175.255585,83.063057,232.455170,143.591553
174.463409,85.961372,230.731628,145.510330
172.630661,88.374481,228.207748,147.195938
171.601120,89.149803,226.347763,147.096329
171.293549,90.035698,225.394348,147.301163
171.851440,89.895294,225.260773,146.431580
172.529388,89.466957,225.472412,145.511032
173.679138,88.377762,226.177643,143.943771
176.997726,87.613274,229.491409,143.174194
179.328247,87.579590,231.950073,143.275925
180.274170,87.605217,233.020691,143.433304
183.225418,89.632675,236.352310,145.862671
183.090118,91.265251,236.688416,147.992844
183.474472,92.207596,237.845261,149.750595
183.112457,92.018150,238.307373,150.430237
181.556870,91.480751,237.466385,150.645737
177.106644,88.629028,233.572830,148.390442
173.587006,83.616463,230.982330,144.355927
171.841217,80.459679,229.792999,141.784393
169.242905,77.279732,227.426956,138.852753
168.242813,74.192116,226.437607,135.776428
166.179291,71.054688,224.087402,132.337738
166.501480,69.304901,224.428604,130.608276
166.340118,69.689354,224.351959,131.083282
166.347824,73.518356,224.425064,134.981018
164.825943,80.589439,223.062271,142.219299
165.136856,86.718010,223.393143,148.368866
167.224945,89.879555,225.624908,151.681381
169.055634,88.942673,227.873962,151.184143
171.192490,85.159225,230.433395,147.851913
173.532349,79.216026,233.285034,142.446075
174.721527,73.937103,234.810059,137.525375
176.992645,70.730957,237.105072,134.344315
177.002213,68.774475,237.067307,132.338181
176.322189,66.488754,236.248337,129.906677
174.970261,66.028854,234.522537,129.048004
173.917801,69.546707,232.969650,132.032074
172.716675,72.793686,231.432861,134.926605
172.343338,76.171486,230.824753,138.053741
171.771057,77.328430,230.215027,139.171326
167.303986,77.254044,225.836395,139.189880
161.105087,75.720345,219.648148,137.667374
155.474457,74.242401,213.870941,136.035385
150.070557,71.867477,208.264008,133.447113
144.701904,66.610977,203.252808,128.566254
136.018860,61.942886,194.639160,123.971085
131.247162,60.303078,190.054718,122.531227
127.262955,60.176590,186.033279,122.364975
125.746971,61.881531,184.899857,124.478409
123.535553,66.285278,182.755264,128.952316
123.393120,72.356895,182.795792,135.216049
122.640022,77.314064,182.274963,140.417099
123.169556,79.103775,183.057861,142.477066
125.748657,77.990036,186.111603,141.869598
131.359436,78.867935,192.282623,143.335312
136.513428,78.033684,197.588806,142.663239
141.890594,75.901627,203.390594,140.976334
149.738983,74.219345,211.483185,139.554001
150.762360,73.760704,212.394989,138.976593
149.781570,72.892235,211.495560,138.194717
146.028976,72.000282,207.708054,137.265594
141.290176,72.267494,203.336655,137.923904
135.235306,72.176697,197.862411,138.441406
128.569595,73.701988,191.807083,140.615829
120.357788,73.535591,184.463470,141.358307
112.269638,72.099396,177.122787,140.704056
105.261978,68.478065,170.785629,137.794479
98.400276,62.769890,164.457230,132.651917
91.726418,57.013485,157.984360,127.105499
86.809029,53.808704,152.509506,123.309959
86.286514,53.267979,151.654861,122.416969
85.316383,54.774471,150.658524,123.895676
84.939651,60.887123,150.134674,129.852295
83.357147,67.921783,148.442886,136.772705
81.469742,73.184959,146.191345,141.655212
78.294495,76.880989,142.812103,145.134705
72.372643,78.585632,136.819244,146.763977
66.151787,77.778961,130.229309,145.565506
60.256855,76.168373,124.007469,143.612915
54.973991,71.994041,118.226463,138.909317
56.004219,68.357376,118.846504,134.843246
56.608685,64.391319,119.065163,130.466873
59.366344,64.341858,121.280510,129.840668
64.491089,65.002869,125.866676,129.928360
69.760658,69.264412,130.310059,133.323746
72.087440,73.223381,132.027039,136.632935
73.177818,76.105865,132.759552,139.133698
78.018578,78.099503,137.061127,140.552200
82.141281,80.557220,140.781631,142.587616
86.868767,81.155556,145.362900,143.029816
91.676056,78.071220,150.224915,140.002991
96.232681,73.317039,155.068283,135.550140
100.371895,64.547386,160.004288,127.631302
108.374825,56.990032,168.913834,121.041016
116.918152,52.442814,178.192017,117.276848
124.182770,52.878803,185.834381,118.108864
128.831467,57.459770,190.882797,123.115341
129.943344,60.658772,192.390060,126.728569
131.757141,62.727406,194.613159,129.232513
133.044418,63.279507,196.443039,130.361649
134.712402,64.854706,198.795410,132.664032
134.080994,64.746941,198.979828,133.409744
132.955322,63.055878,198.285553,132.176636
134.599625,60.973907,200.283340,130.469574
135.333359,59.259060,200.861130,128.589325
134.495377,56.522743,199.942490,125.767479
136.056580,56.286526,201.583588,125.616005
134.959122,58.314213,200.322281,127.469910
135.206955,59.325508,200.440872,128.344116
135.148315,61.134388,200.380920,130.151627
134.551117,61.795223,199.689301,130.712311
135.159302,62.431271,200.082031,131.123093
135.691223,62.753242,200.333160,131.146973
138.435867,61.905972,202.433487,129.615707
140.830811,58.283840,204.190613,125.315903
144.233215,53.744434,207.010895,120.157982
149.679779,51.332008,211.857483,117.107475
153.055527,50.927002,214.679672,116.122543
155.905914,57.059032,216.653229,121.321167
155.999329,65.006577,216.049652,128.526001
154.674866,71.527748,214.133301,134.426163
155.113525,76.322159,214.026428,138.647766
154.357956,78.207031,212.743729,139.969772
151.018311,74.558708,208.976196,135.871796
150.591568,68.763229,207.958511,129.444626
155.159439,63.872360,211.933334,123.930038
161.348434,60.851406,217.450729,120.190353
166.585785,63.174240,221.699066,121.472122
166.741318,66.298943,220.564651,123.237785
166.677231,71.279678,219.296524,126.947601
162.571289,74.278419,214.192261,128.891525
155.716721,76.482758,206.444870,130.151520
150.025009,76.149673,200.001511,129.022568
143.921555,76.129517,193.333328,128.403778
136.046280,71.526154,184.976944,123.290436
131.829758,67.448479,180.649551,119.095100
130.315216,61.477692,179.276398,113.274353
133.262589,59.713104,182.469742,111.770782
134.160248,61.717838,183.545898,113.964729
133.401978,63.900696,183.041931,116.417145
133.569992,66.717125,183.207626,119.231133
133.949677,69.354149,183.369476,121.637245
132.597748,70.113556,181.893250,122.264893
129.958923,71.417198,179.076782,123.380257
127.423820,72.130951,176.361984,123.907120
124.750381,69.497307,173.470551,121.042137
127.923775,65.850922,176.860886,117.625977
131.233246,63.985096,180.103210,115.688904
134.577194,62.755497,183.609695,114.631805
144.181778,67.257660,193.253677,119.174927
148.622864,70.495865,197.840759,122.564972
154.265244,70.494995,203.808701,122.909210
162.058350,67.804245,211.888000,120.521835
166.392715,65.981979,216.345993,118.830612
169.878296,63.987095,219.788696,116.790291
171.808029,63.436062,221.248276,115.740906
173.832657,63.064896,222.474716,114.523666
173.890610,59.654251,221.825577,110.362656
175.329269,56.555832,222.697769,106.662361
176.250351,55.233189,222.932144,104.610085
175.109375,55.398708,221.060944,103.998756
175.215515,57.483528,220.620087,105.500908
178.342957,64.465919,223.138611,111.834679
175.551758,71.495880,220.007202,118.501755
172.072586,76.014572,215.994583,122.451431
167.781601,78.418503,211.687027,124.837662
161.629532,77.783913,205.514084,124.180763
155.890961,74.204704,199.905304,120.740196
154.879364,70.033180,199.429382,117.128166
158.807419,64.443436,203.796494,112.006744
160.248413,63.723846,205.197235,111.244232
161.073029,65.792534,205.849121,113.128654
160.595184,69.582878,204.893311,116.409172
161.903488,74.052170,205.440079,120.083084
162.444473,76.881737,205.523026,122.423378
161.494003,78.881042,204.473892,124.319519
161.845154,81.773186,204.372253,126.727287
162.236923,83.852600,204.073135,128.083679
164.378372,84.135170,205.683487,127.797203
166.358566,79.665260,207.227280,122.870110
165.646118,75.966988,205.948334,118.563866
169.157791,75.503349,209.048599,117.668755
171.945343,79.232765,211.338287,120.862984
171.420135,83.748184,210.021027,124.546738
169.217850,86.743782,207.098923,126.785591
165.702621,88.846947,203.311417,128.595001
161.673981,89.531364,199.075592,129.061340
159.918900,88.614166,196.823135,127.620598
159.271042,87.559708,195.616440,125.961983
156.498764,84.877861,192.420425,122.833481
152.921310,82.870842,188.185684,120.132645
147.915756,80.944115,182.667892,117.665237
145.237289,79.883896,180.011215,116.628059
141.658325,75.271072,176.426575,112.009239
140.238647,68.508270,175.272858,105.527580
138.452835,68.116226,173.707321,105.368034
135.761383,72.262497,170.991241,109.488304
135.951645,74.555397,171.221115,111.823029
136.088776,75.479256,171.554993,112.954575
133.647995,78.801018,169.298660,116.471039
131.832657,80.862206,167.558640,118.611725
131.023270,81.391617,166.547440,118.928108
129.143829,81.126747,164.912415,118.921219
132.330505,79.960594,168.267975,117.933334
138.326324,80.285873,174.263672,118.258492
144.630768,80.825294,180.686859,118.923248
151.438950,81.105385,187.554062,119.265564
156.782791,80.857071,192.856155,118.973244
160.267838,80.525383,196.303177,118.601471
162.013931,82.436478,197.759109,120.206718
160.698959,84.931671,195.888412,122.115334
161.734070,84.438004,196.283569,120.946159
165.579910,81.803673,199.814041,117.978424
164.118896,81.161224,197.810303,116.762245
163.321701,81.328453,196.192886,116.061005
158.721085,80.107544,189.855881,112.998451
153.977509,77.021057,183.934448,108.697304
156.064529,78.283676,184.413040,108.244255
152.892899,82.587692,179.645004,110.896797
152.193588,85.470261,177.787979,112.535912
151.476288,88.345451,176.028320,114.288544
150.432877,89.245598,174.099960,114.268341
155.630783,91.098274,178.536057,115.295715
157.812286,91.985962,180.256836,115.682625
160.099152,92.622429,182.044983,115.798706
161.309891,93.950569,183.108200,116.965897
163.227890,94.470032,184.934982,117.385841
162.327347,93.738487,184.091995,116.714462
162.806305,93.582878,184.913818,116.917297
161.750549,93.471375,184.146912,117.107201
152.554779,91.426903,175.965363,116.121048
146.363556,89.316116,170.420898,114.683983
141.473083,87.888824,166.933868,114.716270
139.443924,87.822151,165.471085,115.237747
136.011856,86.296562,162.740463,114.439575
135.341507,85.929466,162.832230,114.891037
133.578857,84.253983,161.972839,114.151085
133.367416,83.449020,162.757584,114.376663
134.695251,80.577240,164.842102,112.286789
137.445831,79.020020,168.402557,111.565567
138.897812,77.243919,170.599899,110.582939
140.882965,76.754539,173.160217,110.704674
143.073669,76.060471,176.074860,110.756470
143.830276,75.575661,177.429703,110.887489
143.159805,76.253067,177.220932,112.053757
139.358826,75.957237,173.888916,112.240288
139.237915,74.265564,174.220612,111.027069
139.214828,72.452744,174.782211,109.832336
139.672577,71.537407,175.669159,109.370049
140.231995,70.412018,176.692657,108.734512
141.777817,69.378723,178.489761,107.966095
141.465317,68.009468,178.455429,106.890053
144.844040,66.527214,182.168869,105.760612
146.150726,64.678230,184.065521,104.532646
146.464752,63.161293,185.086884,103.760262
139.823456,60.012157,179.458099,101.675568
139.383347,59.197113,179.584824,101.455688
137.730499,60.551395,178.196198,103.087074
132.768036,61.359089,173.898773,104.592232
131.414566,63.664413,173.217636,107.601898
127.167068,62.082794,169.629013,106.710526
129.719772,63.026539,172.827133,108.329712
129.855438,60.482395,173.811554,106.672913
135.667603,58.412121,180.307312,105.332848
138.781357,53.655354,184.298203,101.492188
142.211075,50.680161,188.429062,99.248627
147.103867,50.884377,194.060501,100.222939
151.661926,52.740692,199.135437,102.629128
153.294556,54.201134,200.911591,104.239075
157.646286,54.888180,205.374466,105.044220
160.325958,53.618023,207.997162,103.713547
159.677826,49.229080,207.424255,99.404518
160.962997,46.181683,208.657852,96.302330
163.961395,44.660973,211.445831,94.558044
168.056442,45.037941,215.380325,94.767761
165.638428,48.940540,212.474792,98.162529
165.209244,55.098042,211.634232,103.882378
162.181381,59.874508,208.260880,108.298660
155.074570,63.148563,200.957779,111.368065
147.931580,65.113419,193.800781,113.317993
141.521973,65.630493,187.489655,113.939957
133.799866,63.262001,180.028595,111.849541
133.599319,63.970207,180.307175,113.057259
130.620621,61.377956,177.845444,111.014984
129.318695,56.875778,176.985107,106.972786
132.287415,57.637226,180.249207,108.048073
134.864624,59.331741,183.124542,110.059349
137.904037,59.881939,186.447708,110.904884
142.215866,62.254257,191.030685,113.564949
144.096756,64.984177,193.338974,116.748428
146.808060,68.377808,196.332169,120.435242
151.265289,71.242805,201.492371,124.045387
153.369537,72.275734,204.241089,125.748055
155.488586,69.483238,207.218536,123.864464
159.372665,59.718952,215.886337,119.159874
158.529846,57.781498,215.436310,117.635887
155.595779,50.284805,212.547623,110.186958
155.282639,45.326900,212.331894,105.331612
155.326370,40.988747,212.363449,100.980659
150.929825,35.285793,208.058731,95.372696
149.491196,38.030998,206.163467,97.637642
144.412949,42.229099,200.545151,101.267250
139.515579,44.525612,195.104477,102.991867
136.917770,44.820732,192.028000,102.782684
137.025940,46.081127,191.451172,103.333633
137.512253,46.779068,191.016464,103.060326
135.953674,48.266048,188.737732,103.787148
134.433319,49.206238,186.452545,103.919205
133.583603,49.162876,184.773422,103.015129
135.793732,47.073143,186.429016,100.349525
138.655289,48.440044,188.847061,101.246834
140.271622,51.984688,190.272934,104.593559
142.090149,56.667099,191.909363,109.086731
142.254807,61.442440,192.345932,114.150291
141.314224,64.836868,191.602798,117.749916
142.368256,67.520462,192.890839,120.676674
139.426788,66.210907,190.252838,119.688423
140.724930,59.579929,192.241684,113.788773
143.398804,50.564007,195.748016,105.653343
146.995117,45.204720,199.817139,100.793640
149.573196,48.385536,202.375931,103.954071
151.635635,53.231041,204.302353,108.655869
151.643158,58.227928,204.165070,113.499771
150.181412,60.305107,202.474533,115.335220
148.777100,62.034355,200.924683,116.910706
148.146194,63.646538,199.844589,118.056763
147.422379,64.921104,198.506058,118.681137
147.882187,62.721107,198.506882,116.004501
150.279388,62.837879,200.228088,115.405502
150.847015,63.630890,200.008606,115.364174
145.752274,62.190777,194.347702,113.335251
141.454666,63.261337,189.555649,113.881081
138.940140,64.348595,186.595444,114.504471
134.521332,64.275917,181.854553,114.089584
128.262268,63.409985,175.434692,113.056152
123.754440,62.159920,170.774765,111.647652
118.680954,61.287781,165.775223,110.852539
114.529968,61.234741,161.698822,110.877197
117.729836,60.396145,165.116425,110.265404
118.891556,57.844204,166.471863,107.915245
120.236046,52.787422,168.237610,103.306046
124.518585,53.051910,172.778549,103.839485
127.321587,57.504841,175.580460,108.291283
130.256790,63.952965,178.262650,114.476051
134.434158,69.125328,182.084000,119.277855
141.062866,70.343742,188.384369,120.147392
148.299271,67.860832,195.127487,117.150658
152.982849,63.998371,199.422150,112.874443
156.188599,59.401039,202.485809,108.128975
159.611404,56.251072,205.798996,104.864738
162.268738,53.420338,208.418518,101.994591
163.932877,52.357849,210.129227,100.980667
164.314056,53.397171,210.403259,101.908279
163.315918,54.450043,209.450104,103.008057
162.981812,56.264690,209.115021,104.821701
162.543793,58.728653,208.722992,107.333603
158.141403,60.910137,204.678024,109.887733
155.194855,61.853107,201.732269,110.831528
155.054565,61.829445,201.774963,110.998634
151.284515,61.368435,198.413971,110.972801
151.586700,58.783844,198.799194,108.474709
151.198685,56.620003,198.879715,106.798935
150.941528,56.087196,199.024597,106.693283
150.294189,57.264786,199.077576,108.599770
150.002594,57.485508,199.286713,109.351875
149.895691,58.400349,199.499786,110.599480
152.260544,59.160042,201.986923,111.488808
155.093826,60.302132,204.445602,112.233833
155.412766,60.707478,204.305527,112.161804
154.882263,62.002018,203.237488,112.885910
156.965622,63.511890,204.847427,113.903030
155.230682,66.158615,202.668335,116.077835
150.560776,71.280174,197.553207,120.735603
150.673920,76.047096,197.484436,125.308983
152.194382,79.436485,198.841141,128.524170
152.192429,83.209572,198.847244,132.305832
149.410324,85.098335,196.098099,134.229660
145.831741,83.489204,192.748032,132.863632
146.319839,80.929993,193.394333,130.472733
148.150345,79.454018,195.413101,129.192871
145.287491,76.996017,192.736282,126.928658
146.802963,73.074966,194.354294,123.114418
149.472717,71.995605,197.108429,122.124718
152.344986,72.313896,199.937881,122.397507
156.213455,73.126717,203.672318,123.067917
159.504318,73.989494,206.707809,123.664688
161.046387,74.437241,208.023193,123.876305
164.095657,74.691475,210.890060,123.936493
166.265045,73.502411,212.885620,122.562492
166.722076,69.130768,213.217896,118.058113
166.095444,67.353279,212.522263,116.208694
162.807129,65.356354,209.142151,114.116051
158.584213,62.683598,205.103867,111.635773
154.055283,63.416985,200.571060,112.365120
148.405243,66.560188,195.102448,115.697487
143.427673,69.174080,190.215088,118.407341
138.742676,70.596481,185.624695,119.930389
135.465408,72.654465,182.363480,122.005463
130.685562,73.862503,177.555954,123.184052
126.367126,74.387032,173.143494,123.608559
126.405190,74.547142,172.774811,123.335960
123.188957,72.153488,169.240067,120.610245
124.125183,67.946716,169.876083,116.090485
126.753471,66.715279,172.394623,114.742134
129.187881,68.518929,174.412491,116.102074
131.382111,73.197983,176.108887,120.261658
135.421371,77.909256,179.623734,124.413544
141.290436,83.591530,184.877960,129.453659
146.358353,87.188042,189.517380,132.602203
152.306320,87.325821,195.082291,132.339493
155.544754,85.475220,198.145126,130.301056
161.942764,82.339478,204.676682,127.305069
169.046265,80.056496,211.657593,124.893791
172.508286,81.017578,215.044296,125.776062
175.608505,83.862244,217.951859,128.419113
177.775818,88.010345,220.103027,132.550323
178.239624,90.990417,220.359772,135.313705
175.917419,92.280342,217.817963,136.373810
172.182602,91.328773,213.976822,135.308350
167.745377,89.420700,209.305313,133.154831
166.041458,86.921219,207.513870,130.563644
164.289734,86.971519,205.601410,130.445557
160.915833,87.577415,202.090759,130.908203
159.785294,86.995407,200.861465,130.222748
160.792267,86.271782,201.987610,129.623978
159.080185,86.440590,200.472275,129.998901
157.020660,87.443993,198.699615,131.302841
154.502258,87.968796,196.347443,132.001770
151.793976,87.703918,193.842468,131.954727
150.992020,87.508858,193.059647,131.779694
150.525879,87.707588,192.626068,132.012497
150.173615,87.632401,192.186462,131.845901
150.350021,85.912010,191.974564,129.719162
152.076447,84.007248,193.647003,127.757851
154.060562,83.131294,195.658188,126.910263
157.188141,82.535439,198.967896,126.505219
162.438721,84.281601,204.365723,128.405655
167.662247,86.778160,209.735611,131.059036
171.380966,89.976250,213.510208,134.315598
173.294876,92.152100,215.916397,137.006638
175.134659,93.476799,218.322098,138.923569
176.775116,93.278183,220.387939,139.169693
179.070267,91.499886,222.942093,137.662186
179.815689,88.924881,224.055618,135.480377
179.554352,87.471588,223.896851,134.134216
179.523102,86.627502,223.880341,133.305527
178.516769,86.066566,222.733170,132.597504
179.865295,85.193535,223.746307,131.374176
180.042084,80.892227,224.069336,127.229088
182.000000,80.000000,212.000000,112.000000
184.754898,81.148277,214.906723,113.309898
184.111343,84.268799,214.188736,116.351181
185.363983,87.597252,215.272552,119.499916
189.158310,91.309822,216.423050,120.392418
188.567490,92.611496,215.617569,121.464096
186.179718,91.901047,213.414825,120.945267
183.712799,91.423180,211.585297,121.150322
180.743286,90.144592,208.662445,119.921753
177.391113,88.780380,205.138733,118.373749
171.829254,86.787338,199.625427,116.432724
169.404770,86.316154,197.518295,116.301552
169.579208,88.123978,197.525742,117.936630
168.510406,88.483604,196.321991,118.151680
166.838959,88.557320,194.674866,118.251472
165.689438,86.846283,193.747269,116.778229
161.673737,84.573624,190.333801,115.128571
158.483292,81.117752,186.841446,111.349976
157.836578,77.298676,186.347107,107.693787
157.279526,74.670860,185.643204,104.909004
153.555191,73.002937,181.573807,102.872200
160.103668,72.332474,187.998169,102.073334
163.584320,73.910896,191.263397,103.420952
168.191238,76.945442,195.794571,106.374336
172.060638,80.240517,199.430298,109.419044
173.272049,80.992271,200.650711,110.180443
176.350906,80.658112,203.807816,109.930115
178.565231,80.330307,206.036118,109.617279
177.668518,79.928818,205.030548,109.099136
174.541550,79.236893,201.715591,108.205780
172.500092,76.937538,199.632507,105.863319
173.063721,74.688492,200.182526,103.600159
170.604446,75.234192,197.670242,104.090958
167.347336,77.930290,194.260971,106.629463
166.731628,81.647667,193.629486,110.329887
164.687973,85.139381,191.558365,113.792107
162.338745,86.666847,189.221741,115.333122
157.073654,84.979553,183.952408,113.641251
151.102814,82.960609,177.837250,111.467308
149.309372,81.075760,175.938187,109.469009
146.164383,79.312950,172.775528,107.687202
142.000000,68.000000,194.000000,123.000000
140.912216,67.344521,192.792740,122.218269
138.069153,67.887321,189.637268,122.430626
137.180588,68.652252,188.449600,122.879196
137.601151,71.268150,188.417679,125.016502
139.076157,72.152130,189.723312,125.721130
142.424469,72.032463,192.888397,125.407448
146.843903,71.679810,197.201630,124.942352
152.071915,72.290161,202.218307,125.328949
157.267242,72.125847,207.519653,125.276894
161.852478,70.756516,211.915344,123.706863
163.954941,70.289040,213.689896,122.898613
167.378067,68.885216,216.803543,121.166740
169.450760,69.630058,218.651932,121.673820
170.979355,72.500130,219.950516,124.300087
170.837036,76.503166,219.612976,128.095932
170.136765,80.032677,218.779099,131.483658
168.235703,82.910980,216.782883,134.260971
166.178024,85.227386,214.614487,136.459885
164.508087,86.340744,212.983032,137.614075
161.879166,86.272758,210.281540,137.469070
157.188568,82.643776,205.676025,133.930374
156.788986,78.443100,205.431137,129.893845
152.160904,76.518814,201.101822,128.286606
149.316055,76.964493,198.354630,128.835922
144.350311,80.272911,193.423462,132.180298
142.144302,81.930489,191.300766,133.924515
141.369278,81.594650,190.961594,134.041946
140.169601,79.235962,190.056381,131.995392
137.762207,78.633125,188.069183,131.837952
137.020233,78.108482,187.774170,131.786575
134.943787,77.736679,186.085510,131.825348
131.993179,76.759979,183.519516,131.255447
129.667297,76.414169,181.351898,131.077011
127.189827,75.711319,178.881165,130.381271
123.954178,73.629654,175.867935,128.534866
