162.000000,92.000000,214.000000,147.000000
161.549255,92.418869,213.412079,147.273926
159.548813,95.713104,210.824814,149.947495
156.411499,98.839310,207.385590,152.754364
153.892746,99.458229,204.197922,152.665024
151.239838,98.741615,200.578186,150.924698
149.826126,94.811302,198.891830,146.705383
149.093658,90.534889,197.171021,141.401108
148.058029,87.368126,195.831223,137.917755
147.631836,86.827904,195.447266,137.422394
144.525909,86.481781,192.646576,137.400589
138.117310,86.301682,186.869568,137.877869
132.719543,89.143936,181.339386,140.579620
126.901482,91.529572,175.787964,143.248230
122.955200,90.914070,171.835571,142.626236
121.952942,88.420525,171.454590,140.791992
121.859016,85.445107,171.917480,138.406799
124.090424,84.519875,174.464325,137.809387
127.014435,85.206909,177.517548,138.633240
129.545486,86.512260,179.818710,139.695175
131.154846,89.650375,181.598541,143.013809
130.925003,92.523384,181.351334,145.868439
130.744278,93.573669,181.295639,147.051102
131.760239,94.020340,182.527817,147.726715
132.239639,95.768478,182.747147,149.199478
133.530869,97.230988,183.431870,150.019821
132.963272,95.729210,183.134048,148.803986
134.768234,91.311722,184.884811,144.329102
137.666245,86.260292,187.767899,139.261871
142.570419,81.057693,193.373093,134.801529
147.476746,77.805496,198.015198,131.269577
150.922333,76.105934,202.110046,130.257446
155.091171,75.309029,206.498001,129.692291
159.079254,75.129433,210.572174,129.603760
162.078476,77.626190,213.270584,131.782349
163.038208,80.294495,214.052429,134.262512
162.170639,81.466286,212.662247,134.891571
160.843018,80.016068,211.238251,133.339325
158.753448,76.828888,209.272186,130.282913
154.846161,74.022804,205.894165,128.037231
151.303131,72.255539,202.513947,126.442177
147.479645,73.699440,198.894836,128.102264
140.761078,78.236702,192.418823,132.896072
134.382339,82.329140,186.265152,137.226547
129.986191,84.216454,182.584305,139.870422
125.676582,83.086304,179.418839,139.949188
122.613632,82.711823,176.690994,139.928421
121.034233,82.784279,175.594925,140.510574
119.434952,82.952423,173.742340,140.411606
119.277481,80.808594,173.680328,138.368454
120.359665,75.264587,174.500732,132.548401
122.289474,71.323608,176.269745,128.437851
125.618561,70.164711,179.814163,127.510231
129.304810,72.349655,183.004715,129.172440
130.928497,76.926666,184.135117,133.228760
133.173904,82.420181,186.248688,138.583099
136.442505,87.157982,189.354172,143.148712
139.815277,90.650017,193.067093,147.000168
142.496140,92.130295,195.620758,148.346191
144.973892,89.623322,198.466827,146.227982
149.218643,84.524323,202.760437,141.180542
152.693329,77.510269,206.958054,134.929581
156.534821,72.508156,211.257584,130.410477
157.044861,69.336082,212.240463,127.737030
158.734222,69.467209,213.966202,127.906471
158.629837,75.875015,213.221344,133.639511
155.352890,81.023827,209.257080,138.063492
153.701981,82.611832,207.270935,139.291428
151.804825,84.881508,204.913757,141.075516
151.918106,86.294662,204.333527,141.756638
149.556610,85.912025,201.431381,140.802750
149.615967,82.890945,201.136154,137.406631
150.887207,79.495003,202.327682,133.926392
151.407318,79.961502,202.555374,134.083618
151.646271,85.040810,202.233963,138.570236
149.748795,90.204285,199.663300,143.020920
148.007523,90.755547,197.972778,143.625977
147.013641,90.728043,196.948898,143.566681
146.154343,91.939575,195.760406,144.429276
144.938675,93.322426,194.575897,145.845139
142.885620,93.029846,192.313583,145.330734
139.037140,90.191704,188.445328,142.471634
135.240143,87.256897,184.258438,139.123566
134.107162,84.489578,183.035553,136.262726
135.361221,83.574158,183.855621,134.886734
133.838684,88.790596,181.733566,139.466949
132.889984,94.165154,180.589493,144.633926
133.918686,97.950638,181.136292,147.907379
135.148514,101.634605,182.494080,151.724640
137.386658,105.006798,184.958908,155.337677
140.324127,104.484917,188.365402,155.314148
141.730347,98.119675,190.388382,149.590836
145.597595,88.451843,194.854050,140.558075
148.667221,81.446823,199.038422,134.734665
153.565506,77.415634,204.344177,131.134918
157.641190,75.530708,208.860168,129.716187
158.778534,78.140320,209.909470,132.232666
160.351822,81.264923,211.268524,135.130661
162.261566,82.785019,213.029831,136.493591
164.264435,83.503242,214.735855,136.897507
165.644531,84.596588,215.270706,137.095871
165.961288,84.114586,214.992462,135.983170
165.888748,84.103104,214.225433,135.249435
166.079132,83.499847,214.161667,134.376480
164.308762,83.418427,211.676422,133.551010
163.262756,82.236763,210.081406,131.786041
162.469177,83.801239,209.156693,133.211014
158.396805,88.754517,204.741821,137.799927
154.651093,90.866806,200.919815,139.831070
151.538513,90.866699,197.536331,139.548553
147.939240,93.256981,193.990524,141.995789
143.428238,95.877899,189.484497,144.621887
139.385727,93.794060,185.782990,142.893570
139.365433,89.702293,186.018341,139.073746
140.457626,86.765640,187.584106,136.640915
141.333939,86.168083,188.888214,136.488983
141.143295,86.032112,188.747314,136.405869
141.551086,86.723373,189.028091,136.962173
140.176254,87.420380,187.755157,137.767441
141.130783,89.365395,188.800262,139.808685
142.329498,91.849922,190.453354,142.775970
143.012207,92.993843,191.592239,144.394684
144.956757,91.438416,194.274216,143.621811
148.201416,88.417213,198.204483,141.327362
150.420288,85.339622,201.315948,139.177368
153.420364,82.740303,205.141769,137.452347
157.994629,80.359444,210.468414,135.867279
163.298004,78.338593,216.312622,134.417862
167.615311,77.543762,220.977646,133.990067
169.865936,77.720535,223.747803,134.715240
171.343155,79.970779,225.006851,136.735199
172.535294,80.947479,226.257523,137.773666
173.105301,81.017097,226.716171,137.725754
173.489960,80.443474,226.880676,136.919754
171.913101,79.957687,224.777328,135.878235
170.919876,78.552483,223.133377,133.785477
170.761932,76.917824,222.100739,131.226608
172.852951,73.615601,223.598038,127.296410
174.968170,71.546051,225.448730,124.946785
174.138458,70.319313,224.196411,123.272583
172.063004,69.814110,221.791122,122.424622
167.568848,69.237427,217.363983,121.918968
165.454758,70.705666,215.256821,123.394547
161.724152,72.873528,211.449799,125.481415
157.952347,74.902428,207.493637,127.314911
153.974640,75.505341,203.283722,127.671684
151.835831,74.158707,200.817337,125.977821
149.899170,70.146751,198.757599,121.835251
148.006302,65.738518,196.412674,116.947281
146.085907,63.094158,194.276886,114.074341
146.001862,61.966045,194.240845,112.996201
143.410477,61.956020,191.742599,113.085022
143.839050,63.233673,192.258972,114.455856
143.436661,65.823006,192.155045,117.361931
142.848053,70.970558,191.904846,122.868599
143.111572,75.662354,192.416077,127.818008
143.533417,77.846176,193.322937,130.515930
143.737640,76.561287,194.108734,129.847504
145.195236,73.993965,196.234116,127.987259
144.965866,70.019562,197.151047,125.203255
144.317993,65.989044,197.386139,122.105690
145.665024,61.972660,199.577408,118.980438
145.597626,58.400368,199.998413,115.932739
145.725021,57.128662,200.440262,114.992645
143.872910,58.025822,198.473984,115.769402
141.840668,59.907814,196.114960,117.306786
139.996384,62.834183,194.024185,119.973221
139.140472,67.146515,192.674164,123.764511
138.645615,70.936165,191.774979,127.127357
138.635437,73.850677,191.197906,129.443481
139.785309,75.545639,191.620026,130.369492
138.644318,73.989136,189.883392,128.182983
139.476913,70.145775,190.305649,123.905617
139.904465,66.173317,190.191818,119.359932
139.127472,62.804214,188.969055,115.518845
138.227264,60.689354,187.175446,112.456963
137.901108,59.335167,186.186264,110.399147
137.110962,59.809219,184.797516,110.237961
138.756516,62.356522,186.031998,112.348495
140.902283,65.438972,187.664307,114.896111
142.833771,66.928352,189.403748,116.181190
142.566223,69.285446,189.062897,118.460312
141.511902,72.292702,187.877228,121.327843
138.387985,74.008041,184.907639,123.207382
135.398972,75.792755,181.809402,124.875916
131.998535,76.021980,178.487610,125.188805
128.120575,74.022499,174.656036,123.238670
126.644196,72.247292,173.030060,121.304314
124.114067,70.464233,170.406158,119.421494
121.566772,69.252335,167.809113,118.157730
118.614258,69.402740,164.679016,118.123001
118.778915,69.314445,164.686630,117.870979
119.658638,70.111725,165.714844,118.826431
121.654831,70.128563,167.696793,118.828423
125.648369,68.488213,171.830582,117.334282
129.957428,63.722404,176.548462,112.994698
133.993256,59.592091,180.885040,109.184334
134.623688,56.845116,181.811157,106.751930
135.194550,51.268147,182.677856,101.483131
140.896500,52.925224,188.313736,103.070000
146.364120,56.562401,194.092819,107.038094
148.938309,60.451630,196.621994,110.879501
153.743484,62.013939,201.498978,112.518120
157.914093,64.143684,205.853333,114.843102
159.920609,63.585838,207.896835,114.324562
162.688690,64.061623,210.750763,114.891563
163.821304,64.944229,211.897232,115.788589
165.217834,67.877365,213.183228,118.606689
167.784271,71.330795,216.023346,122.350922
169.231491,73.322433,217.833298,124.727509
170.848068,74.510315,220.133804,126.641190
171.749100,74.933395,221.807419,127.883224
171.268921,75.518112,222.185181,129.359512
168.733521,74.609749,220.579315,129.435333
163.232422,72.612236,215.862305,128.267151
159.078995,73.765198,212.544662,130.303207
154.098465,72.916054,208.463364,130.403244
149.342941,72.456131,204.404953,130.678467
143.121109,71.151512,199.022812,130.258530
140.875443,69.577744,197.813553,129.795181
138.172424,68.665695,195.840912,129.664764
135.498688,67.914970,194.088654,129.883194
135.936996,69.164032,195.208298,131.848221
137.841553,72.807999,197.788055,136.201172
139.545853,75.708954,200.069321,139.717575
144.082291,77.524780,205.345078,142.321198
148.447571,78.569588,210.013763,143.684097
153.541138,78.586395,215.656982,144.286026
159.169189,78.587410,221.386902,144.393753
164.288818,77.712662,226.571136,143.586670
168.193375,78.095657,230.084641,143.559998
171.395813,77.549400,232.537842,142.216171
174.390411,76.808876,234.585205,140.482574
176.878860,77.390244,236.228012,140.176727
177.355148,80.370369,235.654343,142.054382
175.255585,83.063057,232.455170,143.591553
174.463409,85.961372,230.731628,145.510330
172.630661,88.374481,228.207748,147.195938
171.601120,89.149803,226.347763,147.096329
171.293549,90.035698,225.394348,147.301163
171.851440,89.895294,225.260773,146.431580
172.529388,89.466957,225.472412,145.511032
173.679138,88.377762,226.177643,143.943771
176.997726,87.613274,229.491409,143.174194
179.328247,87.579590,231.950073,143.275925
180.274170,87.605217,233.020691,143.433304
183.225418,89.632675,236.352310,145.862671
183.090118,91.265251,236.688416,147.992844
183.474472,92.207596,237.845261,149.750595
183.112457,92.018150,238.307373,150.430237
181.556870,91.480751,237.466385,150.645737
177.106644,88.629028,233.572830,148.390442
173.587006,83.616463,230.982330,144.355927
171.841217,80.459679,229.792999,141.784393
169.242905,77.279732,227.426956,138.852753
168.242813,74.192116,226.437607,135.776428
166.179291,71.054688,224.087402,132.337738
166.501480,69.304901,224.428604,130.608276
166.340118,69.689354,224.351959,131.083282
166.347824,73.518356,224.425064,134.981018
164.825943,80.589439,223.062271,142.219299
165.136856,86.718010,223.393143,148.368866
167.224945,89.879555,225.624908,151.681381
169.055634,88.942673,227.873962,151.184143
171.192490,85.159225,230.433395,147.851913
173.532349,79.216026,233.285034,142.446075
174.721527,73.937103,234.810059,137.525375
176.992645,70.730957,237.105072,134.344315
177.002213,68.774475,237.067307,132.338181
176.322189,66.488754,236.248337,129.906677
174.970261,66.028854,234.522537,129.048004
173.917801,69.546707,232.969650,132.032074
172.716675,72.793686,231.432861,134.926605
172.343338,76.171486,230.824753,138.053741
171.771057,77.328430,230.215027,139.171326
167.303986,77.254044,225.836395,139.189880
161.105087,75.720345,219.648148,137.667374
155.474457,74.242401,213.870941,136.035385
150.070557,71.867477,208.264008,133.447113
144.701904,66.610977,203.252808,128.566254
136.018860,61.942886,194.639160,123.971085
131.247162,60.303078,190.054718,122.531227
127.262955,60.176590,186.033279,122.364975
125.746971,61.881531,184.899857,124.478409
123.535553,66.285278,182.755264,128.952316
123.393120,72.356895,182.795792,135.216049
122.640022,77.314064,182.274963,140.417099
123.169556,79.103775,183.057861,142.477066
125.748657,77.990036,186.111603,141.869598
131.359436,78.867935,192.282623,143.335312
136.513428,78.033684,197.588806,142.663239
141.890594,75.901627,203.390594,140.976334
149.738983,74.219345,211.483185,139.554001
150.762360,73.760704,212.394989,138.976593
149.781570,72.892235,211.495560,138.194717
146.028976,72.000282,207.708054,137.265594
141.290176,72.267494,203.336655,137.923904
135.235306,72.176697,197.862411,138.441406
128.569595,73.701988,191.807083,140.615829
120.357788,73.535591,184.463470,141.358307
112.269638,72.099396,177.122787,140.704056
105.261978,68.478065,170.785629,137.794479
98.400276,62.769890,164.457230,132.651917
91.726418,57.013485,157.984360,127.105499
86.809029,53.808704,152.509506,123.309959
86.286514,53.267979,151.654861,122.416969
85.316383,54.774471,150.658524,123.895676
84.939651,60.887123,150.134674,129.852295
83.357147,67.921783,148.442886,136.772705
81.469742,73.184959,146.191345,141.655212
78.294495,76.880989,142.812103,145.134705
72.372643,78.585632,136.819244,146.763977
66.151787,77.778961,130.229309,145.565506
60.256855,76.168373,124.007469,143.612915
54.973991,71.994041,118.226463,138.909317
56.004219,68.357376,118.846504,134.843246
56.608685,64.391319,119.065163,130.466873
59.366344,64.341858,121.280510,129.840668
64.491089,65.002869,125.866676,129.928360
69.760658,69.264412,130.310059,133.323746
72.087440,73.223381,132.027039,136.632935
73.177818,76.105865,132.759552,139.133698
78.018578,78.099503,137.061127,140.552200
82.141281,80.557220,140.781631,142.587616
86.868767,81.155556,145.362900,143.029816
91.676056,78.071220,150.224915,140.002991
96.232681,73.317039,155.068283,135.550140
100.371895,64.547386,160.004288,127.631302
108.374825,56.990032,168.913834,121.041016
116.918152,52.442814,178.192017,117.276848
124.182770,52.878803,185.834381,118.108864
128.831467,57.459770,190.882797,123.115341
129.943344,60.658772,192.390060,126.728569
131.757141,62.727406,194.613159,129.232513
133.044418,63.279507,196.443039,130.361649
134.712402,64.854706,198.795410,132.664032
134.080994,64.746941,198.979828,133.409744
132.955322,63.055878,198.285553,132.176636
134.599625,60.973907,200.283340,130.469574
135.333359,59.259060,200.861130,128.589325
134.495377,56.522743,199.942490,125.767479
136.056580,56.286526,201.583588,125.616005
134.959122,58.314213,200.322281,127.469910
135.206955,59.325508,200.440872,128.344116
135.148315,61.134388,200.380920,130.151627
134.551117,61.795223,199.689301,130.712311
135.159302,62.431271,200.082031,131.123093
135.691223,62.753242,200.333160,131.146973
138.435867,61.905972,202.433487,129.615707
140.830811,58.283840,204.190613,125.315903
144.233215,53.744434,207.010895,120.157982
149.679779,51.332008,211.857483,117.107475
153.055527,50.927002,214.679672,116.122543
155.905914,57.059032,216.653229,121.321167
155.999329,65.006577,216.049652,128.526001
154.674866,71.527748,214.133301,134.426163
155.113525,76.322159,214.026428,138.647766
154.357956,78.207031,212.743729,139.969772
151.018311,74.558708,208.976196,135.871796
150.591568,68.763229,207.958511,129.444626
155.159439,63.872360,211.933334,123.930038
161.348434,60.851406,217.450729,120.190353
166.585785,63.174240,221.699066,121.472122
166.741318,66.298943,220.564651,123.237785
166.677231,71.279678,219.296524,126.947601
162.571289,74.278419,214.192261,128.891525
155.716721,76.482758,206.444870,130.151520
150.025009,76.149673,200.001511,129.022568
143.921555,76.129517,193.333328,128.403778
136.046280,71.526154,184.976944,123.290436
131.829758,67.448479,180.649551,119.095100
130.315216,61.477692,179.276398,113.274353
133.262589,59.713104,182.469742,111.770782
134.160248,61.717838,183.545898,113.964729
133.401978,63.900696,183.041931,116.417145
133.569992,66.717125,183.207626,119.231133
133.949677,69.354149,183.369476,121.637245
132.597748,70.113556,181.893250,122.264893
129.958923,71.417198,179.076782,123.380257
127.423820,72.130951,176.361984,123.907120
124.750381,69.497307,173.470551,121.042137
127.923775,65.850922,176.860886,117.625977
131.233246,63.985096,180.103210,115.688904
134.577194,62.755497,183.609695,114.631805
144.181778,67.257660,193.253677,119.174927
148.622864,70.495865,197.840759,122.564972
154.265244,70.494995,203.808701,122.909210
162.058350,67.804245,211.888000,120.521835
166.392715,65.981979,216.345993,118.830612
169.878296,63.987095,219.788696,116.790291
171.808029,63.436062,221.248276,115.740906
173.832657,63.064896,222.474716,114.523666
173.890610,59.654251,221.825577,110.362656
175.329269,56.555832,222.697769,106.662361
176.250351,55.233189,222.932144,104.610085
175.109375,55.398708,221.060944,103.998756
175.215515,57.483528,220.620087,105.500908
178.342957,64.465919,223.138611,111.834679
175.551758,71.495880,220.007202,118.501755
172.072586,76.014572,215.994583,122.451431
167.781601,78.418503,211.687027,124.837662
161.629532,77.783913,205.514084,124.180763
155.890961,74.204704,199.905304,120.740196
154.879364,70.033180,199.429382,117.128166
158.807419,64.443436,203.796494,112.006744
160.248413,63.723846,205.197235,111.244232
161.073029,65.792534,205.849121,113.128654
160.595184,69.582878,204.893311,116.409172
161.903488,74.052170,205.440079,120.083084
162.444473,76.881737,205.523026,122.423378
161.494003,78.881042,204.473892,124.319519
161.845154,81.773186,204.372253,126.727287
162.236923,83.852600,204.073135,128.083679
164.378372,84.135170,205.683487,127.797203
166.358566,79.665260,207.227280,122.870110
165.646118,75.966988,205.948334,118.563866
169.157791,75.503349,209.048599,117.668755
170.000000,77.000000,200.000000,109.000000
169.569473,81.440865,198.839401,112.663704
167.386261,84.414230,196.023743,114.962463
163.827286,86.432259,192.312943,116.818199
160.040451,87.149826,188.227707,117.216766
158.393097,86.540901,186.028351,116.017769
157.737244,85.407082,184.873047,114.348808
155.025421,82.769020,181.736267,111.270622
151.120728,80.800247,177.375366,108.811859
145.863571,78.810356,171.850876,106.534828
143.255112,77.978577,169.086777,105.535431
139.615173,73.416458,165.457367,100.984650
138.038849,66.675362,164.269226,94.661583
136.224243,66.407349,162.539612,94.481720
133.578827,70.732483,159.654327,98.549225
133.879074,73.158615,159.779678,100.793991
134.112152,74.162781,159.958282,101.739487
131.804199,77.525742,157.687927,105.142929
130.193848,79.613472,156.043793,107.194267
129.445877,80.192383,155.013351,107.468979
127.680573,79.930397,153.124268,107.073692
130.979752,78.723190,156.372086,105.811188
136.980530,79.037704,162.354584,106.106033
143.312469,79.636162,168.666077,106.682487
150.229996,80.071243,175.449631,106.973297
155.526367,79.849030,180.811188,106.818787
158.882095,79.455948,184.226700,106.487778
160.593460,81.274521,185.791336,108.148331
159.385208,83.637993,184.073410,109.982536
160.618027,83.049431,184.809860,108.857903
164.623886,80.425529,188.568954,105.977379
163.361328,79.683395,186.971497,104.872437
162.857391,79.765480,185.721436,104.146217
158.684509,78.510849,179.899780,101.099426
154.220764,75.500824,174.259399,96.859268
156.661392,76.895737,175.173141,96.654602
155.614838,80.519440,173.666260,99.793762
155.213669,83.399071,172.379318,101.741005
154.472229,86.183624,170.904968,103.751938
152.916672,87.250267,168.867722,104.308571
158.078720,89.242989,173.466965,105.668144
160.253693,90.231483,175.473877,106.478081
162.590652,90.816994,177.619003,106.859764
163.836578,92.282356,178.653931,108.100945
165.716522,92.861389,180.452301,108.592957
113.000000,197.000000,143.000000,229.000000
110.449837,197.244034,140.595963,229.399582
106.192482,197.304779,136.443985,229.572510
89.192657,197.535400,119.918648,230.308228
78.338074,196.357193,109.298042,229.379105
71.997269,196.124634,102.923378,229.109406
67.474419,196.807022,98.668076,230.076614
61.004440,196.593689,92.411354,230.089874
57.180405,197.908981,88.885414,231.721909
51.450577,197.597183,83.307457,231.571487
50.000000,192.000000,93.000000,238.000000
47.838799,190.832382,90.671494,236.653671
47.924133,190.740372,90.840759,236.651443
47.667416,190.295181,90.554047,236.174179
47.321987,190.761475,90.160782,236.589294
48.146877,191.018188,90.953766,236.811859
48.717651,191.382324,91.600227,237.256958
48.429932,192.683441,91.434059,238.688110
44.816048,192.610748,87.961914,238.766815
46.130028,191.338379,89.209457,237.423492
48.992706,190.035461,91.730370,235.755493
53.926132,189.710358,96.526260,235.283264
58.945610,189.486450,101.175575,234.663361
65.440338,189.949478,107.332306,234.764816
68.000000,194.000000,98.000000,226.000000
76.293083,193.074860,106.138023,224.909790
82.382278,192.067947,111.467102,223.092087
87.692764,190.906082,116.522018,221.657608
85.153496,188.566772,114.052086,219.392426
88.733109,188.813156,117.355011,219.343033
88.825600,189.771194,117.446083,220.299576
84.487244,189.401535,113.262543,220.095413
84.702675,191.336563,113.543663,222.100662
80.673843,189.485809,109.491364,220.224823
83.283081,191.346848,112.093124,222.077866
81.691925,189.920471,110.454865,220.601135
84.922218,189.799530,113.595680,220.384552
85.145172,187.733414,113.631439,218.118332
87.178902,187.679779,115.156242,217.520660
90.379280,188.539520,118.216118,218.229858
93.144424,189.439117,120.631256,218.754456
94.591377,190.572418,121.741203,219.526672
98.951714,191.386536,125.751015,219.977753
101.869583,189.833176,127.547333,217.219772
103.180984,185.066269,127.948280,211.472366
107.967636,182.691299,131.241333,207.484299
109.836243,180.696442,133.119217,205.499115
114.388023,182.341812,135.150528,204.518997
114.343712,185.656021,133.217438,205.764542
112.511726,191.452789,131.822647,212.044525
108.218643,197.086639,128.034760,218.208832
100.492905,201.087036,120.510498,222.430847
92.806633,204.373825,112.866631,225.762039
85.151871,205.945724,106.587189,228.774765
76.438461,204.927841,97.087021,226.934372
74.203499,206.530991,95.054466,228.759201
69.574631,205.202194,90.016296,226.982132
67.825310,201.711365,88.255135,223.478912
72.030388,204.357224,92.364189,226.024185
73.736244,207.335434,94.237740,229.178085
75.720833,208.505646,96.254845,230.382355
79.237541,211.167572,99.624733,232.890472
79.795090,213.635056,100.153122,235.327408
80.416588,216.163666,100.686028,237.763214
83.201035,218.863998,103.548111,240.544876
83.054710,219.853806,103.600563,241.742935
82.571808,218.173157,103.590271,240.557404
nan,nan,nan,nan
nan,nan,nan,nan
nan,nan,nan,nan
nan,nan,nan,nan
nan,nan,nan,nan
nan,nan,nan,nan
nan,nan,nan,nan
nan,nan,nan,nan
nan,nan,nan,nan
nan,nan,nan,nan
nan,nan,nan,nan
nan,nan,nan,nan
nan,nan,nan,nan
nan,nan,nan,nan
nan,nan,nan,nan
nan,nan,nan,nan
nan,nan,nan,nan
nan,nan,nan,nan
nan,nan,nan,nan
nan,nan,nan,nan
nan,nan,nan,nan
nan,nan,nan,nan
nan,nan,nan,nan
nan,nan,nan,nan
nan,nan,nan,nan
nan,nan,nan,nan
nan,nan,nan,nan
nan,nan,nan,nan
nan,nan,nan,nan
nan,nan,nan,nan
nan,nan,nan,nan
nan,nan,nan,nan
nan,nan,nan,nan
nan,nan,nan,nan
nan,nan,nan,nan
nan,nan,nan,nan
nan,nan,nan,nan
nan,nan,nan,nan
nan,nan,nan,nan
nan,nan,nan,nan
nan,nan,nan,nan
nan,nan,nan,nan
nan,nan,nan,nan
nan,nan,nan,nan
nan,nan,nan,nan
nan,nan,nan,nan
nan,nan,nan,nan
nan,nan,nan,nan
nan,nan,nan,nan
nan,nan,nan,nan
nan,nan,nan,nan
nan,nan,nan,nan
nan,nan,nan,nan
nan,nan,nan,nan
nan,nan,nan,nan
nan,nan,nan,nan
nan,nan,nan,nan
nan,nan,nan,nan
nan,nan,nan,nan
nan,nan,nan,nan
nan,nan,nan,nan
nan,nan,nan,nan
nan,nan,nan,nan
nan,nan,nan,nan
nan,nan,nan,nan
nan,nan,nan,nan
nan,nan,nan,nan
nan,nan,nan,nan
nan,nan,nan,nan
nan,nan,nan,nan
nan,nan,nan,nan
nan,nan,nan,nan
nan,nan,nan,nan
nan,nan,nan,nan
nan,nan,nan,nan
nan,nan,nan,nan
nan,nan,nan,nan
nan,nan,nan,nan
nan,nan,nan,nan
nan,nan,nan,nan
nan,nan,nan,nan
nan,nan,nan,nan
nan,nan,nan,nan
nan,nan,nan,nan
nan,nan,nan,nan
nan,nan,nan,nan
nan,nan,nan,nan
nan,nan,nan,nan
nan,nan,nan,nan
nan,nan,nan,nan
nan,nan,nan,nan
nan,nan,nan,nan
nan,nan,nan,nan
nan,nan,nan,nan
nan,nan,nan,nan
nan,nan,nan,nan
nan,nan,nan,nan
nan,nan,nan,nan
nan,nan,nan,nan
nan,nan,nan,nan
nan,nan,nan,nan
nan,nan,nan,nan
nan,nan,nan,nan
nan,nan,nan,nan
nan,nan,nan,nan
nan,nan,nan,nan
nan,nan,nan,nan
nan,nan,nan,nan
nan,nan,nan,nan
nan,nan,nan,nan
nan,nan,nan,nan
nan,nan,nan,nan
nan,nan,nan,nan
nan,nan,nan,nan
nan,nan,nan,nan
nan,nan,nan,nan
nan,nan,nan,nan
nan,nan,nan,nan
nan,nan,nan,nan
nan,nan,nan,nan
nan,nan,nan,nan
nan,nan,nan,nan
nan,nan,nan,nan
nan,nan,nan,nan
nan,nan,nan,nan
nan,nan,nan,nan
nan,nan,nan,nan
nan,nan,nan,nan
nan,nan,nan,nan
nan,nan,nan,nan
nan,nan,nan,nan
nan,nan,nan,nan
nan,nan,nan,nan
nan,nan,nan,nan
nan,nan,nan,nan
nan,nan,nan,nan
nan,nan,nan,nan
nan,nan,nan,nan
nan,nan,nan,nan
nan,nan,nan,nan
nan,nan,nan,nan
nan,nan,nan,nan
nan,nan,nan,nan
nan,nan,nan,nan
nan,nan,nan,nan
nan,nan,nan,nan
nan,nan,nan,nan
nan,nan,nan,nan
nan,nan,nan,nan
nan,nan,nan,nan
nan,nan,nan,nan
nan,nan,nan,nan
nan,nan,nan,nan
nan,nan,nan,nan
nan,nan,nan,nan
nan,nan,nan,nan
nan,nan,nan,nan
nan,nan,nan,nan
nan,nan,nan,nan
nan,nan,nan,nan
nan,nan,nan,nan
nan,nan,nan,nan
nan,nan,nan,nan
nan,nan,nan,nan
nan,nan,nan,nan
nan,nan,nan,nan
nan,nan,nan,nan
nan,nan,nan,nan
nan,nan,nan,nan
nan,nan,nan,nan
nan,nan,nan,nan
nan,nan,nan,nan
nan,nan,nan,nan
nan,nan,nan,nan
nan,nan,nan,nan
nan,nan,nan,nan
nan,nan,nan,nan
nan,nan,nan,nan
nan,nan,nan,nan
nan,nan,nan,nan
nan,nan,nan,nan
nan,nan,nan,nan
nan,nan,nan,nan
nan,nan,nan,nan
nan,nan,nan,nan
nan,nan,nan,nan
nan,nan,nan,nan
nan,nan,nan,nan
nan,nan,nan,nan
nan,nan,nan,nan
nan,nan,nan,nan
nan,nan,nan,nan
nan,nan,nan,nan
nan,nan,nan,nan
nan,nan,nan,nan
nan,nan,nan,nan
nan,nan,nan,nan
nan,nan,nan,nan
nan,nan,nan,nan
nan,nan,nan,nan
nan,nan,nan,nan
nan,nan,nan,nan
nan,nan,nan,nan
nan,nan,nan,nan
nan,nan,nan,nan
nan,nan,nan,nan
nan,nan,nan,nan
nan,nan,nan,nan
nan,nan,nan,nan
nan,nan,nan,nan
nan,nan,nan,nan
nan,nan,nan,nan
nan,nan,nan,nan
nan,nan,nan,nan
nan,nan,nan,nan
nan,nan,nan,nan
nan,nan,nan,nan
nan,nan,nan,nan
nan,nan,nan,nan
nan,nan,nan,nan
nan,nan,nan,nan
nan,nan,nan,nan
nan,nan,nan,nan
nan,nan,nan,nan
nan,nan,nan,nan
nan,nan,nan,nan
nan,nan,nan,nan
nan,nan,nan,nan
nan,nan,nan,nan
nan,nan,nan,nan
nan,nan,nan,nan
nan,nan,nan,nan
