162.000000,92.000000,214.000000,147.000000
161.553024,92.547226,213.408310,147.394333
159.606873,95.830025,210.897980,150.080414
156.582642,99.101746,207.329956,152.776962
154.034744,99.797798,204.049332,152.697174
151.402252,98.706665,200.354492,150.502029
149.904938,94.603394,198.899902,146.444107
149.131653,90.207481,197.185242,141.049194
148.212860,87.124817,195.714203,137.391739
147.823715,86.522797,195.431686,136.903000
144.754105,86.271431,192.555191,136.856796
138.310669,86.175026,186.723846,137.410751
132.881241,89.146561,181.134354,140.212433
126.925003,91.221390,175.625137,142.761658
123.076279,90.716209,171.728714,142.205856
122.253716,88.035545,171.380707,140.028809
122.198090,85.080673,171.850906,137.620804
124.498947,84.229820,174.257782,136.882324
127.280334,84.976852,177.452927,138.067932
129.739441,86.045052,179.663925,138.873428
131.411713,89.245529,181.351181,142.089783
131.202316,92.138023,180.981079,144.811935
131.035187,93.217026,180.940109,146.024658
132.071381,93.686211,182.169601,146.698746
132.627716,95.444061,182.525864,148.244766
133.970657,97.036293,183.328979,149.264771
133.407852,95.500687,183.067505,148.048569
135.316910,91.104568,184.831055,143.498199
138.288223,86.065331,187.661346,138.309479
143.189743,80.608437,193.224487,133.553909
148.133224,77.336349,197.907684,130.011337
151.657776,75.803535,201.766251,128.832581
155.554291,75.037567,205.672958,128.077423
159.748642,75.114357,209.601562,127.872826
162.739700,77.530441,212.359100,130.041351
163.752747,80.340889,213.136032,132.601517
162.806061,81.511566,211.766312,133.323776
161.404953,79.980705,210.408539,131.838898
159.342163,76.803619,208.491470,128.813354
155.464691,73.953629,205.123520,126.503464
151.872223,72.174583,201.720444,124.925163
148.094574,73.538223,198.108017,126.463928
141.416992,78.123375,191.731583,131.362015
135.050278,82.253738,185.472382,135.606232
130.587494,84.060310,181.793320,138.242615
126.317780,83.042290,178.513535,138.271622
123.137718,82.617363,175.837860,138.379623
121.526108,82.737297,174.788071,139.093170
119.983047,82.927788,172.966537,138.989716
119.752579,81.055176,172.990921,137.391190
120.832306,75.463486,173.748749,131.459717
122.740219,71.438904,175.587265,127.361801
126.019592,70.232483,179.179871,126.486343
129.671555,72.272217,182.418137,128.089401
131.281677,76.813217,183.582947,132.159882
133.507370,82.316681,185.738724,137.589478
136.761765,87.035217,188.909500,142.219681
140.154510,90.503876,192.662689,146.069168
142.868851,91.930382,195.281601,147.394852
145.287704,89.412102,197.982803,145.174881
149.438736,84.203346,202.580978,140.438583
152.920731,77.230507,206.795761,134.239273
156.752029,72.277344,210.996628,129.683060
157.222046,69.132950,212.002289,127.103516
158.973160,69.347694,213.717575,127.280495
158.877930,75.708008,212.988495,132.972382
155.739105,80.826416,209.119446,137.320709
154.109970,82.430077,207.039780,138.448807
152.192505,84.655754,204.619568,140.133774
152.229858,85.940262,204.032654,140.758667
149.702026,85.473633,201.108521,139.872864
149.770554,82.500328,200.808304,136.509552
151.196335,79.197777,202.037704,132.999298
151.815460,79.670982,202.336090,133.132904
152.011108,84.719589,202.050079,137.671509
150.185379,89.816345,199.614822,142.134842
148.514542,90.481903,198.023026,142.884171
147.549835,90.460793,196.993378,142.794235
146.577835,91.560341,195.857834,143.720444
145.266891,92.854568,194.763199,145.243942
143.281845,92.649445,192.434067,144.674072
139.445923,89.825859,188.587158,141.838837
135.534225,86.871002,184.281631,138.466507
134.427536,84.112289,183.157883,135.689682
135.673096,83.229492,184.028046,134.408508
134.046097,88.370544,181.922440,139.041641
133.187180,93.759537,180.801865,144.152618
134.087723,97.444817,181.517532,147.641479
135.327621,101.051262,182.870102,151.367645
137.545868,104.468208,185.284088,154.992569
140.458191,103.993317,188.697510,155.050110
141.866562,97.630699,190.740921,149.361420
145.757339,87.976555,195.266769,140.381241
148.976456,81.134918,199.365860,134.472382
154.025620,77.149437,204.697739,130.786255
158.078842,75.292305,209.157394,129.359482
159.283478,77.970856,210.185486,131.851303
160.827011,81.027786,211.586166,134.756973
162.753479,82.613564,213.257111,136.072205
164.652267,83.323891,214.955307,136.570145
165.894684,84.219337,215.582489,136.814178
166.219315,83.672539,215.302017,135.625992
166.176971,83.546516,214.504120,134.714203
166.337997,82.985596,214.384415,133.855347
164.584930,82.942520,211.873871,133.023865
163.503174,81.796898,210.300873,131.356308
162.718002,83.269989,209.413589,132.720779
158.643967,88.139572,205.040695,137.272430
154.846771,90.241898,201.293274,139.427704
151.757614,90.174110,198.018600,139.162567
148.208099,92.595879,194.510376,141.627380
143.762009,95.217056,190.025772,144.207611
139.722443,93.137413,186.372101,142.530289
139.803375,89.100845,186.715607,138.773071
141.032700,86.300163,188.189163,136.232208
141.985428,85.718605,189.390640,135.909775
141.807510,85.621048,189.219742,135.819687
142.236252,86.259094,189.548599,136.351593
140.830429,86.881210,188.287674,137.127670
141.758209,88.748535,189.475861,139.271667
142.976669,91.286674,191.184586,142.330704
143.520630,92.362473,192.311432,144.025070
145.343109,90.978462,194.792358,143.339798
148.417313,87.936882,198.677689,141.158020
150.526047,84.963554,201.606247,139.052750
153.363556,82.355667,205.332581,137.384964
157.848557,80.015343,210.545670,135.828751
162.862976,77.904030,216.256042,134.452789
166.976776,77.074272,220.825562,134.104080
169.221649,77.264908,223.486603,134.741714
170.608047,79.439812,224.706802,136.741348
171.787567,80.460213,225.928802,137.806549
172.348007,80.548325,226.360733,137.759155
172.757751,79.971642,226.485474,136.881912
171.137222,79.425415,224.397018,135.841751
170.116257,77.995331,222.727768,133.727371
169.921661,76.299553,221.686554,131.137054
172.110382,72.974869,223.229858,127.129723
174.186188,70.922203,225.023529,124.778625
173.362000,69.632652,223.801514,123.067856
171.246002,69.044373,221.468201,122.249489
166.741425,68.503281,217.060486,121.810951
164.724213,69.979561,215.054230,123.298843
161.000061,72.144257,211.277130,125.407463
157.233841,74.167778,207.364212,127.275665
153.363678,74.804382,203.203674,127.604820
151.274414,73.501259,200.783600,125.951019
149.404602,69.531670,198.763702,121.822357
147.586487,65.111748,196.476593,116.905289
145.744003,62.480904,194.387802,114.013046
145.681549,61.353951,194.375458,112.939270
143.057617,61.335880,191.948364,113.130081
143.508179,62.623142,192.473969,114.496994
143.060349,65.159752,192.466537,117.500961
142.472809,70.299339,192.266052,123.050827
142.794266,74.956993,192.898392,128.038025
143.358383,77.138657,194.024826,130.815094
143.535614,75.884521,194.860291,130.257889
144.951157,73.278847,197.066177,128.488144
144.719818,69.414368,198.005402,125.860481
143.994644,65.397774,198.225327,122.841492
145.341583,61.396961,200.424225,119.739113
145.245056,57.837349,200.850250,116.730057
145.393799,56.601398,201.326019,115.838654
143.603775,57.555065,199.358627,116.602272
141.691040,59.336052,197.132935,118.047958
139.962921,62.248463,195.111359,120.651199
139.076141,66.509171,193.795563,124.459915
138.526901,70.271996,192.897568,127.854965
138.531387,73.171364,192.354721,130.177155
139.743958,74.939896,192.714539,131.029770
138.621307,73.392815,190.998383,128.844391
139.444138,69.494850,191.439133,124.542709
139.867081,65.387444,191.355057,119.889267
139.160797,61.984020,190.152832,115.961296
138.211533,59.905426,188.387650,113.018784
137.824707,58.450451,187.367371,110.893097
137.071884,58.967457,186.020584,110.780495
138.728027,61.570686,187.196564,112.874161
140.799576,64.536682,188.817947,115.362419
142.702011,65.961601,190.591782,116.653503
142.489441,68.385780,190.131226,118.814194
141.349030,71.438965,188.806335,121.671379
138.191879,73.296524,185.533401,123.405907
135.201767,75.037651,182.492203,125.092758
131.852997,75.382454,179.002655,125.287994
128.092117,73.415039,175.134506,123.208839
126.603355,71.630608,173.509125,121.282104
124.072388,69.843979,170.839828,119.348320
121.385590,68.681633,168.073135,118.100983
118.302086,68.741180,164.928406,118.095390
118.466064,68.621704,164.905151,117.776726
119.364433,69.479065,165.841263,118.674232
121.272644,69.531281,167.713593,118.688286
125.116600,67.944641,171.614944,117.162712
129.390823,63.256336,176.209274,112.814926
133.391754,59.169895,180.448151,108.981628
134.052979,56.487995,181.339569,106.539520
134.600082,50.974953,182.229019,101.390228
140.361862,52.625237,187.911057,102.955795
145.828094,56.225346,193.687103,106.885086
148.336304,60.031334,196.296112,110.798164
153.164398,61.578930,201.179626,112.404648
157.349930,63.714928,205.524704,114.706711
159.338989,63.096558,207.606445,114.184807
162.167725,63.601059,210.472900,114.729347
163.268646,64.432243,211.688629,115.682373
164.663498,67.368973,212.966934,118.495430
167.224808,70.790802,215.853226,122.262154
168.694061,72.914337,217.597595,124.677635
170.289078,74.120735,219.902542,126.637421
171.164291,74.531013,221.572189,127.889801
170.678833,75.226265,221.988892,129.540268
167.985275,74.331573,220.289291,129.696884
162.451828,72.307549,215.596115,128.560715
158.343903,73.482147,212.367767,130.663773
153.342667,72.731972,208.258072,130.853745
148.616623,72.319939,204.160995,131.116409
142.431580,71.024506,198.822479,130.712845
140.223022,69.587852,197.484436,130.192535
137.489746,68.566017,195.651428,130.117554
134.845917,67.863182,193.918762,130.372208
135.191650,69.060516,195.034485,132.378021
136.960007,72.645386,197.545090,136.754639
138.768295,75.530647,200.011124,140.340775
143.342850,77.352547,205.310440,142.922516
147.642761,78.408218,209.885315,144.270889
152.727814,78.512283,215.405762,144.831085
158.270370,78.480797,221.112228,144.973938
163.438507,77.672661,226.233093,144.115509
167.353348,77.993065,229.780258,144.044891
170.554459,77.373947,232.212692,142.608292
173.575409,76.610565,234.280212,140.829971
176.168884,77.154808,235.927368,140.365845
176.555954,80.057579,235.337570,142.226624
174.411331,82.600288,232.154617,143.660599
173.616562,85.394974,230.462662,145.496216
171.835724,87.863983,227.883881,147.111282
170.842041,88.633713,226.052429,146.999146
170.678635,89.528976,225.049820,147.010254
171.209671,89.332230,224.955826,146.154388
171.931595,88.925781,225.157089,145.198349
173.071915,87.790894,225.900192,143.644180
176.365280,86.986160,229.190109,142.835785
178.624664,86.861580,231.473267,142.736313
179.568146,86.965324,232.581024,143.013641
182.559891,89.050285,235.885361,145.428558
182.427963,90.703217,236.214920,147.568604
182.764908,91.630592,237.389420,149.380066
182.421936,91.484116,237.883881,150.116684
180.838089,90.982597,237.015488,150.368958
176.333008,88.122055,233.082672,148.110794
172.902222,83.090691,230.466187,143.936584
171.156937,79.886459,229.337997,141.381363
168.558640,76.660187,227.070358,138.502563
167.575256,73.580650,226.079407,135.415100
165.441910,70.349953,223.861130,132.095154
165.782684,68.617912,224.201294,130.362473
165.622711,68.966690,224.196472,130.874283
165.667511,72.727257,224.388580,134.789658
164.156525,79.752457,223.071899,142.022324
164.399445,85.797546,223.520996,148.287567
166.461121,88.938484,225.803070,151.659943
168.311050,88.065063,228.003281,151.154312
170.446228,84.293411,230.546417,147.817795
172.757462,78.355698,233.355362,142.402283
174.060394,73.176125,234.820282,137.395325
176.353226,70.032417,237.129440,134.269012
176.354813,68.113045,237.070786,132.285446
175.732544,65.895874,236.227753,129.833038
174.368286,65.461143,234.521790,129.039795
173.356110,68.940208,233.024811,132.010208
172.115662,72.175652,231.461578,134.901352
171.630493,75.436798,230.725159,137.898666
171.134369,76.624191,230.137360,138.989792
166.614334,76.526413,225.810104,139.094421
160.427399,75.050613,219.526245,137.516861
154.709717,73.688614,213.692352,136.032837
149.245026,71.330978,208.095673,133.534271
143.792633,65.991394,203.055145,128.634476
135.127640,61.285278,194.504196,124.048111
130.454224,59.763058,189.813019,122.507248
126.453850,59.579327,185.785126,122.294632
125.073326,61.362331,184.589935,124.272232
122.816910,65.724045,182.476105,128.783661
122.576462,71.721016,182.526703,135.091080
121.814880,76.739647,181.961258,140.318939
122.443810,78.530716,182.859451,142.392502
125.082382,77.469772,185.876205,141.728348
130.825836,78.279793,192.056427,143.003754
135.993286,77.564034,197.438721,142.513245
141.379135,75.431404,203.285812,140.864197
149.394135,73.840225,211.382568,139.360046
150.411148,73.395775,212.276230,138.784271
149.405884,72.496704,211.425171,138.049332
145.668350,71.580040,207.837296,137.289444
140.911835,71.849457,203.480530,137.977646
134.876373,71.793480,197.989960,138.501144
128.133514,73.288681,191.924591,140.705612
119.711334,73.525871,184.343292,141.836243
111.648300,72.014786,177.111557,141.207611
104.622032,68.490005,170.692108,138.326431
97.638092,62.755955,164.309082,133.220184
91.011276,57.066559,157.889206,127.750099
86.096077,53.765518,152.470016,123.914970
85.531143,53.177219,151.640930,123.046745
84.561157,54.665852,150.611160,124.472908
84.136124,60.800800,149.986420,130.399216
82.580223,67.902313,148.244995,137.303955
80.574211,73.135597,145.958038,142.239258
77.348083,76.801048,142.601135,145.766006
71.366318,78.407257,136.490799,147.237823
65.151154,77.602539,129.887512,146.027328
59.220829,75.939453,123.722855,144.115494
53.908173,71.744385,117.942871,139.424347
54.892731,68.044083,118.585861,135.366714
55.490685,64.064293,118.803429,130.982773
58.330666,63.980572,121.071068,130.299866
63.526028,64.726952,125.592323,130.329330
68.740685,68.960724,129.952621,133.668076
71.124489,72.930450,131.722733,136.994415
72.241318,75.845657,132.428833,139.471970
77.091187,77.706535,136.784103,140.813934
81.213707,80.140503,140.549835,142.867325
85.938423,80.681862,145.070618,143.194550
90.769424,77.594116,149.953918,140.161697
95.228409,72.740685,154.709106,135.619278
99.311363,63.964149,159.668625,127.763123
107.262482,56.528347,168.394714,121.140411
115.878677,51.960663,177.618027,117.209213
123.060616,52.263821,185.434570,118.187920
127.733727,56.858555,190.530746,123.225861
128.881058,60.087654,191.988968,126.785583
130.776016,62.163971,194.236862,129.231369
132.047592,62.748169,196.087967,130.431320
133.652496,64.348305,198.492432,132.867920
132.975128,64.335480,198.726440,133.822556
131.683228,62.551235,198.160858,132.808670
133.219788,60.397747,200.194305,131.181732
133.630402,58.596214,200.750397,129.534348
132.425705,55.822330,199.641586,126.860565
133.704544,55.578110,201.069931,126.774635
132.318420,57.546127,199.695984,128.755569
132.457199,58.491329,199.836624,129.702728
132.460342,60.213615,199.951614,131.543442
131.709824,60.644405,199.286087,132.064209
132.270325,61.058193,199.722229,132.346313
132.757004,61.303135,199.852982,132.214371
135.531418,60.457203,201.951309,130.662537
137.970230,56.807159,203.747208,126.331207
141.567734,52.261646,206.709671,121.112167
147.053741,49.893791,211.521851,118.039841
150.777985,49.748085,214.625305,117.235138
153.694580,56.082211,216.677979,122.651337
153.922089,63.829952,216.202576,129.651550
152.607697,70.286026,214.322632,135.515152
153.058960,75.069908,214.175507,139.662033
152.294067,76.914017,212.938751,141.011444
148.997055,73.301483,209.117966,136.840775
148.592453,67.348808,208.224533,130.375214
153.243256,62.486092,212.085907,124.670441
159.373871,59.535641,217.451874,120.903488
164.594559,61.901398,221.729904,122.278656
164.836609,65.002266,220.651825,123.991127
164.886856,69.918510,219.527664,127.670052
160.802490,72.734619,214.414551,129.401321
154.024384,74.872307,206.680603,130.530075
148.344482,74.705971,200.222137,129.541107
142.349869,74.560196,193.663193,128.798447
134.466415,70.011543,185.250992,123.690529
130.251083,65.961594,180.873917,119.469330
128.710297,60.098511,179.485626,113.767700
131.907974,58.338921,182.888199,112.225075
132.820740,60.373989,183.941315,114.408737
132.097900,62.609589,183.443817,116.882675
132.244263,65.392410,183.653778,119.732758
132.581543,67.986328,183.774750,122.097885
131.228745,68.740242,182.258255,122.678658
128.617859,70.046928,179.456726,123.787361
126.136803,70.769135,176.779800,124.302170
123.409142,68.156082,173.914291,121.543167
126.577881,64.514359,177.290436,118.121048
129.908646,62.648640,180.543411,116.172974
133.205536,61.345783,184.082275,115.126312
142.844681,65.751984,193.775955,119.590248
147.334732,69.032738,198.363083,122.973785
152.964020,69.018745,204.342896,123.323807
160.863022,66.293465,212.464493,120.833969
165.217163,64.471146,216.924683,119.123802
168.720917,62.466675,220.351624,117.038078
170.687607,61.841908,221.841995,115.909515
172.731171,61.335022,223.087372,114.558403
172.850754,57.826305,222.386246,110.180702
174.418274,54.854012,223.271545,106.485260
175.352463,53.569378,223.455154,104.404099
174.308746,53.701000,221.631195,103.723633
174.449295,55.706703,221.139114,105.057175
177.484161,62.849220,223.637543,111.629028
174.712418,69.855865,220.551620,118.308113
170.918793,74.251236,216.393219,122.314903
166.484680,76.663528,211.896881,124.660912
160.251968,76.363419,205.640152,124.335747
155.124908,72.656479,200.616669,120.736870
154.084259,68.379257,200.260681,117.188972
158.116608,62.851929,204.684601,112.069862
159.515945,62.047817,206.132065,111.316933
160.351639,64.101051,206.798325,113.189911
159.850037,67.889641,205.820831,116.472229
161.204544,72.297935,206.362289,120.014465
161.848450,75.119774,206.449066,122.254944
161.179794,77.246414,205.262650,123.829292
164.000000,86.000000,194.000000,118.000000
164.380112,87.928169,193.769516,119.278191
166.503387,88.192032,195.386658,119.002182
168.391998,83.654251,197.002136,114.172455
167.536163,79.736092,195.867737,109.956520
170.989990,79.131012,199.071564,109.084198
173.619537,82.692451,201.533173,112.471901
173.003571,86.857521,200.339752,116.018272
170.739929,89.814148,197.530365,118.390167
167.164276,91.851120,193.768097,120.226700
163.197281,92.465134,189.694016,120.725693
161.449768,91.682899,187.510803,119.475487
160.824951,90.443764,186.365479,117.696556
158.013626,87.855286,183.089798,114.608002
154.057907,85.863174,178.689072,112.153778
148.966934,83.883446,173.183945,109.726784
146.617889,83.005737,170.524780,108.526566
142.939514,78.362183,167.041595,104.094467
141.592926,71.823502,165.802032,97.667099
139.743149,71.464081,164.206589,97.572174
136.985580,75.602272,161.429855,101.689674
137.179398,77.905914,161.624832,103.994583
137.183655,78.738220,161.918091,105.139008
134.527267,81.882118,159.720261,108.778160
132.662704,83.844261,157.793686,110.675911
131.702194,84.358376,156.604355,110.952400
129.739410,84.104012,154.712433,110.774590
132.909622,82.807648,157.984085,109.587784
138.862152,83.081596,163.995636,109.923012
145.175003,83.646698,170.340714,110.521576
152.068192,84.018517,177.154861,110.811317
157.485184,83.829323,182.521652,110.570000
160.893570,83.446648,185.967514,110.226250
162.586884,85.259529,187.523682,111.896706
161.307495,87.607620,185.781128,113.744598
162.412094,86.926346,186.348953,112.483612
166.253891,84.207909,190.021774,109.582115
164.666794,83.342751,188.205154,108.468330
163.929489,83.239586,186.822128,107.665642
159.203537,81.734978,180.562241,104.493721
154.109451,78.663506,174.550858,100.463264
155.914810,79.737007,175.390884,100.525459
154.308823,83.446838,172.797226,103.198242
153.616821,86.043541,171.356781,105.007103
27.000000,8.000000,79.000000,63.000000
24.454784,9.171423,73.582405,61.136452
23.684210,7.749846,74.943939,61.932266
23.792133,7.744494,73.920883,60.730679
23.320402,7.038983,72.980431,59.538063
21.891590,7.621017,70.623466,59.136257
20.938360,8.685552,69.084175,59.578842
18.725996,10.779083,64.572067,59.278767
16.352585,11.842372,61.352222,59.440418
13.404193,14.383354,54.973282,58.322151
nan,nan,nan,nan
nan,nan,nan,nan
nan,nan,nan,nan
nan,nan,nan,nan
nan,nan,nan,nan
nan,nan,nan,nan
nan,nan,nan,nan
nan,nan,nan,nan
nan,nan,nan,nan
nan,nan,nan,nan
nan,nan,nan,nan
nan,nan,nan,nan
nan,nan,nan,nan
nan,nan,nan,nan
nan,nan,nan,nan
238.000000,82.000000,274.000000,120.000000
239.336395,81.090927,275.569916,119.337067
241.959137,79.612938,278.379242,118.055763
248.000000,90.000000,269.000000,112.000000
251.000000,86.000000,281.000000,118.000000
257.486664,87.229385,287.484161,119.226715
261.934631,88.143791,292.208618,120.436028
270.866180,88.589882,301.221893,120.969124
277.017639,88.330841,306.624390,119.912811
283.091278,88.142052,312.067169,119.051094
280.388977,86.617645,309.587646,117.764816
286.000000,84.000000,307.000000,106.000000
286.332458,86.133644,307.271484,108.069923
282.098785,87.046448,303.094940,109.042587
278.000000,80.000000,308.000000,112.000000
272.842987,77.481308,302.379303,108.987686
273.023163,76.183563,302.458893,107.582626
272.000000,90.000000,293.000000,112.000000
274.512115,89.776955,294.930145,111.168541
274.286926,88.422050,294.630310,109.735435
275.057220,87.543373,295.442474,108.900612
278.333984,89.366165,298.478455,110.471115
281.393494,92.396507,301.509216,113.471367
282.360413,94.418381,302.284363,115.292313
286.884216,96.223877,306.271729,116.534546
290.458344,95.963585,309.352570,115.756279
290.573914,92.206909,309.494812,112.027664
294.204559,89.534859,311.840424,108.002922
297.209351,88.941368,312.299500,104.722298
304.883606,89.899658,318.168518,103.875366
305.003510,91.519440,318.018341,105.225067
309.326263,96.761276,320.473724,108.599548
311.571045,100.765480,321.972717,111.857933
309.449646,102.909744,320.368103,114.565979
307.733429,104.199158,318.865753,116.088669
306.190277,104.510139,318.055756,117.132790
302.701172,102.895386,315.232971,116.239883
307.766754,104.872124,319.427582,117.278618
308.333344,104.907524,319.773956,117.075447
310.093323,102.794205,320.956421,114.336487
316.748383,102.794708,327.455231,114.166550
316.748383,102.794708,327.455231,114.166550
316.748383,102.794708,327.455231,114.166550
nan,nan,nan,nan
nan,nan,nan,nan
nan,nan,nan,nan
nan,nan,nan,nan
nan,nan,nan,nan
nan,nan,nan,nan
nan,nan,nan,nan
nan,nan,nan,nan
270.000000,190.000000,306.000000,228.000000
272.381104,185.884811,308.420227,223.926041
275.786499,182.946945,312.130554,221.309586
278.531189,178.376053,314.610840,216.460037
287.261871,178.291702,323.650726,216.701614
292.848602,180.112915,329.545929,218.847961
298.012390,182.853439,332.726440,219.498001
300.455780,183.771347,331.489166,216.524948
310.957703,185.853455,340.414368,216.981079
310.957703,185.853455,340.414368,216.981079
314.013947,185.835312,342.814484,216.263046
314.556274,185.823151,342.845825,215.704651
315.274384,184.524002,343.215179,214.044693
317.728271,181.698364,344.198364,209.643311
317.728271,181.698364,344.198364,209.643311
317.728271,181.698364,344.198364,209.643311
318.635101,183.098862,346.735443,212.734451
298.000000,94.000000,319.000000,116.000000
296.281921,94.703430,317.859009,117.306778
296.454529,95.409256,317.993164,117.972427
291.488281,93.817673,312.353333,115.676620
290.567474,89.655670,311.621918,111.713013
291.085968,85.161606,311.954620,107.024689
293.279968,82.170914,313.984497,103.862030
294.751648,84.461273,315.418030,106.112427
296.000000,96.000000,317.000000,118.000000
296.903290,100.524841,317.862396,122.482086
296.957520,102.773743,318.050415,124.871155
297.927673,105.488724,318.519348,127.062103
300.217926,106.700386,320.738983,128.199768
302.789673,108.238716,323.239014,129.662964
307.389008,106.718689,327.367462,127.649651
315.358490,105.483002,335.347870,126.425407
315.358490,105.483002,335.347870,126.425407
315.605133,105.094872,335.610260,126.053787
317.379242,105.687050,337.294220,126.555801
nan,nan,nan,nan
nan,nan,nan,nan
nan,nan,nan,nan
nan,nan,nan,nan
117.000000,62.000000,169.000000,117.000000
112.898331,61.955006,164.939651,116.998672
116.148064,61.135159,168.279510,116.274055
117.396019,58.578110,169.670898,113.868553
118.659012,53.585682,171.328491,109.293060
122.913239,53.944767,175.706299,109.782730
125.699417,58.436672,178.459885,114.240196
128.672501,64.760231,181.116837,120.229729
132.799026,69.885963,184.832657,124.921516
139.306610,71.150177,190.933929,125.756424
146.428558,68.629654,197.612762,122.767227
151.045700,64.802895,201.803543,118.489510
153.895905,60.042198,204.980255,114.074532
156.826370,56.712578,208.154800,111.003090
159.476517,53.928974,210.696762,108.105072
161.265518,52.837006,212.398453,106.920761
161.590897,53.769299,212.787247,107.920113
160.760880,54.881626,211.850113,108.919144
160.469162,56.645081,211.549393,110.673080
160.105042,59.121765,211.177917,113.141983
155.713959,61.300888,207.027985,115.576172
152.831039,62.244755,204.120773,116.494354
152.493820,62.339611,203.971695,116.788200
148.445831,61.715897,200.607483,116.887718
148.490189,58.999596,201.132065,114.678818
148.082184,56.813847,201.187714,112.982971
147.710846,56.174522,201.497742,113.062866
147.067291,57.272606,201.529327,114.873596
146.732468,57.626095,201.789749,115.854790
146.567856,58.519112,201.996414,117.138977
148.907486,59.374535,204.445297,118.109497
151.772888,60.548882,206.929260,118.881973
152.257233,60.911388,206.977051,118.784546
151.524216,62.097450,205.653061,119.347382
153.744431,63.756397,207.339890,120.443848
152.039246,66.360313,205.121887,122.506454
147.394623,71.495308,200.000732,127.138443
147.497421,76.260094,199.878830,131.665802
148.958282,79.697884,201.210114,134.966690
148.910980,83.391220,201.209198,138.709030
146.114731,85.274864,198.498032,140.682571
142.505661,83.651009,195.168930,139.354523
142.886871,81.033112,195.907654,137.114380
144.787796,79.564842,197.944321,135.789383
141.992767,77.148834,195.273102,133.504074
143.542892,73.218376,196.897629,129.652145
146.214005,72.159645,199.712173,128.744827
149.156036,72.575256,202.403534,128.895844
153.060608,73.427078,206.117767,129.546753
156.404739,74.256439,209.201248,130.100998
157.977615,74.690224,210.498489,130.243530
160.856216,75.027161,213.146561,130.336884
162.947586,73.845886,215.106644,129.016876
163.336807,69.458641,215.426773,124.556633
162.740112,67.704033,214.720978,122.686745
159.509415,65.690804,211.288864,120.460487
155.291794,62.917576,207.288620,117.917168
150.795044,63.657990,202.788544,118.654068
145.261002,66.803085,197.319016,121.867386
140.323715,69.450714,192.458206,124.595810
135.672943,70.870750,187.846588,126.057198
132.440353,72.933823,184.580032,128.084381
127.658134,74.202621,179.641693,129.188232
123.339821,74.816208,175.075378,129.539520
123.254822,74.886375,174.655060,129.255020
119.740067,72.351303,170.922562,126.489647
120.667480,68.113358,171.496643,121.877983
123.338562,66.868248,173.986115,120.440582
125.867188,68.709976,175.944519,121.678551
128.202377,73.435638,177.571793,125.668541
132.390930,78.137177,181.048279,129.615295
138.336349,83.763977,186.226028,134.427414
143.359390,87.308479,190.745621,137.437012
149.237228,87.371063,196.269791,137.123810
152.460022,85.513306,199.331238,135.097992
158.923889,82.402176,205.834900,132.029190
165.967102,80.066536,212.867615,129.682388
169.440826,81.013824,216.315826,130.602539
172.522903,83.763519,219.215988,133.158691
174.744217,87.913628,221.403946,137.273300
175.188736,90.892509,221.669540,140.061829
172.867874,92.174263,219.098312,141.077225
169.200043,91.257927,215.228577,139.950409
164.781311,89.314133,210.636261,137.825653
163.098160,86.826286,208.827438,135.203934
161.287598,86.850525,206.891266,135.094391
157.830551,87.337112,203.359940,135.501846
156.661240,86.742577,202.028275,134.734360
157.679306,86.019852,203.089676,134.056839
156.049438,86.216949,201.662048,134.469360
153.999786,87.246826,199.958801,135.868225
151.427139,87.784637,197.622360,136.657654
148.644989,87.492012,194.990875,136.522110
147.827988,87.294350,194.208603,136.361404
147.363083,87.532318,193.757004,136.613525
146.953506,87.436234,193.234207,136.396988
147.167068,85.732895,193.032089,134.260300
148.849579,83.716843,194.731567,132.262314
150.749054,82.682976,196.766632,131.372879
153.676132,82.045891,200.039444,131.096237
158.793182,83.738281,205.401154,133.048904
163.901062,86.140297,210.823090,135.785034
167.540558,89.319267,214.497986,139.001678
169.327881,91.442734,216.682007,141.547165
170.967331,92.593941,218.975021,143.392807
172.552414,92.414719,221.037186,143.710129
174.800186,90.624557,223.564865,142.216995
175.640976,88.115929,224.715591,140.037292
175.494003,86.706505,224.531357,138.589111
175.643188,85.919075,224.630585,137.749710
174.719986,85.363297,223.574051,137.052460
176.138962,84.525833,224.607986,135.806381
176.370956,80.295174,224.827103,131.562042
180.130066,77.478851,228.425018,128.574646
183.373566,79.077019,230.870422,129.325851
182.962738,82.364700,229.977417,132.101212
185.115143,81.585815,230.263672,129.378418
188.167389,79.185127,231.378784,124.956367
187.858322,81.175278,229.837692,125.658493
185.852493,80.801300,227.769913,125.218155
183.388962,80.436371,225.573532,125.139465
180.411285,79.080421,222.682556,123.874245
177.060364,77.567047,219.406830,122.439575
171.516861,75.362564,214.112045,120.495361
169.048355,74.672989,212.109177,120.303925
168.972168,76.059059,212.356567,122.028282
167.824509,76.276611,211.297104,122.338043
166.054367,76.346245,209.525314,122.405907
165.046494,74.757271,208.524796,120.824776
161.115280,71.832497,204.969193,118.301231
157.768204,68.083206,201.788651,114.729843
157.141052,64.294891,201.211304,110.993546
156.746124,61.788681,200.520782,108.178589
152.956818,60.149742,196.285034,106.062752
159.512756,59.532082,202.525085,105.114861
162.990891,61.125591,205.829605,106.526878
167.648651,64.305534,210.257050,109.460434
171.545334,67.654655,213.976212,112.619644
172.960785,68.560440,215.202606,113.327583
176.218246,68.378525,218.418716,113.102409
178.551224,68.194153,220.629868,112.790550
177.702423,67.862854,219.632660,112.303947
174.537872,67.268280,216.280792,111.508659
172.468506,64.996193,214.105682,109.123291
172.958252,62.658318,214.609497,106.800476
170.499557,63.295933,212.027695,107.306183
167.216339,65.892120,208.747681,109.905823
166.534058,69.593773,208.090668,113.634544
164.469986,73.059608,206.027176,117.101006
162.095917,74.501503,203.659882,118.550163
156.851730,72.826088,198.289963,116.740044
150.811600,70.646095,192.113083,114.416771
148.928574,68.683922,190.142868,112.363274
145.749222,66.962204,186.964035,110.642105
142.668457,65.801323,183.823456,109.418556
141.575607,65.134987,182.620438,108.636803
138.693909,65.636780,179.436005,108.821426
137.751038,66.390274,178.191681,109.251419
138.128159,68.936882,178.221786,111.434090
139.726669,69.860146,179.537857,112.061150
143.148956,69.759941,182.694916,111.675819
147.590424,69.393089,187.005432,111.171471
152.735748,69.929543,192.062256,111.614983
158.022156,69.783173,197.414734,111.537979
162.604202,68.413895,201.824478,109.987778
164.662048,67.907242,203.666748,109.254761
168.039734,66.472321,206.788116,107.550705
170.086929,67.197296,208.668167,108.095673
171.582687,70.012108,210.047043,110.787590
171.382309,73.993660,209.667801,114.581123
170.668564,77.487823,208.887680,118.005493
168.760178,80.329750,206.930099,120.795692
166.736374,82.683411,204.792007,123.029205
165.093460,83.809189,203.169968,124.176926
162.428970,83.719643,200.460556,124.040154
157.702286,80.119659,195.786240,120.495239
157.323441,75.958755,195.490097,116.421265
152.794296,73.984024,191.060623,114.551331
149.933289,74.451775,188.288147,115.112144
144.971771,77.753128,183.395538,118.485947
142.754578,79.362755,181.314362,120.238564
142.035263,79.057549,180.948532,120.304970
140.833572,76.740730,179.990707,118.250786
138.458633,76.145126,177.995499,118.053894
137.820435,75.649284,177.709534,117.927910
135.788589,75.300804,175.970505,117.894203
132.850632,74.343735,173.373093,117.294296
130.578903,74.054916,171.175949,117.083694
128.079849,73.324165,168.724686,116.404243
124.852310,71.256989,165.661026,114.512939
