162.000000,92.000000,214.000000,147.000000
161.553024,92.547226,213.408310,147.394333
159.606873,95.830025,210.897980,150.080414
156.582642,99.101746,207.329956,152.776962
154.034744,99.797798,204.049332,152.697174
151.402252,98.706665,200.354492,150.502029
149.904938,94.603394,198.899902,146.444107
149.131653,90.207481,197.185242,141.049194
148.212860,87.124817,195.714203,137.391739
147.823715,86.522797,195.431686,136.903000
144.754105,86.271431,192.555191,136.856796
138.310669,86.175026,186.723846,137.410751
132.881241,89.146561,181.134354,140.212433
126.925003,91.221390,175.625137,142.761658
123.076279,90.716209,171.728714,142.205856
122.253716,88.035545,171.380707,140.028809
122.198090,85.080673,171.850906,137.620804
124.498947,84.229820,174.257782,136.882324
127.280334,84.976852,177.452927,138.067932
129.739441,86.045052,179.663925,138.873428
131.411713,89.245529,181.351181,142.089783
131.202316,92.138023,180.981079,144.811935
131.035187,93.217026,180.940109,146.024658
132.071381,93.686211,182.169601,146.698746
132.627716,95.444061,182.525864,148.244766
133.970657,97.036293,183.328979,149.264771
133.407852,95.500687,183.067505,148.048569
135.316910,91.104568,184.831055,143.498199
138.288223,86.065331,187.661346,138.309479
143.189743,80.608437,193.224487,133.553909
148.133224,77.336349,197.907684,130.011337
151.657776,75.803535,201.766251,128.832581
155.554291,75.037567,205.672958,128.077423
159.748642,75.114357,209.601562,127.872826
162.739700,77.530441,212.359100,130.041351
163.752747,80.340889,213.136032,132.601517
162.806061,81.511566,211.766312,133.323776
161.404953,79.980705,210.408539,131.838898
159.342163,76.803619,208.491470,128.813354
155.464691,73.953629,205.123520,126.503464
151.872223,72.174583,201.720444,124.925163
148.094574,73.538223,198.108017,126.463928
141.416992,78.123375,191.731583,131.362015
135.050278,82.253738,185.472382,135.606232
130.587494,84.060310,181.793320,138.242615
126.317780,83.042290,178.513535,138.271622
123.137718,82.617363,175.837860,138.379623
121.526108,82.737297,174.788071,139.093170
119.983047,82.927788,172.966537,138.989716
119.752579,81.055176,172.990921,137.391190
120.832306,75.463486,173.748749,131.459717
122.740219,71.438904,175.587265,127.361801
126.019592,70.232483,179.179871,126.486343
129.671555,72.272217,182.418137,128.089401
131.281677,76.813217,183.582947,132.159882
133.507370,82.316681,185.738724,137.589478
136.761765,87.035217,188.909500,142.219681
140.154510,90.503876,192.662689,146.069168
142.868851,91.930382,195.281601,147.394852
145.287704,89.412102,197.982803,145.174881
149.438736,84.203346,202.580978,140.438583
152.920731,77.230507,206.795761,134.239273
156.752029,72.277344,210.996628,129.683060
157.222046,69.132950,212.002289,127.103516
158.973160,69.347694,213.717575,127.280495
158.877930,75.708008,212.988495,132.972382
155.739105,80.826416,209.119446,137.320709
154.109970,82.430077,207.039780,138.448807
152.192505,84.655754,204.619568,140.133774
152.229858,85.940262,204.032654,140.758667
149.702026,85.473633,201.108521,139.872864
149.770554,82.500328,200.808304,136.509552
151.196335,79.197777,202.037704,132.999298
151.815460,79.670982,202.336090,133.132904
152.011108,84.719589,202.050079,137.671509
150.185379,89.816345,199.614822,142.134842
148.514542,90.481903,198.023026,142.884171
147.549835,90.460793,196.993378,142.794235
146.577835,91.560341,195.857834,143.720444
145.266891,92.854568,194.763199,145.243942
143.281845,92.649445,192.434067,144.674072
139.445923,89.825859,188.587158,141.838837
135.534225,86.871002,184.281631,138.466507
134.427536,84.112289,183.157883,135.689682
135.673096,83.229492,184.028046,134.408508
134.046097,88.370544,181.922440,139.041641
133.187180,93.759537,180.801865,144.152618
134.087723,97.444817,181.517532,147.641479
135.327621,101.051262,182.870102,151.367645
137.545868,104.468208,185.284088,154.992569
140.458191,103.993317,188.697510,155.050110
141.866562,97.630699,190.740921,149.361420
145.757339,87.976555,195.266769,140.381241
148.976456,81.134918,199.365860,134.472382
154.025620,77.149437,204.697739,130.786255
158.078842,75.292305,209.157394,129.359482
159.283478,77.970856,210.185486,131.851303
160.827011,81.027786,211.586166,134.756973
162.753479,82.613564,213.257111,136.072205
164.652267,83.323891,214.955307,136.570145
165.894684,84.219337,215.582489,136.814178
166.219315,83.672539,215.302017,135.625992
166.176971,83.546516,214.504120,134.714203
166.337997,82.985596,214.384415,133.855347
164.584930,82.942520,211.873871,133.023865
163.503174,81.796898,210.300873,131.356308
162.718002,83.269989,209.413589,132.720779
158.643967,88.139572,205.040695,137.272430
154.846771,90.241898,201.293274,139.427704
151.757614,90.174110,198.018600,139.162567
148.208099,92.595879,194.510376,141.627380
143.762009,95.217056,190.025772,144.207611
139.722443,93.137413,186.372101,142.530289
139.803375,89.100845,186.715607,138.773071
141.032700,86.300163,188.189163,136.232208
141.985428,85.718605,189.390640,135.909775
141.807510,85.621048,189.219742,135.819687
142.236252,86.259094,189.548599,136.351593
140.830429,86.881210,188.287674,137.127670
141.758209,88.748535,189.475861,139.271667
142.976669,91.286674,191.184586,142.330704
143.520630,92.362473,192.311432,144.025070
145.343109,90.978462,194.792358,143.339798
148.417313,87.936882,198.677689,141.158020
150.526047,84.963554,201.606247,139.052750
153.363556,82.355667,205.332581,137.384964
157.848557,80.015343,210.545670,135.828751
162.862976,77.904030,216.256042,134.452789
166.976776,77.074272,220.825562,134.104080
169.221649,77.264908,223.486603,134.741714
170.608047,79.439812,224.706802,136.741348
171.787567,80.460213,225.928802,137.806549
172.348007,80.548325,226.360733,137.759155
172.757751,79.971642,226.485474,136.881912
171.137222,79.425415,224.397018,135.841751
170.116257,77.995331,222.727768,133.727371
169.921661,76.299553,221.686554,131.137054
172.110382,72.974869,223.229858,127.129723
174.186188,70.922203,225.023529,124.778625
173.362000,69.632652,223.801514,123.067856
171.246002,69.044373,221.468201,122.249489
166.741425,68.503281,217.060486,121.810951
164.724213,69.979561,215.054230,123.298843
161.000061,72.144257,211.277130,125.407463
157.233841,74.167778,207.364212,127.275665
153.363678,74.804382,203.203674,127.604820
151.274414,73.501259,200.783600,125.951019
149.404602,69.531670,198.763702,121.822357
147.586487,65.111748,196.476593,116.905289
145.744003,62.480904,194.387802,114.013046
145.681549,61.353951,194.375458,112.939270
143.057617,61.335880,191.948364,113.130081
143.508179,62.623142,192.473969,114.496994
143.060349,65.159752,192.466537,117.500961
142.472809,70.299339,192.266052,123.050827
142.794266,74.956993,192.898392,128.038025
143.358383,77.138657,194.024826,130.815094
143.535614,75.884521,194.860291,130.257889
144.951157,73.278847,197.066177,128.488144
144.719818,69.414368,198.005402,125.860481
143.994644,65.397774,198.225327,122.841492
145.341583,61.396961,200.424225,119.739113
145.245056,57.837349,200.850250,116.730057
145.393799,56.601398,201.326019,115.838654
143.603775,57.555065,199.358627,116.602272
141.691040,59.336052,197.132935,118.047958
139.962921,62.248463,195.111359,120.651199
139.076141,66.509171,193.795563,124.459915
138.526901,70.271996,192.897568,127.854965
138.531387,73.171364,192.354721,130.177155
139.743958,74.939896,192.714539,131.029770
138.621307,73.392815,190.998383,128.844391
139.444138,69.494850,191.439133,124.542709
139.867081,65.387444,191.355057,119.889267
139.160797,61.984020,190.152832,115.961296
138.211533,59.905426,188.387650,113.018784
137.824707,58.450451,187.367371,110.893097
137.071884,58.967457,186.020584,110.780495
138.728027,61.570686,187.196564,112.874161
140.799576,64.536682,188.817947,115.362419
142.702011,65.961601,190.591782,116.653503
142.489441,68.385780,190.131226,118.814194
141.349030,71.438965,188.806335,121.671379
138.191879,73.296524,185.533401,123.405907
135.201767,75.037651,182.492203,125.092758
131.852997,75.382454,179.002655,125.287994
128.092117,73.415039,175.134506,123.208839
126.603355,71.630608,173.509125,121.282104
124.072388,69.843979,170.839828,119.348320
121.385590,68.681633,168.073135,118.100983
118.302086,68.741180,164.928406,118.095390
118.466064,68.621704,164.905151,117.776726
119.364433,69.479065,165.841263,118.674232
121.272644,69.531281,167.713593,118.688286
125.116600,67.944641,171.614944,117.162712
129.390823,63.256336,176.209274,112.814926
133.391754,59.169895,180.448151,108.981628
134.052979,56.487995,181.339569,106.539520
134.600082,50.974953,182.229019,101.390228
140.361862,52.625237,187.911057,102.955795
145.828094,56.225346,193.687103,106.885086
148.336304,60.031334,196.296112,110.798164
153.164398,61.578930,201.179626,112.404648
157.349930,63.714928,205.524704,114.706711
159.338989,63.096558,207.606445,114.184807
162.167725,63.601059,210.472900,114.729347
163.268646,64.432243,211.688629,115.682373
164.663498,67.368973,212.966934,118.495430
167.224808,70.790802,215.853226,122.262154
168.694061,72.914337,217.597595,124.677635
170.289078,74.120735,219.902542,126.637421
171.164291,74.531013,221.572189,127.889801
170.678833,75.226265,221.988892,129.540268
167.985275,74.331573,220.289291,129.696884
162.451828,72.307549,215.596115,128.560715
158.343903,73.482147,212.367767,130.663773
153.342667,72.731972,208.258072,130.853745
148.616623,72.319939,204.160995,131.116409
142.431580,71.024506,198.822479,130.712845
140.223022,69.587852,197.484436,130.192535
137.489746,68.566017,195.651428,130.117554
134.845917,67.863182,193.918762,130.372208
135.191650,69.060516,195.034485,132.378021
136.960007,72.645386,197.545090,136.754639
138.768295,75.530647,200.011124,140.340775
143.342850,77.352547,205.310440,142.922516
147.642761,78.408218,209.885315,144.270889
152.727814,78.512283,215.405762,144.831085
158.270370,78.480797,221.112228,144.973938
163.438507,77.672661,226.233093,144.115509
167.353348,77.993065,229.780258,144.044891
170.554459,77.373947,232.212692,142.608292
173.575409,76.610565,234.280212,140.829971
176.168884,77.154808,235.927368,140.365845
176.555954,80.057579,235.337570,142.226624
174.411331,82.600288,232.154617,143.660599
173.616562,85.394974,230.462662,145.496216
171.835724,87.863983,227.883881,147.111282
170.842041,88.633713,226.052429,146.999146
170.678635,89.528976,225.049820,147.010254
171.209671,89.332230,224.955826,146.154388
171.931595,88.925781,225.157089,145.198349
173.071915,87.790894,225.900192,143.644180
176.365280,86.986160,229.190109,142.835785
178.624664,86.861580,231.473267,142.736313
179.568146,86.965324,232.581024,143.013641
182.559891,89.050285,235.885361,145.428558
182.427963,90.703217,236.214920,147.568604
182.764908,91.630592,237.389420,149.380066
182.421936,91.484116,237.883881,150.116684
180.838089,90.982597,237.015488,150.368958
176.333008,88.122055,233.082672,148.110794
172.902222,83.090691,230.466187,143.936584
171.156937,79.886459,229.337997,141.381363
168.558640,76.660187,227.070358,138.502563
167.575256,73.580650,226.079407,135.415100
165.441910,70.349953,223.861130,132.095154
165.782684,68.617912,224.201294,130.362473
165.622711,68.966690,224.196472,130.874283
165.667511,72.727257,224.388580,134.789658
164.156525,79.752457,223.071899,142.022324
164.399445,85.797546,223.520996,148.287567
166.461121,88.938484,225.803070,151.659943
168.311050,88.065063,228.003281,151.154312
170.446228,84.293411,230.546417,147.817795
172.757462,78.355698,233.355362,142.402283
174.060394,73.176125,234.820282,137.395325
176.353226,70.032417,237.129440,134.269012
176.354813,68.113045,237.070786,132.285446
175.732544,65.895874,236.227753,129.833038
174.368286,65.461143,234.521790,129.039795
173.356110,68.940208,233.024811,132.010208
172.115662,72.175652,231.461578,134.901352
171.630493,75.436798,230.725159,137.898666
171.134369,76.624191,230.137360,138.989792
166.614334,76.526413,225.810104,139.094421
160.427399,75.050613,219.526245,137.516861
154.709717,73.688614,213.692352,136.032837
149.245026,71.330978,208.095673,133.534271
143.792633,65.991394,203.055145,128.634476
135.127640,61.285278,194.504196,124.048111
130.454224,59.763058,189.813019,122.507248
126.453850,59.579327,185.785126,122.294632
125.073326,61.362331,184.589935,124.272232
122.816910,65.724045,182.476105,128.783661
122.576462,71.721016,182.526703,135.091080
121.814880,76.739647,181.961258,140.318939
122.443810,78.530716,182.859451,142.392502
125.082382,77.469772,185.876205,141.728348
130.825836,78.279793,192.056427,143.003754
135.993286,77.564034,197.438721,142.513245
141.379135,75.431404,203.285812,140.864197
149.394135,73.840225,211.382568,139.360046
150.411148,73.395775,212.276230,138.784271
149.405884,72.496704,211.425171,138.049332
145.668350,71.580040,207.837296,137.289444
140.911835,71.849457,203.480530,137.977646
134.876373,71.793480,197.989960,138.501144
128.133514,73.288681,191.924591,140.705612
119.711334,73.525871,184.343292,141.836243
111.648300,72.014786,177.111557,141.207611
104.622032,68.490005,170.692108,138.326431
97.638092,62.755955,164.309082,133.220184
91.011276,57.066559,157.889206,127.750099
86.096077,53.765518,152.470016,123.914970
85.531143,53.177219,151.640930,123.046745
84.561157,54.665852,150.611160,124.472908
84.136124,60.800800,149.986420,130.399216
82.580223,67.902313,148.244995,137.303955
80.574211,73.135597,145.958038,142.239258
77.348083,76.801048,142.601135,145.766006
71.366318,78.407257,136.490799,147.237823
65.151154,77.602539,129.887512,146.027328
59.220829,75.939453,123.722855,144.115494
53.908173,71.744385,117.942871,139.424347
54.892731,68.044083,118.585861,135.366714
55.490685,64.064293,118.803429,130.982773
58.330666,63.980572,121.071068,130.299866
63.526028,64.726952,125.592323,130.329330
68.740685,68.960724,129.952621,133.668076
71.124489,72.930450,131.722733,136.994415
72.241318,75.845657,132.428833,139.471970
77.091187,77.706535,136.784103,140.813934
81.213707,80.140503,140.549835,142.867325
85.938423,80.681862,145.070618,143.194550
90.769424,77.594116,149.953918,140.161697
95.228409,72.740685,154.709106,135.619278
99.311363,63.964149,159.668625,127.763123
107.262482,56.528347,168.394714,121.140411
115.878677,51.960663,177.618027,117.209213
123.060616,52.263821,185.434570,118.187920
127.733727,56.858555,190.530746,123.225861
128.881058,60.087654,191.988968,126.785583
130.776016,62.163971,194.236862,129.231369
132.047592,62.748169,196.087967,130.431320
133.652496,64.348305,198.492432,132.867920
132.975128,64.335480,198.726440,133.822556
131.683228,62.551235,198.160858,132.808670
133.219788,60.397747,200.194305,131.181732
133.630402,58.596214,200.750397,129.534348
132.425705,55.822330,199.641586,126.860565
133.704544,55.578110,201.069931,126.774635
132.318420,57.546127,199.695984,128.755569
132.457199,58.491329,199.836624,129.702728
132.460342,60.213615,199.951614,131.543442
131.709824,60.644405,199.286087,132.064209
132.270325,61.058193,199.722229,132.346313
132.757004,61.303135,199.852982,132.214371
135.531418,60.457203,201.951309,130.662537
137.970230,56.807159,203.747208,126.331207
141.567734,52.261646,206.709671,121.112167
147.053741,49.893791,211.521851,118.039841
150.777985,49.748085,214.625305,117.235138
153.694580,56.082211,216.677979,122.651337
153.922089,63.829952,216.202576,129.651550
152.607697,70.286026,214.322632,135.515152
153.058960,75.069908,214.175507,139.662033
152.294067,76.914017,212.938751,141.011444
148.997055,73.301483,209.117966,136.840775
148.592453,67.348808,208.224533,130.375214
153.243256,62.486092,212.085907,124.670441
159.373871,59.535641,217.451874,120.903488
164.594559,61.901398,221.729904,122.278656
164.836609,65.002266,220.651825,123.991127
164.886856,69.918510,219.527664,127.670052
160.802490,72.734619,214.414551,129.401321
154.024384,74.872307,206.680603,130.530075
148.344482,74.705971,200.222137,129.541107
142.349869,74.560196,193.663193,128.798447
134.466415,70.011543,185.250992,123.690529
130.251083,65.961594,180.873917,119.469330
128.710297,60.098511,179.485626,113.767700
131.907974,58.338921,182.888199,112.225075
132.820740,60.373989,183.941315,114.408737
132.097900,62.609589,183.443817,116.882675
132.244263,65.392410,183.653778,119.732758
132.581543,67.986328,183.774750,122.097885
131.228745,68.740242,182.258255,122.678658
128.617859,70.046928,179.456726,123.787361
126.136803,70.769135,176.779800,124.302170
123.409142,68.156082,173.914291,121.543167
126.577881,64.514359,177.290436,118.121048
129.908646,62.648640,180.543411,116.172974
133.205536,61.345783,184.082275,115.126312
142.844681,65.751984,193.775955,119.590248
147.334732,69.032738,198.363083,122.973785
152.964020,69.018745,204.342896,123.323807
160.863022,66.293465,212.464493,120.833969
165.217163,64.471146,216.924683,119.123802
168.720917,62.466675,220.351624,117.038078
170.687607,61.841908,221.841995,115.909515
172.731171,61.335022,223.087372,114.558403
172.850754,57.826305,222.386246,110.180702
174.418274,54.854012,223.271545,106.485260
175.352463,53.569378,223.455154,104.404099
174.308746,53.701000,221.631195,103.723633
174.449295,55.706703,221.139114,105.057175
177.484161,62.849220,223.637543,111.629028
174.712418,69.855865,220.551620,118.308113
170.918793,74.251236,216.393219,122.314903
166.484680,76.663528,211.896881,124.660912
160.251968,76.363419,205.640152,124.335747
155.124908,72.656479,200.616669,120.736870
154.084259,68.379257,200.260681,117.188972
158.116608,62.851929,204.684601,112.069862
159.515945,62.047817,206.132065,111.316933
160.351639,64.101051,206.798325,113.189911
159.850037,67.889641,205.820831,116.472229
161.204544,72.297935,206.362289,120.014465
161.848450,75.119774,206.449066,122.254944
161.179794,77.246414,205.262650,123.829292
161.670807,80.240845,205.053070,126.092003
162.128555,82.262291,204.716293,127.282822
164.285721,82.575073,206.272537,126.952751
166.248993,78.168091,207.811157,122.090797
165.485275,74.437531,206.556534,117.845970
169.024078,74.023323,209.624786,116.938797
171.701691,77.738640,211.829041,120.157669
170.941147,82.097893,210.353561,123.767105
168.735764,85.336014,207.432022,126.253258
165.193817,87.453209,203.573639,128.037796
161.269852,88.196945,199.337418,128.453262
159.508423,87.450447,197.028168,127.130867
158.801331,86.291618,195.813599,125.437843
155.976868,83.659966,192.567993,122.362892
152.299561,81.716278,188.268616,119.763504
147.354553,79.751801,182.872070,117.309875
144.752289,78.709496,180.225525,116.220818
141.025085,73.925713,176.740753,111.692940
139.617737,67.168701,175.615662,105.233856
137.838242,66.759651,174.064590,105.072273
135.164841,70.882370,171.363205,109.165482
135.382080,73.147285,171.616638,111.468559
135.512009,74.037575,171.988663,112.614037
132.879349,77.331573,169.765457,116.339615
130.916153,79.308998,167.934158,118.459618
129.901337,79.857422,167.011658,119.105225
128.050644,79.593864,165.339798,119.029915
131.241959,78.422256,168.726334,118.063812
137.293106,78.755539,174.839462,118.462341
143.662048,79.326591,181.214478,119.039803
150.455963,79.597649,188.138092,119.447380
155.809448,79.402275,193.354889,119.108131
159.283966,79.053207,196.836243,118.766251
160.963364,80.931358,198.277420,120.393623
159.671738,83.271194,196.423843,122.141922
160.686234,82.747902,196.839066,120.986946
164.615341,80.162514,200.382126,117.994637
163.134872,79.493004,198.398056,116.793556
162.398499,79.624840,196.727905,115.939735
157.252975,78.479774,189.610580,112.710182
152.520233,75.622276,183.466675,108.355995
154.700500,77.260689,183.648254,107.866768
153.208282,81.475929,180.439514,110.247093
152.477112,84.315308,178.510376,111.845718
151.813919,87.267998,176.724503,113.634163
150.792847,88.351578,174.826599,113.770752
155.963348,90.208946,179.172028,114.770042
158.159866,91.329056,180.852798,115.352936
160.467941,92.119995,182.638809,115.576416
161.712173,93.556602,183.625015,116.743782
163.682175,94.082733,185.539291,117.209122
162.787216,93.334175,184.729141,116.553078
163.309052,93.142708,185.583099,116.723946
162.177322,93.018196,184.768967,116.930840
152.937363,90.937256,176.706650,116.078751
146.781189,88.928589,171.154541,114.724503
140.977509,87.581192,166.632690,114.710205
138.845596,87.490341,165.087479,115.251190
135.330826,85.907852,162.358231,114.483307
134.418671,85.479240,162.408020,115.051003
132.651047,83.652687,161.647232,114.303200
132.691223,82.789413,162.705139,114.527863
133.880615,79.838394,164.849426,112.562531
136.660995,78.209152,168.420761,111.775284
138.377914,76.303574,170.999008,110.784866
140.379562,75.768822,173.608902,110.895210
142.739319,75.117706,176.645386,110.960632
143.595413,74.713020,177.955063,111.036217
142.949265,75.425644,177.712723,112.175735
139.137329,75.073639,174.401428,112.352997
138.966461,73.321457,174.759308,111.158951
138.951508,71.484306,175.347931,109.958900
139.449173,70.612556,176.178391,109.437950
140.042206,69.508934,177.160065,108.743980
141.589691,68.454430,178.987610,107.984276
141.388062,67.126884,179.026642,106.910072
144.834167,65.574791,182.908569,105.816734
146.277023,63.845383,184.703323,104.457260
146.811020,62.306641,185.823105,103.534332
140.411743,59.004364,180.316345,101.169205
140.043701,58.144093,180.495728,100.897408
138.426605,59.528534,179.217957,102.637718
133.497330,60.098022,175.095840,104.073418
132.357071,62.437565,174.654922,107.145599
128.177856,60.705910,171.384674,106.365181
130.865280,61.632561,174.892044,108.149055
130.998901,58.725479,176.145203,106.411270
136.854935,56.670498,182.878311,105.271515
139.893311,51.925228,187.011719,101.667892
143.141830,48.899132,191.177078,99.596848
148.052017,49.172459,196.797470,100.609375
152.721725,51.147797,201.899399,103.043381
154.483856,52.667915,203.738922,104.643974
158.863297,53.359264,208.203964,105.424355
161.495544,52.043964,210.892487,104.168716
161.000000,53.000000,191.000000,85.000000
162.297470,49.995804,192.223984,81.917572
165.203491,48.347939,195.057678,80.192558
169.309601,48.724270,198.965759,80.357666
166.849411,52.481075,196.223282,83.813370
166.404938,58.598610,195.534698,89.670532
163.311066,63.282024,192.207001,94.104523
156.201767,66.605827,184.960953,97.282158
149.061859,68.593315,177.781158,99.227013
142.000000,74.000000,194.000000,129.000000
134.201248,71.646973,186.525620,126.989700
134.000000,68.000000,164.000000,100.000000
130.868988,65.400887,161.307709,97.867928
129.430847,60.872780,160.300140,93.798164
132.424545,61.700214,163.537308,94.884773
135.082657,63.433094,166.429276,96.866127
137.997910,63.945972,169.725266,97.783539
146.000000,62.000000,189.000000,108.000000
147.918228,64.747856,191.333633,111.191566
150.501923,68.093742,194.198578,114.837898
154.736481,70.978760,199.080597,118.414505
156.882828,72.081665,201.740860,120.065582
159.134109,69.347343,204.746506,118.135918
163.661118,60.404224,213.407639,113.596550
163.072861,58.488850,213.247269,112.143303
159.792923,50.910599,210.333542,104.952805
159.596939,45.989403,210.159012,100.054756
159.578751,41.603508,210.178726,95.709724
155.227417,35.971100,205.792938,90.040146
153.776398,38.673382,203.953522,92.323563
148.686096,42.913841,198.410919,96.085121
143.605118,45.142212,192.926773,97.878082
140.821304,45.402714,189.750015,97.722069
140.811539,46.548515,189.226730,98.312431
141.173508,47.076996,188.900253,98.110321
139.566788,48.549042,186.612991,98.845123
138.025070,49.438858,184.371902,98.991844
137.064743,49.280846,182.672287,98.047348
139.265091,47.142582,184.431625,95.439308
142.068130,48.570610,186.761948,96.363800
143.666107,52.122192,188.171417,99.714302
145.462051,56.797844,189.855637,104.270798
145.589706,61.593071,190.221329,109.319931
144.644653,65.045555,189.430725,112.937164
145.667175,67.703133,190.705017,115.863297
142.448593,66.697060,187.838425,115.232178
143.676666,60.202766,189.593079,109.298798
146.379105,51.431175,193.033920,101.329834
150.029526,45.884861,197.233414,96.367630
152.561981,48.997387,199.801483,99.517982
154.615036,53.856892,201.690048,104.202728
154.597061,58.880787,201.589584,109.138985
62.000000,172.000000,83.000000,194.000000
63.620506,172.746658,84.337059,194.450333
68.019699,174.243774,86.493134,193.597534
68.772675,173.315475,85.882172,191.233505
70.657791,167.155930,86.972382,184.279068
75.423485,163.956528,91.242271,180.554703
78.608086,161.888153,93.747368,177.764374
74.796310,158.053528,89.937500,173.931671
72.910652,157.865112,87.177025,172.868439
71.352898,159.482101,83.961800,172.717453
68.625999,155.609512,80.732048,168.303329
64.054039,152.803223,76.141640,165.478577
61.019157,150.176971,72.191368,161.936951
58.802872,149.122162,68.904327,159.811401
57.602776,148.793991,67.412476,159.191483
62.862793,148.373932,72.215752,158.269012
65.495361,146.689163,74.823036,156.558945
67.773766,141.888306,77.046188,151.702820
72.806534,140.911346,81.994133,150.641022
75.083984,141.936203,84.563881,151.958176
76.138847,144.061432,85.878159,154.368774
77.680573,145.788300,87.474770,156.156006
81.893723,146.022034,91.621681,156.316864
87.264015,144.779770,96.821381,154.886948
90.266945,142.282974,99.631714,152.178299
92.656219,138.353394,102.075249,148.302979
95.065208,135.363190,104.788193,145.616730
98.011765,132.995071,107.757622,143.273758
100.607635,132.387497,110.320213,142.629593
101.218704,133.528397,111.014961,143.862534
99.743843,134.164642,109.562592,144.523499
98.630585,135.493713,108.391930,145.789429
97.521278,137.524506,107.286133,147.824066
92.700630,139.438812,102.528061,149.807190
89.508392,140.168228,99.278267,150.473312
89.452255,140.708771,99.179436,150.966888
86.640350,142.013306,96.224983,152.114624
87.611816,141.594635,96.865700,151.332123
89.003822,141.988312,98.058685,151.526794
nan,nan,nan,nan
nan,nan,nan,nan
nan,nan,nan,nan
238.000000,190.000000,274.000000,228.000000
242.831268,190.937592,278.886810,228.996124
247.416718,192.589676,283.397430,230.569351
248.348251,193.478592,284.233185,231.357162
247.994720,194.530197,283.657990,232.174789
250.877075,194.701340,286.313110,232.106094
248.387405,195.431107,283.514404,232.509659
241.769653,198.394196,276.723297,235.289734
239.214188,201.027435,274.088898,237.839539
236.592728,202.547775,271.292938,239.175430
231.742661,204.845734,265.758789,240.750214
226.120148,206.011795,258.754974,240.495529
222.134628,203.736176,254.215958,237.632874
222.820236,200.633453,254.585739,234.204742
225.188889,199.205383,256.847382,232.662994
222.384293,197.741211,253.391693,230.507019
224.450958,195.021942,253.952255,226.234558
229.085251,194.093155,257.201111,223.827988
229.378021,194.927200,256.403839,223.534409
233.509369,195.633316,259.978943,223.664413
237.067612,196.249008,262.951569,223.651077
237.778122,196.298355,263.600006,223.633591
239.107162,196.568359,265.057526,224.041962
239.701157,195.366730,265.791840,222.991425
238.687805,191.460342,265.053986,219.370743
238.800781,189.519272,265.634308,217.914322
236.807999,187.673828,264.088837,216.549316
234.793060,185.743042,262.356903,214.911621
233.246887,186.201843,261.326141,215.922668
230.038361,188.240250,259.198059,219.078781
226.547440,190.402985,256.532715,222.094635
223.492722,191.071411,253.718842,223.019958
221.168930,191.705582,251.556915,223.821213
216.093811,190.914154,246.775681,223.342651
211.403214,189.840530,241.473389,221.617874
210.506058,190.027481,238.951843,220.128036
206.469849,188.410599,233.175125,216.650620
206.734406,184.630081,232.358505,211.708817
209.668030,182.323288,234.703018,208.767593
211.728409,183.359879,236.625549,209.661026
213.129410,186.976913,238.190247,213.454849
215.616165,189.625122,241.797455,217.266602
218.457428,192.540695,246.141312,221.740433
219.452744,194.938110,247.370239,224.388153
220.423523,195.049408,248.924820,225.124969
220.373764,194.980011,248.828888,225.006226
225.910355,193.121964,254.762878,223.572983
231.917023,191.321152,261.236938,222.271805
234.560059,193.158539,264.425079,224.672485
236.904922,195.931564,267.470703,228.193008
238.087082,198.724731,270.165985,232.596924
237.342834,199.125107,270.012543,233.606003
234.446411,198.762192,267.509369,233.660172
230.692047,197.576920,263.183624,231.886703
226.044647,195.093643,258.319855,229.173965
224.337570,191.716003,256.601807,225.784698
222.294006,190.803360,254.489548,224.799210
218.157013,190.266037,250.084061,223.985245
217.064499,188.233505,249.186249,222.159592
219.155090,186.954910,251.389572,220.997116
218.803314,187.654221,250.993149,221.649094
218.034790,189.939331,249.880997,223.580170
215.641296,191.195938,247.129410,224.456314
212.726883,190.652008,244.381409,224.089203
211.788101,189.951920,243.695282,223.657578
211.403000,189.837982,243.102753,223.323273
210.139160,189.575989,241.386932,222.581055
208.895401,187.544586,239.542465,219.911377
209.359161,185.121750,239.716095,217.179703
209.177673,184.268631,239.266235,216.040878
209.878769,183.905167,240.046799,215.759445
214.194717,185.589417,243.973251,217.041626
218.785217,187.806458,248.417969,219.103149
221.826950,190.751724,251.904892,222.523270
223.008987,193.155746,254.013382,225.883652
224.884293,195.110291,256.458099,228.425385
228.532990,195.228851,259.736938,228.150970
235.216034,192.311249,265.416199,224.198212
242.955551,195.052338,269.362579,223.023804
nan,nan,nan,nan
nan,nan,nan,nan
nan,nan,nan,nan
nan,nan,nan,nan
nan,nan,nan,nan
nan,nan,nan,nan
nan,nan,nan,nan
nan,nan,nan,nan
nan,nan,nan,nan
nan,nan,nan,nan
nan,nan,nan,nan
nan,nan,nan,nan
nan,nan,nan,nan
nan,nan,nan,nan
nan,nan,nan,nan
nan,nan,nan,nan
nan,nan,nan,nan
nan,nan,nan,nan
nan,nan,nan,nan
nan,nan,nan,nan
nan,nan,nan,nan
nan,nan,nan,nan
nan,nan,nan,nan
nan,nan,nan,nan
nan,nan,nan,nan
nan,nan,nan,nan
nan,nan,nan,nan
nan,nan,nan,nan
nan,nan,nan,nan
nan,nan,nan,nan
nan,nan,nan,nan
nan,nan,nan,nan
nan,nan,nan,nan
nan,nan,nan,nan
nan,nan,nan,nan
nan,nan,nan,nan
nan,nan,nan,nan
nan,nan,nan,nan
nan,nan,nan,nan
nan,nan,nan,nan
nan,nan,nan,nan
nan,nan,nan,nan
nan,nan,nan,nan
nan,nan,nan,nan
nan,nan,nan,nan
nan,nan,nan,nan
146.000000,74.000000,176.000000,106.000000
144.883835,73.299736,174.826767,105.238976
141.964264,73.768486,171.725403,105.513817
140.999725,74.423409,170.565094,105.959923
141.404999,76.929565,170.703491,108.181427
142.925949,77.774490,172.052170,108.842590
146.369812,77.649948,175.247009,108.452423
150.797089,77.237106,179.598846,107.958923
155.924606,77.719894,184.712082,108.426422
161.221054,77.679001,189.905685,108.275589
165.809235,76.294662,194.353638,106.741364
167.853256,75.794609,196.155380,105.982307
171.274719,74.337822,199.372620,104.307198
173.323135,75.009445,201.319626,104.873917
174.822815,77.875336,202.676056,107.586334
174.681229,81.849289,202.387222,111.402527
173.960281,85.341560,201.596939,114.820518
172.040787,88.161308,199.644791,117.605278
170.047470,90.512383,197.552109,119.849892
168.441177,91.694740,195.883041,120.965004
165.768036,91.586624,193.161591,120.805130
161.070023,87.952606,188.477524,117.186050
160.694366,83.800285,188.183685,113.121407
156.138290,81.818016,183.756821,111.277580
153.268021,82.289894,180.951218,111.818764
148.303650,85.611420,176.071014,115.230469
146.081528,87.194649,174.010483,116.986839
145.348114,86.873627,173.589386,117.000427
144.154312,84.584030,172.587051,114.915497
141.768112,84.021591,170.532700,114.707794
141.035828,83.532478,170.081970,114.519661
138.982178,83.214478,168.311768,114.494553
136.104904,82.342201,165.632645,113.833626
133.832138,82.088234,163.388901,113.610619
131.326920,81.371590,160.928726,112.942009
128.118423,79.377312,157.780716,111.012245
