162.000000,92.000000,214.000000,147.000000
161.629044,92.486183,213.507095,147.357330
159.954391,96.041161,211.065323,150.100937
156.923126,99.234787,207.785156,153.031311
154.489365,100.079269,204.262192,152.722504
151.761414,99.559006,200.458069,151.061508
150.232590,95.309853,198.964890,146.850174
149.457687,91.031090,197.203110,141.524109
148.987625,88.502602,195.943710,138.156967
148.547348,87.945496,195.660599,137.767059
145.511429,87.821869,192.623001,137.641663
138.926697,87.662498,186.795776,138.271378
133.439484,90.524300,181.502869,141.339615
127.170746,92.615837,175.600372,143.812347
122.968590,91.855583,171.677673,143.348663
122.005089,89.196198,171.022705,141.016708
121.902298,86.172592,171.418900,138.512039
124.292923,85.196854,174.177292,137.926132
127.022156,85.937271,177.274872,139.056992
129.438232,86.893875,179.652374,139.972763
131.389755,90.231506,181.429276,143.125519
131.139999,93.127419,181.178299,146.020142
131.051880,94.332230,181.045746,147.178787
132.143417,94.866013,182.204605,147.783951
132.727524,96.642914,182.507309,149.268433
134.041367,98.116173,183.117661,149.995972
133.569717,96.635666,182.825394,148.702011
135.477234,92.539650,184.403168,144.256470
138.691895,87.627823,187.202271,138.903641
143.354294,82.056305,193.130600,134.675552
148.406372,78.955704,197.609375,130.967255
151.680817,77.220238,201.561188,129.949783
155.798019,76.386246,205.877151,129.326492
159.852158,76.206886,209.935562,129.151581
162.823364,78.688110,212.602203,131.316284
163.864700,81.671265,213.317734,133.954071
163.129074,82.886726,211.939774,134.488663
161.727753,81.516617,210.558655,133.139984
159.551224,78.310158,208.673965,130.243240
155.664093,75.585655,205.120697,127.865952
152.023666,73.679207,201.967148,126.475601
148.278809,75.019348,198.316345,127.915443
141.625610,79.485939,191.961639,132.692215
135.065765,83.563942,185.653687,137.036942
130.508881,85.488541,181.650665,139.547989
126.150085,84.516090,178.393188,139.740387
122.943565,84.141594,175.773926,139.986404
121.372864,84.333862,174.658981,140.660248
119.745995,84.350082,173.019394,140.663040
119.503609,82.175270,173.044006,138.770065
120.660454,76.620056,173.896591,132.893677
122.390747,72.530159,175.900604,129.092712
125.666153,71.226501,179.650040,128.289413
129.196274,73.400093,182.676590,129.922134
130.690247,77.832672,183.799316,133.962845
133.107407,83.529747,185.634109,139.045212
136.318680,88.163094,188.697983,143.522827
139.805923,91.629761,192.334000,147.146667
142.501282,93.104301,194.811768,148.391296
145.002472,90.662971,197.622955,146.277512
149.134201,85.443832,202.118637,141.442917
152.419968,78.559883,206.237015,135.438721
156.140411,73.566505,210.526520,131.046021
156.502060,70.326866,211.557755,128.512482
158.022308,70.385277,213.318695,128.824493
157.958008,76.812141,212.743927,134.713531
154.707779,82.115784,208.616379,139.092010
153.247040,83.731644,206.540863,140.058929
151.218781,86.038551,204.033691,141.860321
151.363129,87.540512,203.386139,142.525543
148.834961,87.072144,200.323822,141.502884
149.006714,84.129059,200.043976,138.082138
150.272995,80.741669,201.337296,134.722824
150.829224,81.283417,201.610016,134.970169
151.031113,86.356270,201.280441,139.480286
149.123764,91.470055,198.752548,143.937027
147.364700,92.282593,196.877365,144.626480
146.425186,92.294846,195.961075,144.663361
145.502945,93.392975,194.862381,145.574448
144.313446,94.680504,193.866241,147.066925
142.275864,94.489403,191.552750,146.583374
138.434982,91.730080,187.623276,143.730148
134.608734,88.822784,183.236328,140.228531
133.325882,85.912888,182.214706,137.595856
134.673370,85.009834,183.103699,136.206238
133.110580,90.192627,180.929764,140.740479
132.246964,95.628609,179.638596,145.722183
133.175613,99.395889,180.171951,149.069458
134.459030,103.036469,181.533554,152.793228
136.539429,106.364777,183.844360,156.361542
139.524796,105.934174,187.240128,156.358429
140.812088,99.525406,189.231216,150.697433
144.362656,89.706001,193.891251,142.055405
147.170578,82.642632,198.193832,136.576385
151.922897,78.556282,203.631943,133.202194
155.797928,76.674812,208.070023,131.916260
157.000214,79.361572,209.020752,134.337219
158.582489,82.420731,210.415009,137.201248
160.563309,83.997192,212.143448,138.510757
162.539322,84.775017,213.776596,138.925949
163.814392,85.716026,214.278259,139.048935
164.143845,85.231216,213.963394,137.881912
164.032623,85.223320,213.122131,137.100174
164.209335,84.667305,213.038345,136.273254
162.502625,84.534088,210.605560,135.369492
161.503647,83.269127,209.057205,133.532745
160.713974,84.886589,208.155685,135.031357
156.698288,89.686455,203.983963,139.665421
152.939407,91.827286,200.269180,141.852188
149.821732,91.896240,196.861099,141.612579
146.181274,94.310760,193.384766,144.198059
141.701874,96.878891,188.909851,146.770859
137.545013,94.821037,185.278809,145.260742
137.578552,90.795227,185.655579,141.599609
138.828186,87.980225,187.147034,139.036316
139.722626,87.335640,188.436920,138.811401
139.549026,87.285561,188.130203,138.620056
140.031769,87.990540,188.405884,139.105316
138.699661,88.708702,187.022324,139.768860
139.664200,90.670326,188.080063,141.829391
140.880356,93.267876,189.641098,144.792923
141.437744,94.470085,190.741638,146.571518
143.168747,93.045509,193.184494,145.901489
145.968460,90.028946,196.805374,143.738312
147.568924,86.794197,199.469833,141.630157
150.372345,84.029678,203.263062,139.912537
154.414978,81.518944,208.179901,138.325500
159.078857,79.351234,213.650146,137.008957
163.211975,78.440399,218.368927,136.715729
165.298889,78.603203,220.998138,137.449875
166.667130,80.792107,222.085159,139.342484
167.912247,81.821251,223.335831,140.377472
168.553894,81.933960,223.745209,140.245468
168.919266,81.326576,223.944290,139.462891
167.291916,80.793869,221.860001,138.448761
166.194046,79.241440,220.235367,136.340820
165.997208,77.562164,219.110428,133.682816
168.110474,74.216095,220.555145,129.631058
170.281342,72.237839,222.222778,127.121078
169.500916,71.026596,220.980652,125.421494
167.375443,70.549225,218.603867,124.678314
162.895645,70.020531,214.194809,124.224449
160.875839,71.470345,212.183945,125.683708
157.128708,73.622513,208.441330,127.840668
153.419525,75.633575,204.619507,129.732590
149.546387,76.218040,200.494568,130.050735
147.428635,74.859756,198.060257,128.357254
145.553513,70.828232,196.142044,124.280121
143.776825,66.404106,193.952789,119.419167
142.030823,63.828850,191.944519,116.566231
142.011490,62.731911,191.937729,115.482597
139.557922,62.736732,189.660522,115.674355
140.154800,64.055534,190.253464,116.989052
139.924377,66.548393,190.546844,120.026253
139.557556,71.735809,190.391327,125.437393
140.207794,76.414917,191.263672,130.351669
140.900742,78.645073,192.370743,133.011871
141.146622,77.487892,193.196243,132.467758
142.499283,74.934914,195.429001,130.828094
142.176331,71.069366,196.365479,128.293259
141.347427,67.044846,196.661453,125.454987
142.604492,63.023830,198.873138,122.439720
142.337677,59.379951,199.338898,119.566963
142.470734,58.121307,199.837128,118.692383
140.736465,59.069355,197.961533,119.491806
139.187866,60.958572,195.853210,120.792358
137.633621,64.016998,193.801956,123.327621
136.882980,68.377251,192.428848,127.032631
136.419296,72.159889,191.547043,130.374741
136.494690,75.076294,191.005829,132.641525
137.699402,76.808357,191.419678,133.539581
136.663345,75.220795,189.819138,131.356171
137.547409,71.351349,190.309464,127.071121
138.020828,67.284019,190.277725,122.470055
137.364410,63.899609,189.079895,118.513573
136.459579,61.660576,187.395554,115.450058
136.178146,60.199001,186.545059,113.385933
135.455521,60.664207,185.200485,113.192604
137.058594,63.271908,186.314636,115.282051
139.151550,66.263824,187.980469,117.821205
141.061752,67.644440,189.777054,119.081245
140.826248,70.013672,189.380508,121.279564
139.578842,73.013412,188.050461,124.191597
136.368271,74.797287,184.799332,125.932442
133.391922,76.570862,181.717239,127.593803
129.973282,76.844955,178.287430,127.856041
126.124794,74.854904,174.417252,125.842979
124.649345,73.051727,172.842743,123.936699
122.154030,71.219521,170.306992,122.062393
119.508293,70.037941,167.573944,120.789948
116.427147,70.145447,164.391541,120.792061
116.600990,70.098999,164.347855,120.514488
117.424919,70.932823,165.243164,121.424149
119.313942,70.882179,167.165695,121.409103
123.037476,69.259079,171.033676,119.939476
127.206932,64.526123,175.505447,115.527733
131.132339,60.534874,179.655319,111.774673
131.717789,57.821815,180.521713,109.359772
132.298370,52.355030,181.359985,104.166443
138.039337,53.985779,187.005585,105.698006
143.487015,57.580433,192.764694,109.623161
145.984879,61.393127,195.372665,113.552574
150.781738,62.888542,200.272949,115.157623
154.940247,65.029160,204.634613,117.513603
156.911560,64.443954,206.754669,117.086067
159.740356,64.939964,209.687286,117.692123
160.867981,65.796722,210.903259,118.642540
162.237259,68.716423,212.246780,121.535477
164.774536,72.147354,215.168640,125.366081
166.092712,74.140648,216.848755,127.742599
167.564072,75.368767,218.950882,129.638596
168.398438,75.765930,220.543274,130.837509
167.857986,76.368904,220.873459,132.360413
165.069489,75.445816,219.075531,132.464584
159.460800,73.254303,214.348434,131.202744
155.247559,74.441902,211.028168,133.332031
150.278473,73.743942,206.920197,133.541321
145.472748,73.365082,202.824921,133.910294
139.261856,72.061958,197.504196,133.543396
137.089050,70.591766,196.367462,133.161957
134.292267,69.642639,194.484528,133.172363
131.510361,68.922745,192.641159,133.437164
131.677017,70.089188,193.561356,135.393616
133.382233,73.613007,196.021942,139.721542
135.037811,76.490852,198.260193,143.219070
139.328369,78.336906,203.267761,145.815735
143.564514,79.334122,207.873383,147.205536
148.472412,79.354614,213.363617,147.835251
153.867905,79.258163,219.020065,148.015793
159.022247,78.416016,224.134430,147.131836
162.946625,78.734100,227.637665,147.009644
166.185837,78.161812,230.089218,145.601212
169.400452,77.382164,232.305298,143.760605
172.091629,77.933464,233.982681,143.233749
172.826782,80.855400,233.738434,145.113083
170.783920,83.522194,230.679092,146.696747
170.208832,86.423424,229.024689,148.446701
168.577316,88.954300,226.479233,150.001663
167.711227,89.704285,224.642258,149.713806
167.590775,90.567886,223.787460,149.791550
168.202347,90.352425,223.802689,148.948334
168.941711,89.890678,224.094421,148.014969
170.013580,88.702530,224.851990,146.495682
173.343719,87.889717,228.114014,145.611023
175.530975,87.744362,230.409607,145.579910
176.417374,87.779625,231.542404,145.875031
179.301361,89.875618,234.710419,148.270279
179.024368,91.456833,235.037643,150.488083
179.275131,92.404251,236.243027,152.440353
178.881775,92.265846,236.741943,153.256836
177.349823,91.805931,235.916595,153.540085
172.880295,89.052338,231.981094,151.347672
169.221252,84.028107,229.293060,147.343002
167.462418,80.839920,228.178421,144.830719
164.980255,77.674065,225.907257,141.886230
164.001846,74.644737,224.851181,138.774139
161.972168,71.512970,222.518494,135.319489
162.306396,69.768410,222.896973,133.621368
162.201080,70.150253,222.956482,134.176147
162.324036,74.012375,223.039459,137.995667
160.949936,81.258514,221.560593,145.131882
161.251755,87.388382,221.906296,151.307800
163.290421,90.527649,224.195877,154.710327
165.032562,89.633118,226.412201,154.321045
166.954483,85.779785,228.989456,151.154755
168.909927,79.606834,231.832779,145.911972
170.146454,74.296577,233.393433,140.946411
172.452133,71.073616,235.837601,137.868439
172.528000,69.173889,235.783157,135.832306
172.040924,67.063148,234.818787,133.221893
170.967102,66.794708,232.992004,132.152679
170.072906,70.394135,231.372223,134.991959
168.944016,73.646126,229.720993,137.696320
168.469681,76.878899,228.973679,140.638199
168.021408,78.024467,228.419052,141.672180
163.629791,77.987747,223.995880,141.602341
157.511536,76.473251,217.751587,139.955612
151.814407,74.994736,211.971481,138.390030
146.297073,72.573372,206.347610,135.856903
140.826202,67.264664,201.336609,131.030670
131.977356,62.491177,192.929260,126.720383
127.144920,60.861542,188.295334,125.302269
123.058731,60.561172,184.278610,125.074730
121.492279,62.243637,183.084473,127.147530
119.269363,66.634109,180.825333,131.500031
118.966705,72.618652,180.665588,137.634399
118.112595,77.573761,180.069321,142.863983
118.643585,79.377548,180.880157,144.965683
121.037857,78.298576,183.787003,144.423691
126.660637,79.225639,189.972412,145.949112
131.893326,78.676682,195.390793,145.594559
137.302414,76.676811,201.174911,143.987289
145.447296,75.030632,209.475128,142.506165
146.535049,74.612434,210.395187,141.912552
145.669678,73.838547,209.445129,141.048660
141.984009,72.933571,205.944183,140.339966
137.265228,73.256813,201.595947,141.056915
131.102554,73.352478,195.948654,141.691742
124.329758,74.910011,189.697891,143.803436
115.833565,74.931198,182.031311,144.691925
107.543259,73.464752,174.526108,144.045746
100.338722,69.989845,167.976135,141.264481
93.136414,64.427948,161.626236,136.605133
86.327904,58.651745,155.181183,131.213455
81.347427,55.261211,149.840073,127.441376
80.783180,54.654819,149.150925,126.702843
79.711044,56.103535,148.190765,128.270020
79.309105,62.243629,147.593979,134.203964
77.860291,69.344368,145.778595,140.922195
75.960197,74.535378,143.509872,145.722900
72.843536,78.318428,139.952896,149.039734
66.898232,79.982216,133.803329,150.490250
60.579525,79.070892,127.301575,149.384949
54.589500,77.349564,121.203690,147.549332
49.346527,73.088959,115.450569,142.748138
50.390419,69.458138,115.979721,138.579529
50.961575,65.469185,116.112701,134.125854
53.832527,65.357292,118.430763,133.435928
59.035557,66.090767,122.944328,133.437515
64.291809,70.348549,127.422691,136.868790
66.758881,74.250145,129.141815,139.987381
67.946312,77.176056,129.838669,142.399368
72.842522,79.257500,133.865952,143.555847
76.990433,81.828163,137.367722,145.449112
81.646896,82.485878,141.681183,145.746948
86.525253,79.531158,146.430771,142.657120
91.010902,74.861542,150.937454,138.009933
95.061226,66.348572,155.736176,130.295258
102.966385,59.140079,164.163223,123.634323
111.622597,54.544010,173.427551,119.675797
118.795822,54.915054,181.336395,120.829918
123.436737,59.528770,186.340622,125.824249
124.650688,62.734940,187.894806,129.392242
126.717484,64.914642,190.128296,131.746475
128.068878,65.618858,191.913788,132.905136
129.724854,67.299660,194.304962,135.367081
129.010666,67.189972,194.575974,136.303223
127.882782,65.507988,194.068939,135.279709
129.653931,63.346169,196.260498,133.557098
130.284439,61.569309,196.858780,131.746078
129.299454,58.743851,196.026657,129.082611
130.895432,58.513084,197.726608,128.962021
129.800873,60.491169,196.558533,130.862198
129.852402,61.424984,196.683731,131.874084
129.869598,63.085861,196.829834,133.671570
129.010895,63.374462,196.061707,134.056183
129.444351,63.795834,196.321335,134.296066
129.851929,63.983303,196.458008,134.196457
132.558945,63.086380,198.537796,132.634857
134.894928,59.264969,200.282928,128.186798
138.420837,54.572495,203.308228,122.970963
143.787338,52.088463,208.088730,119.864876
147.534897,51.984470,211.217514,119.113533
150.386017,58.336308,213.263672,124.610100
150.491531,65.996964,212.719528,131.579880
149.144028,72.447647,210.838425,137.471573
149.509399,77.165085,210.710846,141.664261
148.616821,78.875061,209.537628,143.080017
145.318787,75.086296,205.840088,138.865540
144.970200,69.215897,205.045456,132.527161
149.572266,64.238983,208.968109,126.837418
155.686386,61.209152,214.406815,123.098389
160.907379,63.522263,218.704590,124.441345
161.222214,66.342621,217.668930,125.841370
161.351349,71.102341,216.560059,129.297943
157.404190,73.858749,211.601089,130.988342
150.760773,76.055008,203.985352,132.159241
145.124802,75.861641,197.509476,131.079300
139.132751,75.699730,191.004333,130.375275
131.250900,71.114845,182.675156,125.317261
126.983315,67.002083,178.362396,121.156708
125.470978,61.171867,177.068130,115.557144
128.485062,59.525673,180.305206,114.146790
129.394424,61.542515,181.403900,116.363869
128.606293,63.739712,180.910324,118.866745
128.752441,66.540398,181.118912,121.733398
129.087845,69.050781,181.209503,123.985100
127.760475,69.777809,179.743713,124.568481
125.136566,71.095169,176.949875,125.706108
122.702774,71.813538,174.362122,126.261635
120.027679,69.223732,171.492172,123.465729
123.216896,65.641945,174.780853,119.989151
126.608337,63.802086,178.046036,118.015747
129.940811,62.555145,181.552826,116.953178
139.639236,67.034515,191.299805,121.483894
144.143738,70.314018,195.919907,124.885666
149.785675,70.320198,201.839432,125.185455
157.602676,67.599121,209.967499,122.787178
161.900818,65.781387,214.436050,121.149498
165.372025,63.732834,217.864319,119.055580
167.423798,63.133224,219.299881,117.804893
169.485764,62.482471,220.546936,116.292221
169.588898,58.821159,219.842178,111.791946
171.229141,55.750443,220.804321,108.016533
172.159790,54.401157,220.971939,105.858437
171.088348,54.410954,219.142899,105.064262
171.207458,56.229568,218.648056,106.243866
174.307327,63.486832,221.225006,112.945526
171.507584,70.457748,218.119751,119.591446
167.822021,74.918365,214.091019,123.686981
163.484512,77.300560,209.523529,125.829414
157.175903,77.035736,202.988998,125.329056
152.205887,73.633766,197.849457,121.746513
151.352036,69.549339,197.390167,118.082375
155.485229,63.949417,201.932388,112.908890
156.937607,63.172066,203.397278,112.144585
157.809357,65.208420,204.049362,113.951935
157.430389,69.038429,202.962387,117.043800
158.793900,73.443947,203.493439,120.562584
159.479050,76.500946,203.333405,122.718063
158.825424,78.657806,202.124847,124.282150
159.414612,81.642982,201.976822,126.496605
160.024979,83.688393,201.667603,127.579681
162.292221,84.024475,203.356049,127.309425
164.193283,79.473145,204.888336,122.371758
163.348099,75.648788,203.714661,118.202888
166.841339,75.177193,206.913071,117.422073
169.398758,78.792999,209.153168,120.705070
168.757858,83.246056,207.731201,124.337997
166.523895,86.522072,204.825333,126.890442
162.990524,88.626411,201.002655,128.690628
159.099014,89.393204,196.822754,129.154251
157.302994,88.675964,194.455872,127.836090
156.809341,87.577919,193.305634,126.046898
154.015442,85.163490,189.996567,123.089455
150.446503,83.215218,185.793411,120.471733
145.665756,81.296158,180.517426,118.029922
143.093948,80.327583,177.920837,117.035133
139.488480,75.782036,174.441406,112.622826
138.006165,69.135033,173.425797,106.469215
136.097504,68.745956,171.911118,106.495987
133.327194,72.883766,169.181976,110.677238
133.540237,75.241226,169.376221,113.014877
133.529831,76.189003,169.568573,114.176674
130.950577,79.512154,167.404755,117.926491
170.000000,70.000000,191.000000,92.000000
169.367645,70.958839,190.359009,92.949821
167.787521,71.108612,188.754807,93.074371
171.352158,70.655586,191.981644,92.267448
177.469833,71.448334,197.774246,92.719635
183.894104,72.151466,203.836151,93.043144
190.618057,72.096954,210.589218,93.019196
195.618546,71.622467,215.551071,92.504150
198.897171,71.187904,218.876083,92.118294
200.223740,72.851967,220.200150,93.779716
198.265549,74.803757,218.295425,95.787659
198.830566,74.230324,218.662354,95.016136
202.236633,72.187790,221.917542,92.815170
200.242477,72.470589,219.384079,92.531700
198.669769,72.668343,217.766083,92.681892
191.007919,71.347427,209.161636,90.371231
186.257858,68.074547,205.556534,88.303566
185.895004,68.853874,205.277969,89.171410
226.000000,113.000000,251.000000,140.000000
222.731003,113.332703,248.515182,141.177185
219.619797,114.126640,245.112411,141.657120
206.000000,92.000000,236.000000,124.000000
208.074341,92.681625,236.795410,123.320175
207.617172,94.270142,234.499557,122.943207
207.037491,93.394203,233.010635,121.090691
212.000000,106.000000,233.000000,128.000000
211.941940,105.497856,230.910294,125.373863
209.216110,105.122307,225.818497,122.507820
207.200363,103.373947,223.060715,119.973785
204.126053,104.452568,217.446487,118.353752
194.909836,103.680008,209.055710,118.406647
189.060043,102.837296,203.311722,117.669739
184.888474,102.749603,198.306137,116.748032
183.321808,103.464317,196.344299,117.067574
180.299759,103.218933,193.396744,116.896667
180.100861,103.658585,193.547882,117.686371
178.816605,103.226151,192.669144,117.688431
179.100677,103.843773,193.171448,118.539864
142.000000,208.000000,163.000000,230.000000
143.205490,207.584686,166.692337,232.184570
144.273300,207.313980,167.770004,231.924118
144.573959,208.088867,169.029587,233.697906
144.550705,208.933792,170.437271,236.030991
143.421997,209.996872,170.873535,238.779404
141.095093,212.223587,170.104187,242.619278
134.243240,213.383453,164.691666,245.266449
131.250351,213.235489,163.117844,246.583328
128.147980,212.704773,162.082367,248.248688
126.143913,213.110718,162.006134,250.695862
123.628922,213.392807,160.752335,252.309219
122.929100,213.711319,160.941360,253.539963
121.226234,213.947174,159.544891,254.090088
122.991798,213.121216,161.981415,253.969513
123.888214,212.199738,163.072235,253.252411
124.422714,211.163727,164.243149,252.884644
116.594330,207.583282,158.826721,251.836761
116.612343,207.556625,160.458923,253.499374
114.449875,209.978485,159.399216,257.074127
108.056763,210.873413,154.301453,259.350769
106.696594,213.947357,154.037125,263.567200
101.297691,212.909363,149.788818,263.727753
103.368637,214.993988,152.663635,266.649048
101.532715,214.722153,151.388840,266.960785
104.321373,215.811951,154.265381,268.143738
103.043030,213.443970,154.877075,267.779175
104.238922,212.979675,157.102692,268.403992
106.101631,214.958527,160.363037,271.859589
107.863350,217.360062,162.516739,274.667358
108.326691,218.551559,163.648712,276.563965
112.692635,219.317261,168.214935,277.540680
115.195419,217.385559,170.063705,274.919952
114.515236,211.465103,169.350586,268.964752
116.178276,206.973572,172.071243,265.588531
118.342598,204.019592,174.247116,262.646698
121.539619,203.110046,178.736496,263.098724
118.560837,206.215805,177.178452,267.674194
117.090942,211.949524,177.061005,274.829132
112.753601,217.406815,174.501160,282.152802
105.008438,221.261475,167.456100,286.741455
95.603050,223.558197,160.350647,291.447662
88.111252,225.293259,154.427155,294.823395
78.624168,223.330185,146.578354,294.571930
78.001266,224.594818,146.492844,296.405548
73.553146,222.190430,143.116287,295.119324
72.011063,218.639618,141.171249,291.148285
76.163925,220.935074,145.801834,293.941925
78.213188,223.304520,149.023148,297.550385
80.002930,224.178619,151.589890,299.245270
83.394379,226.911438,155.146408,302.152344
82.655251,229.534424,156.281921,306.754089
82.474556,232.912140,156.390167,310.436371
84.736626,236.401733,159.050125,314.345367
84.456894,239.154327,157.724365,316.010071
83.610512,238.519028,157.219025,315.729645
nan,nan,nan,nan
256.000000,140.000000,277.000000,162.000000
258.000000,143.000000,283.000000,170.000000
260.337799,139.088760,285.870758,166.662735
264.874298,136.580490,290.161896,163.890244
267.869629,131.938263,293.247192,159.344879
278.295502,131.020142,305.497955,160.391998
288.036041,133.795029,314.881500,162.784378
297.815918,135.733994,324.994751,165.081406
nan,nan,nan,nan
nan,nan,nan,nan
nan,nan,nan,nan
nan,nan,nan,nan
10.000000,164.000000,35.000000,191.000000
18.229279,162.248520,42.611919,188.583664
27.691345,159.533066,51.129276,184.847916
34.658089,160.960617,56.795353,184.866409
38.909706,162.697357,60.176167,185.694489
5.000000,8.000000,35.000000,40.000000
5.813781,10.898590,35.676884,42.752861
5.553525,12.843026,35.377800,44.655880
6.693518,15.043826,36.422939,46.755501
3.108829,14.501115,32.896641,46.275070
3.310362,12.446375,32.974133,44.088020
4.806957,8.273334,34.353859,39.790321
7.627203,6.547694,36.686012,37.544052
8.678337,11.031099,39.508980,43.858349
10.867743,14.938225,42.574326,48.697929
12.914092,19.478058,44.453094,53.059708
14.534434,21.537518,45.704029,54.726673
16.892385,23.178967,47.754784,56.041729
20.220800,24.821329,51.042030,57.640266
30.000000,12.000000,73.000000,58.000000
35.198082,8.833968,78.338539,54.983994
48.000000,38.000000,69.000000,60.000000
54.142021,39.085976,74.914963,60.848602
42.000000,8.000000,94.000000,63.000000
44.217342,9.286860,95.865295,63.914890
48.151791,10.164095,99.775726,64.766716
49.617424,10.740662,100.997704,65.085564
48.456211,11.415493,99.779938,65.700577
47.836891,10.947856,99.275612,65.354568
46.067242,9.843681,97.338928,64.073730
44.200333,9.570282,95.406609,63.731148
48.695915,9.582098,99.807083,63.642368
50.524139,8.331449,101.583305,62.336720
52.416134,3.868186,103.440125,57.836250
56.484901,3.166036,107.731247,57.365005
58.762459,4.712868,110.081451,58.988674
60.334953,7.358521,111.695160,61.677921
62.304710,9.820590,113.451157,63.913898
66.568779,10.929502,117.360565,64.647690
71.830284,10.446815,122.399139,63.928959
75.027214,8.494519,125.558578,61.936974
76.985664,5.106101,127.254654,58.270752
79.086044,2.847118,129.120972,55.763927
80.730438,1.025682,130.467667,53.633118
86.000000,14.000000,116.000000,46.000000
87.000000,2.000000,139.000000,57.000000
94.000000,32.000000,119.000000,59.000000
92.258835,33.434631,117.314667,60.494766
90.340691,35.718506,115.301338,62.676125
84.794037,37.554398,110.037720,64.817696
79.799728,38.169334,105.204697,65.606323
79.434227,38.980778,104.792320,66.367271
75.756966,40.307178,101.110283,67.688530
77.131149,40.086834,102.397797,67.374855
79.442307,41.082474,104.158585,67.777794
82.351685,42.977558,106.521469,69.082664
85.398949,45.084629,109.305458,70.905388
88.662300,45.708954,112.370445,71.314819
92.484261,46.761066,115.774208,71.913887
98.497589,47.614456,121.351990,72.295441
103.787491,48.875278,126.352127,73.241302
105.882866,49.577633,128.140930,73.610420
106.734558,51.112953,128.452499,74.558640
108.820450,52.429150,130.611084,75.954147
107.266281,53.544819,129.301178,77.336296
101.993362,56.311886,124.286011,80.372314
99.972496,59.353355,121.927116,83.046364
98.082153,60.966385,120.005692,84.625488
94.011147,63.154343,115.792305,86.658127
86.047798,64.069801,108.128365,87.900215
76.354507,62.425243,98.951492,86.794533
69.185074,60.303501,92.626709,85.590881
65.694191,60.424488,89.127922,85.703308
57.570370,59.158241,81.767586,85.264168
54.600758,56.065002,78.877350,82.256653
53.579838,55.165707,77.872711,81.374947
53.614628,54.518364,77.767380,80.576271
55.361893,55.050636,79.129997,80.693123
57.443554,56.095482,80.938187,81.441704
59.008556,55.986057,82.214981,81.020050
62.782669,55.497158,85.820297,80.348289
66.462479,53.907833,89.060257,78.300789
69.554108,49.123947,92.122803,73.485298
72.543442,48.243618,94.888519,72.361916
73.670738,47.571522,95.928917,71.595360
74.396118,46.500443,96.682602,70.555046
74.614479,48.457199,96.640053,72.228210
73.774620,51.894272,95.648643,75.507141
72.542442,54.583580,94.014503,77.757942
70.474297,56.178677,91.901970,79.304611
68.400429,58.013283,89.494804,80.775627
64.034271,58.607479,85.565063,81.826080
58.537884,58.811119,79.827667,81.766808
57.239109,58.631367,78.585411,81.646141
52.754951,56.172012,74.472839,79.592148
52.843365,52.564686,74.678474,76.112701
54.945538,51.764759,76.642029,75.161560
56.916824,52.496700,78.151237,75.389412
58.172020,55.230549,79.321014,78.033966
60.565861,58.290447,81.298706,80.658806
64.075127,62.619114,84.629181,84.791656
65.337555,65.725708,85.304466,87.255180
66.766838,66.225105,86.539551,87.540970
65.414322,65.362206,85.145287,86.632156
66.912140,64.515846,86.738884,85.891144
68.203003,64.136971,87.928307,85.400681
65.741325,66.146774,85.584213,87.539818
63.111515,68.528183,82.933311,89.898018
60.122509,71.184853,79.849823,92.450760
55.988518,72.950943,75.988045,94.516289
49.852634,74.251602,69.785217,95.743309
42.933826,73.579018,63.246819,95.489166
35.281933,71.760750,55.973129,94.067123
30.817757,69.303307,51.339664,91.424271
27.216375,68.404877,47.897758,90.700508
23.240551,67.578148,44.048996,90.012939
23.078861,66.223000,43.830528,88.595612
26.455631,65.296562,46.780548,87.201782
27.867960,66.309074,48.106972,88.124298
29.559458,68.525406,49.610397,90.143608
30.983675,69.170998,51.020264,90.774170
32.558807,68.504257,52.465816,89.971687
36.250984,67.701439,56.230846,89.249008
40.041889,67.752441,59.591118,88.826317
43.334656,66.523354,62.813679,87.520004
46.109253,63.897057,65.361618,84.655716
48.684055,62.403683,67.842575,83.063805
50.155003,61.466034,69.185257,81.991470
51.525658,60.931370,70.698570,81.606598
53.554745,63.281380,72.503113,83.720840
54.278454,65.264694,73.120132,85.586235
52.162205,66.555267,70.960091,86.828407
46.805805,66.754707,65.998833,87.464584
39.919289,66.929207,59.199200,87.730316
31.870281,66.515053,51.725990,87.920746
23.886560,64.766754,43.979214,86.433083
14.314553,61.843781,35.107658,84.243919
4.598254,60.467991,25.622818,83.121635
-5.070304,60.032650,17.012438,83.792572
-12.924240,60.081627,9.395156,84.088493
-17.098698,59.336353,5.307163,83.437202
-22.824818,54.934334,0.674772,80.224022
-23.168934,54.590229,0.253224,79.796036
nan,nan,nan,nan
nan,nan,nan,nan
nan,nan,nan,nan
nan,nan,nan,nan
nan,nan,nan,nan
nan,nan,nan,nan
nan,nan,nan,nan
nan,nan,nan,nan
nan,nan,nan,nan
nan,nan,nan,nan
nan,nan,nan,nan
nan,nan,nan,nan
nan,nan,nan,nan
nan,nan,nan,nan
nan,nan,nan,nan
nan,nan,nan,nan
nan,nan,nan,nan
nan,nan,nan,nan
nan,nan,nan,nan
nan,nan,nan,nan
nan,nan,nan,nan
nan,nan,nan,nan
nan,nan,nan,nan
nan,nan,nan,nan
nan,nan,nan,nan
nan,nan,nan,nan
nan,nan,nan,nan
nan,nan,nan,nan
nan,nan,nan,nan
nan,nan,nan,nan
nan,nan,nan,nan
nan,nan,nan,nan
nan,nan,nan,nan
nan,nan,nan,nan
nan,nan,nan,nan
nan,nan,nan,nan
nan,nan,nan,nan
nan,nan,nan,nan
nan,nan,nan,nan
nan,nan,nan,nan
nan,nan,nan,nan
nan,nan,nan,nan
nan,nan,nan,nan
nan,nan,nan,nan
nan,nan,nan,nan
nan,nan,nan,nan
nan,nan,nan,nan
nan,nan,nan,nan
nan,nan,nan,nan
nan,nan,nan,nan
nan,nan,nan,nan
nan,nan,nan,nan
nan,nan,nan,nan
nan,nan,nan,nan
nan,nan,nan,nan
nan,nan,nan,nan
nan,nan,nan,nan
nan,nan,nan,nan
nan,nan,nan,nan
nan,nan,nan,nan
nan,nan,nan,nan
nan,nan,nan,nan
nan,nan,nan,nan
nan,nan,nan,nan
nan,nan,nan,nan
nan,nan,nan,nan
nan,nan,nan,nan
nan,nan,nan,nan
nan,nan,nan,nan
nan,nan,nan,nan
nan,nan,nan,nan
nan,nan,nan,nan
nan,nan,nan,nan
nan,nan,nan,nan
nan,nan,nan,nan
nan,nan,nan,nan
