162.000000,92.000000,214.000000,147.000000
161.637009,92.568916,213.444412,147.365433
159.495880,95.575546,211.183441,150.245300
156.423462,98.659500,207.656799,152.848816
153.854996,99.548698,204.164474,152.760849
151.162308,98.702911,200.515701,150.902740
149.725922,94.843399,198.760803,146.705612
149.122894,90.551659,197.116516,141.330963
148.457504,88.086075,195.521622,137.877777
147.935394,87.619331,195.309326,137.733749
144.670837,87.553612,191.983704,137.603149
138.260590,87.310333,186.143951,137.966034
132.849625,89.994537,180.955032,140.886169
126.909988,92.073250,175.161606,143.117050
123.306152,91.461082,171.728760,142.686340
122.418823,88.615898,171.348999,140.379791
122.462326,85.681557,171.797867,137.875626
124.751488,84.504601,174.636246,137.280823
127.498451,85.257317,177.488892,138.145569
129.817230,86.025528,179.803101,138.908920
131.779785,89.320984,181.676758,142.110153
131.419922,92.192924,181.455902,145.129425
131.335770,93.301971,181.379959,146.246994
132.472168,93.821236,182.569733,146.821732
132.951782,95.493019,182.655273,148.076248
134.285995,97.206535,183.229172,148.983841
133.778946,95.638588,183.009720,147.721100
135.690720,91.208549,184.726456,143.084305
138.649170,86.167702,187.229309,137.569641
143.656448,80.459412,193.039871,132.713806
148.413971,77.687920,197.194763,129.303528
151.834213,76.099800,201.091446,128.221008
155.941849,75.153900,205.506699,127.601173
159.901489,74.900772,209.468048,127.349846
162.737106,77.403755,211.894608,129.419205
164.082184,80.688301,212.697205,132.128708
163.342758,81.996727,211.122299,132.550491
161.991959,80.611511,209.839157,131.237152
159.655365,77.249069,207.906158,128.303528
155.685608,74.424965,204.489197,126.066078
152.181305,72.595512,201.507263,124.790977
148.550674,73.968094,198.015915,126.311203
141.637619,78.251366,191.708084,131.236023
134.935364,82.279366,185.312195,135.582413
129.849930,84.065018,180.865616,138.044479
125.718102,83.129791,177.686096,138.098190
122.699539,82.852806,175.224274,138.410065
121.054314,83.099419,173.966064,139.065613
119.401878,83.308968,172.160217,139.113083
119.116173,81.238831,172.198151,137.384903
120.086327,75.648323,172.879150,131.489182
122.007339,71.640152,174.879150,127.564476
125.224541,70.357513,178.624481,126.839851
128.778503,72.554375,181.577240,128.402115
130.319565,77.003891,182.841721,132.559402
132.583069,82.743668,184.669403,137.838684
136.081696,87.531136,187.674194,142.104370
139.543396,91.006714,191.284393,145.737015
142.126633,92.518745,193.634079,147.002045
144.667755,90.183022,196.438843,144.945190
148.654465,84.966446,201.112289,140.454971
151.889023,78.098877,205.299942,134.594452
155.468979,72.874901,209.713394,130.250275
155.850723,69.790771,210.788223,127.897026
157.275345,70.015335,212.227127,128.136902
157.148682,76.373375,211.591339,133.948792
153.906219,81.443695,207.494751,138.118408
152.236115,82.950287,205.454742,139.234558
150.277863,85.303268,202.860962,140.916718
150.610001,86.792038,202.452560,141.623016
148.260010,86.342072,199.531799,140.569366
148.416550,83.451813,199.199051,137.161591
149.628662,80.110397,200.516296,133.931473
150.170822,80.642021,200.664688,134.046173
150.324265,85.659134,200.247147,138.458694
148.491821,90.775215,197.610748,142.722595
146.702972,91.304085,195.972565,143.408142
145.806213,91.399948,194.905212,143.323196
145.070038,92.711868,193.571991,144.014206
143.937973,94.071373,192.524063,145.463013
141.998352,93.883385,190.222168,144.890564
138.183365,91.023567,186.368851,141.990082
134.407364,88.109055,182.023270,138.482727
133.125900,85.167755,180.972946,135.787003
134.456055,84.351402,181.778351,134.413132
132.829269,89.531265,179.457169,138.855194
132.252853,94.969734,178.038559,143.397690
133.246002,98.758133,178.485809,146.604584
134.552246,102.453629,179.751312,150.257568
136.681396,106.006874,181.807281,153.734467
139.576828,105.516960,185.234970,153.799957
140.868774,99.213768,187.113342,148.121429
144.361862,89.260582,192.007767,139.629196
147.401260,82.247536,196.141678,133.779053
152.085251,78.022499,201.490128,130.259155
155.926773,76.138123,205.956985,129.037628
157.131165,78.789200,206.954132,131.473343
158.666626,81.903427,208.362213,134.452560
160.623535,83.471092,210.071564,135.757812
162.574295,84.140953,211.808090,136.200562
163.821014,85.195869,212.214081,136.364319
164.075211,84.695869,211.908890,135.270691
163.901367,84.615646,211.227661,134.651382
163.960495,83.994873,211.238419,133.979218
162.514786,83.903114,209.040695,133.104126
161.575653,82.769173,207.477325,131.306122
160.720764,84.270531,206.540009,132.719666
156.811920,89.238342,202.240540,137.271378
153.160324,91.434509,198.563889,139.440872
150.053040,91.503059,195.135437,139.167313
146.428436,93.933212,191.487671,141.573303
141.851425,96.425537,187.031174,144.191391
137.728653,94.308060,183.469986,142.659912
137.779739,90.314178,183.879745,139.048080
138.964005,87.407707,185.457413,136.551743
139.920151,86.831596,186.753128,136.336868
139.795883,86.733376,186.540237,136.144363
140.287842,87.459503,186.675934,136.491470
139.055161,88.306671,185.123245,136.998199
139.959274,90.235374,186.185867,139.092148
141.204193,92.884613,187.650635,141.970596
141.788757,94.006439,188.749176,143.639206
143.529022,92.694130,191.143402,143.022598
146.390533,89.576874,194.787567,140.736908
148.327774,86.440681,197.624466,138.555466
151.165176,83.729149,201.356400,136.792145
155.511841,81.244804,206.519440,135.172195
160.458038,79.171402,212.119324,133.777618
164.522858,78.316208,216.656250,133.421768
166.727066,78.568665,219.328354,134.168610
168.104004,80.725197,220.567688,136.179749
169.257217,81.632553,221.885208,137.260712
169.951187,81.689667,222.313309,137.036911
170.257523,81.116402,222.330124,136.157745
168.819946,80.570168,220.302277,134.987839
167.560684,78.990555,218.747726,133.095917
167.220474,77.289383,217.603958,130.544830
169.416840,74.148087,219.010254,126.566986
171.646332,72.219109,220.664703,124.028450
170.930359,71.068123,219.330963,122.234993
168.795807,70.593590,216.918762,121.465813
164.308609,70.034172,212.587814,121.069023
162.244751,71.476021,210.603943,122.595757
158.545837,73.630402,206.863861,124.706451
154.750732,75.632591,203.026154,126.663429
150.759171,76.135422,198.972916,127.100800
148.680161,74.747528,196.616409,125.424088
146.656906,70.700958,194.631424,121.418167
144.867325,66.248497,192.483292,116.584755
142.978836,63.528584,190.487442,113.750755
142.954773,62.379868,190.492249,112.632721
140.329605,62.288696,188.165787,112.858932
140.983078,63.565598,188.867447,114.187027
140.751282,66.085388,189.088074,117.187500
140.430023,71.359863,188.885712,122.588165
141.039078,76.078598,189.535019,127.349609
141.700226,78.317505,190.533691,129.946701
141.938568,77.178123,191.304779,129.372681
143.278152,74.584259,193.625809,127.819130
143.065491,70.793846,194.497345,125.176712
142.349213,66.832413,194.757355,122.247902
143.560593,62.790260,197.047653,119.345749
143.383301,59.343781,197.390808,116.448616
143.617401,58.092354,198.037964,115.632767
141.895798,59.011402,196.195358,116.424225
140.180222,60.963234,193.991226,117.860847
138.722458,64.188759,191.883560,120.400383
137.888229,68.487389,190.593887,124.218269
137.333160,72.122772,189.738037,127.535858
137.455856,75.088211,189.146652,129.746811
138.646500,76.883522,189.558517,130.718430
137.684631,75.342178,187.957977,128.500839
138.638062,71.431564,188.532013,124.188522
139.110519,67.354042,188.444901,119.517876
138.504837,64.082306,187.218704,115.588409
137.668625,61.944275,185.531021,112.546768
137.400909,60.532444,184.680542,110.515762
136.689941,61.081215,183.332550,110.400970
138.300598,63.667336,184.533936,112.551712
140.420273,66.677620,186.170059,115.057861
142.291641,68.086044,187.957596,116.376976
142.046066,70.422173,187.557205,118.548172
140.907303,73.389702,186.469315,121.569885
137.676193,75.130104,183.322372,123.399933
134.674789,76.781914,180.371750,125.105820
131.201416,76.942589,177.088287,125.468796
127.337624,74.895523,173.296722,123.498665
125.803276,73.069206,171.670547,121.574539
123.269707,71.171669,169.159286,119.700760
120.606239,69.861176,166.610504,118.512444
117.518349,69.949387,163.404053,118.477043
117.735649,69.914047,163.403702,118.209862
118.564690,70.751701,164.284592,119.102737
120.556053,70.823868,166.151718,119.042564
124.403473,69.186882,170.143600,117.559448
128.603302,64.500046,174.603745,113.149895
132.625595,60.554577,178.775818,109.360573
133.255005,57.929337,179.593582,106.931702
133.824615,52.431488,180.356461,101.639450
139.691528,54.216427,185.990402,103.176537
144.996765,57.652512,191.693222,107.027115
147.494003,61.544491,194.193329,110.922142
152.331680,63.020912,199.166626,112.542854
156.509872,65.142166,203.524963,114.855759
158.438660,64.554306,205.647110,114.469299
161.233673,65.015778,208.567459,115.061325
162.351746,65.834946,209.821304,116.024750
163.747406,68.812302,211.155624,118.936935
166.316208,72.244644,214.106140,122.774857
167.594910,74.206139,215.831711,125.211159
169.079178,75.417152,217.959381,127.104973
169.715622,75.857185,219.374115,128.370941
169.177032,76.593910,219.714462,130.039337
166.374832,75.618767,217.986206,130.201309
160.744522,73.469170,213.215118,128.960510
156.548782,74.622513,209.963379,131.111298
151.528214,73.868263,205.802979,131.265015
146.634949,73.357124,201.731323,131.620300
140.561340,71.985367,196.600708,131.242065
138.475586,70.627640,195.398376,130.814270
135.661392,69.685219,193.507462,130.859909
132.749039,68.851364,191.551834,131.048752
132.965149,69.916901,192.583130,132.984726
134.726929,73.507263,195.040070,137.316574
136.403366,76.377441,197.403885,140.907944
140.803665,78.159233,202.606216,143.530594
145.104706,79.225029,207.150391,144.855209
149.911224,79.201721,212.574280,145.478653
155.328552,79.112709,218.280884,145.697281
160.483231,78.253822,223.421127,144.823029
164.335815,78.571014,226.893951,144.736359
167.747330,77.937180,229.561050,143.310852
170.809433,77.161423,231.600754,141.446747
173.538193,77.727409,233.398056,141.020172
174.203110,80.774147,232.949661,142.879379
172.199539,83.438293,229.974716,144.506287
171.779388,86.320953,228.476807,146.236847
170.314514,88.957626,225.848206,147.648529
169.378220,89.720161,224.064987,147.518753
169.240829,90.577194,223.219711,147.629288
169.760971,90.382217,223.171768,146.824142
170.527191,89.879776,223.607452,145.972794
171.580475,88.681931,224.325684,144.421295
174.790268,87.823753,227.543320,143.571411
176.993607,87.718887,229.815231,143.539001
177.906799,87.760468,230.903809,143.765915
180.833771,89.823074,234.133270,146.153839
180.464676,91.407639,234.427048,148.438095
180.641586,92.351204,235.544418,150.391785
180.289154,92.213463,235.973907,151.092834
178.702805,91.653885,235.149979,151.336517
174.186172,88.733887,231.369980,149.191910
170.581024,83.637466,228.729645,145.110199
168.936508,80.498032,227.675095,142.590744
166.328903,77.231979,225.460129,139.743958
165.350388,74.187057,224.393387,136.606415
163.288116,71.101776,221.997284,133.170593
163.646072,69.356064,222.446121,131.521927
163.514084,69.756577,222.461319,132.079620
163.573975,73.534805,222.697601,136.046204
162.168716,80.509705,221.421890,143.157120
162.541092,86.771431,221.698990,149.318817
164.557968,89.889191,224.025497,152.761673
166.388672,89.037582,226.174133,152.243896
168.370102,85.183472,228.795914,149.072830
170.285568,79.032990,231.583908,143.837799
171.479828,73.800629,233.030090,138.869537
173.719971,70.667717,235.435242,135.912277
173.800140,68.657646,235.472778,133.856827
173.299286,66.492462,234.548096,131.240463
172.186752,66.225327,232.731430,130.235107
171.249374,69.810928,231.204666,133.192673
170.195587,73.124847,229.601562,135.920654
169.801300,76.415878,228.838623,138.824600
169.327530,77.528473,228.364517,139.936829
164.916290,77.514999,223.955902,139.926117
158.741379,75.909546,217.793900,138.334213
152.975494,74.389236,211.955444,136.737717
147.513626,71.878006,206.489059,134.221664
142.108170,66.597504,201.471268,129.355103
133.305588,61.914860,193.034439,125.056488
128.404984,60.298763,188.324142,123.643394
124.278824,60.039608,184.242264,123.431465
122.607201,61.666748,183.044830,125.564407
120.152443,65.974983,180.708481,129.996872
119.818237,71.923363,180.653427,136.242706
118.951782,76.871399,180.049728,141.470734
119.434280,78.678757,180.907898,143.671936
121.898468,77.621254,183.751938,143.012680
127.555191,78.495148,189.929535,144.441055
132.799179,77.917389,195.478180,144.182449
138.203461,75.800529,201.151688,142.351929
146.220978,74.211388,209.235977,140.833771
147.257812,73.740379,210.163620,140.248444
146.541229,73.001312,209.265488,139.316299
142.920471,72.085220,205.765366,138.528503
138.167267,72.405823,201.318771,139.175186
132.179306,72.556076,195.754852,139.769348
125.378830,73.827431,189.382843,141.495926
117.023621,73.850586,181.798080,142.325089
108.905197,72.226677,174.393250,141.458679
101.819328,68.625465,167.832443,138.414337
94.734352,62.982128,161.448303,133.503220
87.993248,57.272209,154.864700,127.960190
83.018715,53.962170,149.465546,124.200180
82.490791,53.339058,148.843658,123.477501
81.380417,54.767166,147.804733,124.981323
80.840149,60.709667,147.130371,130.781738
79.190010,67.673882,145.331024,137.587845
77.216675,72.849716,143.051361,142.443619
73.984032,76.507378,139.540665,145.806381
67.978256,78.093452,133.422226,147.272964
61.655499,77.229805,126.854912,146.149948
55.732674,75.513618,120.788544,144.283707
50.406158,71.344048,114.931938,139.559937
51.368572,67.598518,115.546654,135.445312
51.805199,63.517918,115.786919,131.159286
54.606812,63.408588,118.066727,130.495544
59.728371,64.109505,122.524666,130.491348
65.035301,68.377296,127.016487,133.892288
67.492310,72.312523,128.744766,137.051758
68.673851,75.314774,129.382263,139.483643
73.420242,77.284180,133.526825,140.811768
77.507851,79.841415,136.934509,142.655655
82.078186,80.430260,141.250290,142.977234
86.914246,77.526993,145.914352,139.893372
91.375595,72.790031,150.486572,135.272812
95.559265,64.308212,155.267990,127.418633
103.623009,57.021088,163.764877,120.593529
112.282906,52.295929,172.924286,116.392433
119.647713,52.819195,180.487701,117.127327
124.308357,57.439835,185.413086,122.030060
125.514114,60.700848,186.802231,125.483337
127.560753,62.929562,189.067093,127.940826
128.861969,63.631649,190.779327,129.080414
130.470596,65.278152,193.110397,131.495956
129.769165,65.261688,193.366211,132.497528
128.486145,63.529541,192.771149,131.496323
130.206238,61.364422,194.878143,129.735962
130.773972,59.493412,195.508774,127.931709
129.747192,56.724937,194.545746,125.230911
131.188324,56.398514,196.193420,125.123726
130.002930,58.335243,194.990234,127.041870
130.084015,59.256050,195.171661,128.069183
130.156372,60.883244,195.375427,129.833771
129.317200,61.148746,194.753296,130.326172
129.793579,61.551407,195.147064,130.641220
130.201706,61.684174,195.377823,130.585876
132.760178,60.764679,197.351028,129.054504
135.115677,56.890827,199.201614,124.644676
138.555374,52.214275,202.214401,119.521500
143.967224,49.712738,206.985901,116.339577
147.755066,49.660717,210.159546,115.644577
150.536179,55.842728,212.247757,121.100700
150.690933,63.440483,211.829849,128.088837
149.338043,69.805397,210.050323,134.006454
149.689636,74.466209,209.904175,138.136871
148.865143,76.236473,208.694336,139.502838
145.525696,72.482613,204.952942,135.320236
145.104752,66.630394,204.012222,128.922241
149.716461,61.688034,207.869537,123.174355
155.822968,58.600697,213.306732,119.383659
161.059341,60.932751,217.642990,120.769028
161.409073,63.795609,216.719223,122.291351
161.589905,68.593346,215.642548,125.764198
157.677094,71.542000,210.615509,127.537872
150.917191,73.783730,202.877487,128.746124
145.405701,73.573967,196.519867,127.641426
139.500671,73.424713,189.971466,126.811691
131.542480,68.880684,181.546875,121.773811
127.293610,64.740944,177.239014,117.572762
125.789703,59.019020,175.874695,111.998802
128.787872,57.293247,179.074280,110.482353
129.700394,59.307945,180.167587,112.688461
128.980270,61.513512,179.642227,115.100250
129.112106,64.262787,179.850479,117.930428
129.446045,66.847244,179.976471,120.294701
128.105728,67.561745,178.517227,120.883270
125.516869,68.870209,175.725266,121.976677
123.061211,69.562454,173.108994,122.498863
120.387634,66.955673,170.244110,119.693275
123.589035,63.477463,173.471664,116.242790
127.001717,61.588207,176.821869,114.287300
130.352371,60.364410,180.312210,113.211571
139.941467,64.780304,189.910919,117.637657
144.467438,68.035568,194.602692,121.068687
150.263168,68.150620,200.533066,121.326302
158.088455,65.425392,208.648270,118.908051
162.461609,63.577633,213.190186,117.238976
165.994507,61.568928,216.662384,115.166000
168.035080,61.006157,218.077530,113.941010
170.147736,60.441929,219.414185,112.570358
170.264740,56.867828,218.786713,108.207115
171.879211,53.883823,219.721893,104.502235
172.811951,52.610909,219.955444,102.486443
171.738281,52.562683,218.181488,101.708740
171.854752,54.427197,217.766373,103.007751
174.938339,61.641415,220.366531,109.707016
172.223984,68.879601,217.181564,116.443909
168.490845,73.310776,213.178680,120.587357
164.133148,75.549889,208.666992,122.662209
157.784576,75.278419,202.167297,122.229546
152.389389,71.787888,196.703568,118.667435
151.541840,67.803360,196.035461,114.870316
155.566299,62.271538,200.412735,109.714821
157.038483,61.543610,201.904755,109.008057
157.921005,63.669914,202.535416,110.865700
157.465286,67.453003,201.470627,113.999115
158.778275,71.877205,201.946548,117.549049
159.404343,74.952415,201.758102,119.772728
158.769836,77.063568,200.532013,121.264801
159.472458,80.107719,200.381516,123.394890
160.084717,82.225471,200.048859,124.498589
162.425537,82.579384,201.843903,124.265785
164.357285,77.979469,203.413284,119.285393
163.537842,74.093842,202.331207,115.123993
167.069565,73.600685,205.536728,114.279533
169.725159,77.251114,207.786469,117.503311
169.146408,81.708374,206.371597,121.081589
166.961884,85.046509,203.515320,123.712616
163.426422,87.115250,199.743256,125.531952
159.548752,87.833824,195.593735,125.963997
157.657883,87.180199,193.186996,124.766609
157.014893,86.016907,191.957031,122.983719
154.174591,83.601196,188.614929,120.037521
150.559250,81.607994,184.420273,117.431892
145.539230,79.641823,179.135544,115.185432
142.985580,78.784119,176.526413,114.268982
139.310150,74.192566,173.053833,109.892197
137.664536,67.393738,172.158981,103.888306
135.718964,67.067574,170.628998,104.001472
132.894699,71.235481,167.802536,108.167076
133.134903,73.636009,167.929214,110.447594
133.128784,74.555702,168.180420,111.639320
130.363495,77.844650,165.876312,115.415070
128.590347,79.927933,164.038895,117.430527
127.849518,80.472931,162.973663,117.633102
126.034790,80.179428,161.116180,117.294464
129.275818,78.988136,164.307983,116.051216
135.341034,79.282333,170.336945,116.307144
141.596970,79.853195,176.649429,116.939407
148.449875,80.180679,183.480362,117.243698
153.539230,79.836182,188.892654,117.240082
156.911987,79.427544,192.360565,116.931877
158.619690,81.230354,193.926819,118.585381
157.477142,83.636879,192.081635,120.250237
158.828308,83.065102,192.802734,119.012383
162.854095,80.523743,196.363922,115.979095
161.522873,79.796196,194.583694,114.776146
160.999451,79.867447,193.054962,113.812531
155.464340,78.232269,186.329544,110.950989
150.717560,75.388145,179.474396,105.862495
152.910141,76.635918,179.801804,105.116463
151.312424,81.019684,175.955368,107.084930
150.617111,84.165466,173.506485,108.336853
149.946899,87.298431,171.545044,110.066299
148.560043,88.433311,169.332077,110.337532
153.525818,90.085365,173.747406,111.412910
155.830795,91.117256,175.646500,112.019585
158.196136,91.624779,177.534943,112.026375
159.296799,92.889160,178.701981,113.360443
161.347946,93.453636,180.669235,113.836815
160.367462,92.752365,179.858856,113.314148
160.836411,92.609673,180.653275,113.513191
159.706741,92.537270,179.703354,113.629524
150.634354,90.486481,171.810745,112.876495
144.532242,88.411598,166.358780,111.481300
139.380615,86.808777,162.792969,111.608459
137.299042,86.727097,161.239655,112.077042
133.910812,85.193916,158.558487,111.309853
133.006775,84.768578,158.517578,111.816689
130.813431,83.019814,157.396866,111.223045
130.075272,82.097946,158.096146,111.845108
130.525711,79.194389,159.699875,110.134605
133.033295,77.637634,163.016510,109.413879
134.456024,75.677261,165.305695,108.377731
136.116013,75.043365,167.696365,108.521652
138.213852,74.246323,170.589615,108.569717
138.743011,73.616669,171.817810,108.681458
137.951447,74.050453,171.718689,109.848412
133.946854,73.504654,168.427963,110.058487
133.530045,71.536316,168.928665,109.060074
133.284149,69.511543,169.500610,107.898567
133.603790,68.450554,170.416290,107.465828
133.858673,67.014198,171.466064,106.888817
135.211655,65.733208,173.423447,106.244026
134.642395,64.118408,173.478546,105.285599
137.567184,62.111389,177.536728,104.499146
138.715302,60.223072,179.488403,103.474670
139.097763,58.843163,180.365860,102.625984
132.385605,55.408508,174.796768,100.388824
131.809464,54.529945,175.045609,100.373604
130.062088,55.807789,173.717514,102.089798
124.788208,56.333569,169.473663,103.715828
123.401154,58.621300,168.769470,106.731941
119.212364,56.782730,165.408539,105.775223
121.701355,57.570816,168.735184,107.436615
121.922729,54.770752,169.884415,105.603073
127.708298,52.636841,176.554291,104.408737
130.577835,47.702003,180.737701,100.868217
133.860123,44.746964,184.943054,98.890549
138.642899,44.930470,190.634674,100.035339
143.070770,46.508579,195.690933,102.290184
144.710144,47.883537,197.564011,103.912071
149.064453,48.676796,201.938889,104.727455
151.712433,47.279655,204.628036,103.374580
151.137589,42.899445,203.979187,98.914780
152.335892,39.831699,205.305023,95.984177
155.322052,38.307148,208.048264,94.198364
159.379028,38.582859,212.093521,94.461708
156.948151,42.332573,209.217117,97.740662
156.534882,48.391861,208.535965,103.516899
153.493378,53.210300,205.168167,107.990593
146.437057,56.516918,197.945831,111.121628
139.199707,58.470970,190.895767,113.273758
132.780807,58.988003,184.580475,113.900391
124.982559,56.603897,177.148743,111.903938
134.000000,68.000000,164.000000,100.000000
131.132568,65.456017,161.521179,97.869698
129.535660,60.899914,160.319260,93.734062
132.430313,61.724682,163.475113,94.836876
134.958084,63.429317,166.229813,96.782631
137.900085,63.983265,169.485687,97.670067
142.061279,66.415909,173.869446,100.339195
143.949265,69.274239,175.820419,103.264450
146.576431,72.554794,178.672562,106.784035
150.924286,75.733421,183.077026,110.022705
153.196533,76.925270,185.490021,111.363846
155.503891,74.322487,188.037369,109.015610
159.351974,65.572227,194.877426,103.438644
158.346146,63.608604,194.640182,102.286301
154.916901,55.945797,191.868378,95.316460
154.222855,50.805901,191.678970,90.722130
153.948746,46.083389,191.912399,86.533859
149.374130,40.182713,187.633408,80.952141
147.967758,42.893208,185.870163,83.287453
142.616379,47.014305,180.478683,87.365280
137.835999,49.240192,175.238342,89.094894
135.256317,49.621895,172.134583,88.924919
135.481689,50.909164,171.696564,89.494995
136.220947,51.466454,171.715759,89.293312
134.935333,53.034576,169.605011,89.990448
133.613998,53.936413,167.536331,90.102234
132.683426,53.898365,166.033340,89.441269
134.777023,51.676376,167.945633,87.027306
137.597992,53.080158,170.397980,88.040787
139.150543,56.543518,171.891815,91.441887
140.929993,61.208206,173.617371,96.049416
141.078354,66.038200,173.799637,100.915390
140.206116,69.621719,172.883881,104.452751
141.410797,72.281937,173.950195,106.966225
138.434570,71.244873,170.864227,105.812767
139.731995,64.883240,172.083344,99.368065
142.512436,55.848850,175.411270,90.914345
146.274918,50.239586,179.502426,85.663635
148.737625,53.353832,182.186630,89.012421
150.573151,57.873108,184.252686,93.775780
150.462128,62.793941,184.360168,98.927963
148.942810,64.740921,182.924377,100.965828
147.517578,66.252975,181.588104,102.574699
147.058167,67.912514,180.837646,103.926559
146.340744,69.031960,179.802536,104.700287
146.813522,66.725601,179.967758,102.068260
149.169235,66.766541,181.902420,101.663383
149.616318,67.310562,181.925095,101.757271
144.503433,65.649475,176.648697,99.922768
140.160538,66.675774,171.937820,100.558792
137.656601,67.592575,169.248886,101.279015
133.175217,67.447731,164.613815,100.970886
126.977600,66.548988,158.398987,100.053848
122.472717,65.178490,153.995850,98.791443
117.344940,64.376610,149.001312,98.131134
113.137383,64.421417,144.856461,98.242561
116.335617,63.850780,148.021179,97.636307
117.569748,61.472130,149.300354,95.305534
118.732895,56.668629,150.687744,90.740273
122.869690,57.307690,154.728683,91.274490
125.727386,61.951618,157.326981,95.642799
128.895065,68.138550,159.790802,101.081863
132.934616,73.084930,163.470581,105.645264
139.593872,74.250763,169.808273,106.468796
146.873734,71.673515,176.614960,103.387840
151.576202,67.455658,181.282486,99.132706
154.743866,62.599255,184.528305,94.359650
158.252014,59.198082,188.104599,91.031166
160.937561,56.497692,190.776108,88.315811
162.642380,55.544022,192.466553,87.346802
163.006989,56.669502,192.713760,88.347054
162.153107,57.846123,191.693985,89.346733
161.856888,59.686493,191.375946,91.163834
161.471085,62.160484,191.023224,93.673119
157.103424,64.471191,186.905411,96.250320
154.244400,65.652908,183.978424,97.359543
154.132156,65.281586,184.347351,97.501480
150.549942,64.591011,180.932800,96.989372
150.673233,61.600391,181.377594,94.341003
150.074020,59.193111,181.483185,92.683983
149.548248,58.516949,181.563980,92.652306
148.918945,59.482159,181.343643,94.051247
148.677704,59.623497,181.337173,94.441582
148.457428,60.644112,181.349289,95.708672
150.796646,61.601692,183.733917,96.715797
153.570068,62.928204,186.315750,97.833290
154.010651,63.166874,186.618973,97.926285
153.401871,64.403442,185.729431,98.865089
155.527649,66.046661,187.619522,100.258324
153.941559,68.905991,185.448532,102.497322
149.581940,74.033295,180.574493,107.078056
149.786484,78.755722,180.646103,111.654686
151.255707,82.058388,182.030975,114.867569
151.260330,85.687378,181.986557,118.444344
148.488083,87.559357,179.242050,120.345848
144.920090,85.883476,175.989090,119.005341
145.210052,83.322472,176.592133,116.776978
146.974503,81.811249,178.618546,115.544090
144.185181,79.543671,175.782257,113.226601
145.800613,75.754517,177.295975,109.329384
148.519180,74.735107,180.033554,108.330177
151.495285,75.138000,182.706528,108.411003
155.409851,75.892120,186.412506,108.943520
158.711426,76.743149,189.505768,109.573204
160.356461,77.140228,190.855850,109.656303
163.364578,77.249344,193.807877,109.705711
165.497589,75.973984,195.871216,108.356178
165.912979,71.456070,196.349228,103.904915
165.230927,69.617081,195.771149,102.176628
161.927917,67.631317,192.357483,100.073067
157.748459,64.982353,188.255600,97.506683
153.190872,65.760330,183.801865,98.395210
147.639877,69.054405,178.203751,101.639130
142.696426,71.725121,173.289871,104.341309
138.029678,73.209885,168.610764,105.812935
134.773621,75.279808,165.373688,107.903076
129.921158,76.405891,160.686874,109.205475
125.541359,76.835457,156.369034,109.700989
125.355721,76.599564,156.380508,109.674919
121.976715,73.786499,153.275665,107.153145
122.837936,69.488579,154.108963,102.825562
125.424026,68.193672,156.785965,101.627243
127.982475,70.008301,158.913315,102.983833
130.329483,74.711533,160.748016,107.141716
134.348389,79.338348,164.298447,111.269844
140.380844,84.906456,169.772461,116.242294
145.561386,88.415665,174.444824,119.209450
151.507065,88.499573,180.053650,118.933266
154.747040,86.598701,183.181717,116.912766
161.091919,83.560318,189.566910,113.917473
168.093445,81.057236,196.814560,111.677483
171.469406,81.941055,200.399597,112.784813
174.427841,84.643387,203.458496,115.594551
176.600143,88.667999,205.808655,119.802940
177.018250,91.545341,206.188431,122.639404
174.523712,92.606827,203.798691,123.812660
170.809052,91.717575,199.972763,122.804733
166.349548,89.699799,195.446182,120.715424
164.659637,87.172371,193.720688,118.150047
162.873306,87.041733,191.925476,118.010239
159.364273,87.379494,188.538788,118.474403
158.108505,86.626717,187.399017,117.845375
158.978577,85.819756,188.533279,117.320229
157.287506,85.963753,187.099136,117.738289
155.210922,86.969872,185.323059,119.064964
152.652451,87.483871,182.934967,119.760330
149.799576,87.074066,180.291809,119.573792
148.938721,86.627792,179.551437,119.255768
148.479965,86.774170,179.186005,119.501511
148.074554,86.612366,178.890854,119.457092
148.246414,84.717041,179.117279,117.619858
149.993881,82.761185,181.030853,115.840820
151.948151,81.573196,183.228348,114.911270
154.981476,80.849693,186.494278,114.434914
160.111008,82.570023,191.830353,116.374710
165.258820,84.957596,197.202957,119.001114
168.808640,87.969727,200.977173,122.258667
170.750854,90.123894,203.273148,124.788033
172.496964,91.558502,205.467834,126.698410
174.103149,91.411324,207.444046,126.954903
176.366409,89.642548,209.946869,125.439789
177.146240,87.041885,210.996902,123.125229
176.923569,85.709183,210.601501,121.604553
177.019943,85.161087,210.474518,120.819946
176.029282,84.717392,209.304260,120.186081
177.273483,83.709587,210.426361,119.049004
177.551514,79.608757,210.762375,115.009575
181.325012,76.820053,214.498611,112.181412
184.036469,77.992165,217.381821,113.535393
183.391006,81.160622,216.598389,116.557747
184.428543,84.301575,217.702301,119.768967
187.265564,87.052895,219.973679,121.921379
186.539566,88.666382,218.904205,123.170578
184.676636,88.482796,216.982651,122.924812
182.432159,88.301704,215.105881,123.133720
179.580002,87.038498,212.389679,122.014725
176.283401,85.733337,209.153564,120.773727
170.864685,83.746773,203.959641,119.032387
168.516571,83.268990,201.880936,118.839867
168.738525,85.067848,201.815720,120.334648
167.702301,85.496758,200.627609,120.602730
166.052231,85.798027,199.070129,121.005013
164.666031,83.986359,198.347534,119.895996
160.549149,81.081688,194.734100,117.524391
157.344910,77.539536,191.313568,113.753586
156.854263,73.799026,190.718002,109.898911
156.383972,71.253471,189.991150,107.074150
152.405701,69.456337,185.744293,104.992622
159.059372,68.894966,192.050583,104.063423
162.530075,70.512268,195.299484,105.438766
167.112610,73.578064,199.805450,108.423355
171.023651,76.851486,203.505432,111.472931
172.253845,77.613564,204.747650,112.247780
175.461990,77.380661,207.867844,111.921585
177.683716,77.113991,210.145477,111.714211
176.739151,76.757027,209.092239,111.241982
173.657562,76.156479,205.751129,110.366196
171.623947,73.880470,203.629440,107.996773
172.115372,71.545578,204.103348,105.643295
169.601074,72.058891,201.582092,106.149010
166.370361,74.767693,198.244446,108.740852
165.719162,78.512077,197.536209,112.424644
163.682236,82.019150,195.404251,115.830734
161.358841,83.527695,193.158768,117.422058
156.057251,81.809731,187.976837,115.831230
150.099777,79.866440,182.020126,113.888763
148.315140,77.996826,180.176437,111.954559
145.133667,76.275246,177.044952,110.286095
142.119019,75.116287,174.023834,109.120041
141.006424,74.438423,172.839493,108.363716
138.192062,74.944466,169.790756,108.620735
137.247269,75.593147,168.616470,109.025581
137.693832,78.130066,168.726303,111.204727
139.203674,78.936378,170.143707,111.912804
142.641174,78.767654,173.415833,111.568054
146.964233,78.321365,177.719543,111.101181
152.098190,78.853874,182.721603,111.493279
157.354446,78.852859,187.881577,111.389755
162.004379,77.532761,192.214920,109.732651
164.275711,77.142097,194.065994,108.894615
167.697876,75.671188,197.246002,107.165390
169.773041,76.337601,199.241516,107.746841
171.388535,79.242226,200.632736,110.412224
171.287216,83.259743,200.321701,114.206032
170.679260,86.772415,199.407776,117.402527
168.807312,89.660370,197.454407,120.203430
166.792572,91.972534,195.347412,122.416977
165.225281,93.185677,193.670380,123.512810
162.572525,93.090080,190.978928,123.375847
157.921356,89.486977,186.269531,119.710503
157.378571,85.226822,186.032135,115.776810
152.756012,83.239899,181.686127,114.085526
149.856247,83.772591,178.757980,114.587883
144.918839,87.131752,173.798721,117.923698
142.679871,88.665398,171.775177,119.687630
141.859543,88.301956,171.271957,119.662445
140.608887,85.971428,170.344910,117.677116
138.063034,85.408905,168.163803,117.503662
137.203781,84.893288,167.670456,117.377571
135.122787,84.546623,165.875565,117.335457
132.222687,83.691208,163.162811,116.679474
129.987381,83.526604,160.860550,116.443596
127.549957,82.825508,158.410767,115.729347
124.382652,80.868752,155.223663,113.751518
