162.000000,92.000000,214.000000,147.000000
161.553024,92.547226,213.408310,147.394333
159.606873,95.830025,210.897980,150.080414
156.582642,99.101746,207.329956,152.776962
154.034744,99.797798,204.049332,152.697174
151.402252,98.706665,200.354492,150.502029
149.904938,94.603394,198.899902,146.444107
149.131653,90.207481,197.185242,141.049194
148.212860,87.124817,195.714203,137.391739
147.823715,86.522797,195.431686,136.903000
144.754105,86.271431,192.555191,136.856796
138.310669,86.175026,186.723846,137.410751
132.881241,89.146561,181.134354,140.212433
126.925003,91.221390,175.625137,142.761658
123.076279,90.716209,171.728714,142.205856
122.253716,88.035545,171.380707,140.028809
122.198090,85.080673,171.850906,137.620804
124.498947,84.229820,174.257782,136.882324
127.280334,84.976852,177.452927,138.067932
129.739441,86.045052,179.663925,138.873428
131.411713,89.245529,181.351181,142.089783
131.202316,92.138023,180.981079,144.811935
131.035187,93.217026,180.940109,146.024658
132.071381,93.686211,182.169601,146.698746
132.627716,95.444061,182.525864,148.244766
133.970657,97.036293,183.328979,149.264771
133.407852,95.500687,183.067505,148.048569
135.316910,91.104568,184.831055,143.498199
138.288223,86.065331,187.661346,138.309479
143.189743,80.608437,193.224487,133.553909
148.133224,77.336349,197.907684,130.011337
151.657776,75.803535,201.766251,128.832581
155.554291,75.037567,205.672958,128.077423
159.748642,75.114357,209.601562,127.872826
162.739700,77.530441,212.359100,130.041351
163.752747,80.340889,213.136032,132.601517
162.806061,81.511566,211.766312,133.323776
161.404953,79.980705,210.408539,131.838898
159.342163,76.803619,208.491470,128.813354
155.464691,73.953629,205.123520,126.503464
151.872223,72.174583,201.720444,124.925163
148.094574,73.538223,198.108017,126.463928
141.416992,78.123375,191.731583,131.362015
135.050278,82.253738,185.472382,135.606232
130.587494,84.060310,181.793320,138.242615
126.317780,83.042290,178.513535,138.271622
123.137718,82.617363,175.837860,138.379623
121.526108,82.737297,174.788071,139.093170
119.983047,82.927788,172.966537,138.989716
119.752579,81.055176,172.990921,137.391190
120.832306,75.463486,173.748749,131.459717
122.740219,71.438904,175.587265,127.361801
126.019592,70.232483,179.179871,126.486343
129.671555,72.272217,182.418137,128.089401
131.281677,76.813217,183.582947,132.159882
133.507370,82.316681,185.738724,137.589478
136.761765,87.035217,188.909500,142.219681
140.154510,90.503876,192.662689,146.069168
142.868851,91.930382,195.281601,147.394852
145.287704,89.412102,197.982803,145.174881
149.438736,84.203346,202.580978,140.438583
152.920731,77.230507,206.795761,134.239273
156.752029,72.277344,210.996628,129.683060
157.222046,69.132950,212.002289,127.103516
158.973160,69.347694,213.717575,127.280495
158.877930,75.708008,212.988495,132.972382
155.739105,80.826416,209.119446,137.320709
154.109970,82.430077,207.039780,138.448807
152.192505,84.655754,204.619568,140.133774
152.229858,85.940262,204.032654,140.758667
149.702026,85.473633,201.108521,139.872864
149.770554,82.500328,200.808304,136.509552
151.196335,79.197777,202.037704,132.999298
151.815460,79.670982,202.336090,133.132904
152.011108,84.719589,202.050079,137.671509
150.185379,89.816345,199.614822,142.134842
148.514542,90.481903,198.023026,142.884171
147.549835,90.460793,196.993378,142.794235
146.577835,91.560341,195.857834,143.720444
145.266891,92.854568,194.763199,145.243942
143.281845,92.649445,192.434067,144.674072
139.445923,89.825859,188.587158,141.838837
135.534225,86.871002,184.281631,138.466507
134.427536,84.112289,183.157883,135.689682
135.673096,83.229492,184.028046,134.408508
134.046097,88.370544,181.922440,139.041641
133.187180,93.759537,180.801865,144.152618
134.087723,97.444817,181.517532,147.641479
135.327621,101.051262,182.870102,151.367645
137.545868,104.468208,185.284088,154.992569
140.458191,103.993317,188.697510,155.050110
141.866562,97.630699,190.740921,149.361420
145.757339,87.976555,195.266769,140.381241
148.976456,81.134918,199.365860,134.472382
154.025620,77.149437,204.697739,130.786255
158.078842,75.292305,209.157394,129.359482
159.283478,77.970856,210.185486,131.851303
160.827011,81.027786,211.586166,134.756973
162.753479,82.613564,213.257111,136.072205
164.652267,83.323891,214.955307,136.570145
165.894684,84.219337,215.582489,136.814178
166.219315,83.672539,215.302017,135.625992
166.176971,83.546516,214.504120,134.714203
166.337997,82.985596,214.384415,133.855347
164.584930,82.942520,211.873871,133.023865
163.503174,81.796898,210.300873,131.356308
162.718002,83.269989,209.413589,132.720779
158.643967,88.139572,205.040695,137.272430
154.846771,90.241898,201.293274,139.427704
151.757614,90.174110,198.018600,139.162567
148.208099,92.595879,194.510376,141.627380
143.762009,95.217056,190.025772,144.207611
139.722443,93.137413,186.372101,142.530289
139.803375,89.100845,186.715607,138.773071
141.032700,86.300163,188.189163,136.232208
141.985428,85.718605,189.390640,135.909775
141.807510,85.621048,189.219742,135.819687
142.236252,86.259094,189.548599,136.351593
140.830429,86.881210,188.287674,137.127670
141.758209,88.748535,189.475861,139.271667
142.976669,91.286674,191.184586,142.330704
143.520630,92.362473,192.311432,144.025070
145.343109,90.978462,194.792358,143.339798
148.417313,87.936882,198.677689,141.158020
150.526047,84.963554,201.606247,139.052750
153.363556,82.355667,205.332581,137.384964
157.848557,80.015343,210.545670,135.828751
162.862976,77.904030,216.256042,134.452789
166.976776,77.074272,220.825562,134.104080
169.221649,77.264908,223.486603,134.741714
170.608047,79.439812,224.706802,136.741348
171.787567,80.460213,225.928802,137.806549
172.348007,80.548325,226.360733,137.759155
172.757751,79.971642,226.485474,136.881912
171.137222,79.425415,224.397018,135.841751
170.116257,77.995331,222.727768,133.727371
169.921661,76.299553,221.686554,131.137054
172.110382,72.974869,223.229858,127.129723
174.186188,70.922203,225.023529,124.778625
173.362000,69.632652,223.801514,123.067856
171.246002,69.044373,221.468201,122.249489
166.741425,68.503281,217.060486,121.810951
164.724213,69.979561,215.054230,123.298843
161.000061,72.144257,211.277130,125.407463
157.233841,74.167778,207.364212,127.275665
153.363678,74.804382,203.203674,127.604820
151.274414,73.501259,200.783600,125.951019
149.404602,69.531670,198.763702,121.822357
147.586487,65.111748,196.476593,116.905289
145.744003,62.480904,194.387802,114.013046
145.681549,61.353951,194.375458,112.939270
143.057617,61.335880,191.948364,113.130081
143.508179,62.623142,192.473969,114.496994
143.060349,65.159752,192.466537,117.500961
142.472809,70.299339,192.266052,123.050827
142.794266,74.956993,192.898392,128.038025
143.358383,77.138657,194.024826,130.815094
143.535614,75.884521,194.860291,130.257889
144.951157,73.278847,197.066177,128.488144
144.719818,69.414368,198.005402,125.860481
143.994644,65.397774,198.225327,122.841492
145.341583,61.396961,200.424225,119.739113
145.245056,57.837349,200.850250,116.730057
145.393799,56.601398,201.326019,115.838654
143.603775,57.555065,199.358627,116.602272
141.691040,59.336052,197.132935,118.047958
139.962921,62.248463,195.111359,120.651199
139.076141,66.509171,193.795563,124.459915
138.526901,70.271996,192.897568,127.854965
138.531387,73.171364,192.354721,130.177155
139.743958,74.939896,192.714539,131.029770
138.621307,73.392815,190.998383,128.844391
139.444138,69.494850,191.439133,124.542709
139.867081,65.387444,191.355057,119.889267
139.160797,61.984020,190.152832,115.961296
138.211533,59.905426,188.387650,113.018784
137.824707,58.450451,187.367371,110.893097
137.071884,58.967457,186.020584,110.780495
138.728027,61.570686,187.196564,112.874161
140.799576,64.536682,188.817947,115.362419
142.702011,65.961601,190.591782,116.653503
142.489441,68.385780,190.131226,118.814194
141.349030,71.438965,188.806335,121.671379
138.191879,73.296524,185.533401,123.405907
135.201767,75.037651,182.492203,125.092758
131.852997,75.382454,179.002655,125.287994
128.092117,73.415039,175.134506,123.208839
126.603355,71.630608,173.509125,121.282104
124.072388,69.843979,170.839828,119.348320
121.385590,68.681633,168.073135,118.100983
118.302086,68.741180,164.928406,118.095390
118.466064,68.621704,164.905151,117.776726
119.364433,69.479065,165.841263,118.674232
121.272644,69.531281,167.713593,118.688286
125.116600,67.944641,171.614944,117.162712
129.390823,63.256336,176.209274,112.814926
133.391754,59.169895,180.448151,108.981628
134.052979,56.487995,181.339569,106.539520
134.600082,50.974953,182.229019,101.390228
140.361862,52.625237,187.911057,102.955795
145.828094,56.225346,193.687103,106.885086
148.336304,60.031334,196.296112,110.798164
153.164398,61.578930,201.179626,112.404648
157.349930,63.714928,205.524704,114.706711
159.338989,63.096558,207.606445,114.184807
162.167725,63.601059,210.472900,114.729347
163.268646,64.432243,211.688629,115.682373
164.663498,67.368973,212.966934,118.495430
167.224808,70.790802,215.853226,122.262154
168.694061,72.914337,217.597595,124.677635
170.289078,74.120735,219.902542,126.637421
171.164291,74.531013,221.572189,127.889801
170.678833,75.226265,221.988892,129.540268
167.985275,74.331573,220.289291,129.696884
162.451828,72.307549,215.596115,128.560715
158.343903,73.482147,212.367767,130.663773
153.342667,72.731972,208.258072,130.853745
148.616623,72.319939,204.160995,131.116409
142.431580,71.024506,198.822479,130.712845
140.223022,69.587852,197.484436,130.192535
137.489746,68.566017,195.651428,130.117554
134.845917,67.863182,193.918762,130.372208
135.191650,69.060516,195.034485,132.378021
136.960007,72.645386,197.545090,136.754639
138.768295,75.530647,200.011124,140.340775
143.342850,77.352547,205.310440,142.922516
147.642761,78.408218,209.885315,144.270889
152.727814,78.512283,215.405762,144.831085
158.270370,78.480797,221.112228,144.973938
163.438507,77.672661,226.233093,144.115509
167.353348,77.993065,229.780258,144.044891
170.554459,77.373947,232.212692,142.608292
173.575409,76.610565,234.280212,140.829971
176.168884,77.154808,235.927368,140.365845
176.555954,80.057579,235.337570,142.226624
174.411331,82.600288,232.154617,143.660599
173.616562,85.394974,230.462662,145.496216
171.835724,87.863983,227.883881,147.111282
170.842041,88.633713,226.052429,146.999146
170.678635,89.528976,225.049820,147.010254
171.209671,89.332230,224.955826,146.154388
171.931595,88.925781,225.157089,145.198349
173.071915,87.790894,225.900192,143.644180
176.365280,86.986160,229.190109,142.835785
178.624664,86.861580,231.473267,142.736313
179.568146,86.965324,232.581024,143.013641
182.559891,89.050285,235.885361,145.428558
182.427963,90.703217,236.214920,147.568604
182.764908,91.630592,237.389420,149.380066
182.421936,91.484116,237.883881,150.116684
180.838089,90.982597,237.015488,150.368958
176.333008,88.122055,233.082672,148.110794
172.902222,83.090691,230.466187,143.936584
171.156937,79.886459,229.337997,141.381363
168.558640,76.660187,227.070358,138.502563
167.575256,73.580650,226.079407,135.415100
165.441910,70.349953,223.861130,132.095154
165.782684,68.617912,224.201294,130.362473
165.622711,68.966690,224.196472,130.874283
165.667511,72.727257,224.388580,134.789658
164.156525,79.752457,223.071899,142.022324
164.399445,85.797546,223.520996,148.287567
166.461121,88.938484,225.803070,151.659943
168.311050,88.065063,228.003281,151.154312
170.446228,84.293411,230.546417,147.817795
172.757462,78.355698,233.355362,142.402283
174.060394,73.176125,234.820282,137.395325
176.353226,70.032417,237.129440,134.269012
176.354813,68.113045,237.070786,132.285446
175.732544,65.895874,236.227753,129.833038
174.368286,65.461143,234.521790,129.039795
173.356110,68.940208,233.024811,132.010208
172.115662,72.175652,231.461578,134.901352
171.630493,75.436798,230.725159,137.898666
171.134369,76.624191,230.137360,138.989792
166.614334,76.526413,225.810104,139.094421
160.427399,75.050613,219.526245,137.516861
154.709717,73.688614,213.692352,136.032837
149.245026,71.330978,208.095673,133.534271
143.792633,65.991394,203.055145,128.634476
135.127640,61.285278,194.504196,124.048111
130.454224,59.763058,189.813019,122.507248
126.453850,59.579327,185.785126,122.294632
125.073326,61.362331,184.589935,124.272232
122.816910,65.724045,182.476105,128.783661
122.576462,71.721016,182.526703,135.091080
121.814880,76.739647,181.961258,140.318939
122.443810,78.530716,182.859451,142.392502
125.082382,77.469772,185.876205,141.728348
130.825836,78.279793,192.056427,143.003754
135.993286,77.564034,197.438721,142.513245
141.379135,75.431404,203.285812,140.864197
149.394135,73.840225,211.382568,139.360046
150.411148,73.395775,212.276230,138.784271
149.405884,72.496704,211.425171,138.049332
145.668350,71.580040,207.837296,137.289444
140.911835,71.849457,203.480530,137.977646
134.876373,71.793480,197.989960,138.501144
128.133514,73.288681,191.924591,140.705612
119.711334,73.525871,184.343292,141.836243
111.648300,72.014786,177.111557,141.207611
104.622032,68.490005,170.692108,138.326431
97.638092,62.755955,164.309082,133.220184
91.011276,57.066559,157.889206,127.750099
86.096077,53.765518,152.470016,123.914970
85.531143,53.177219,151.640930,123.046745
84.561157,54.665852,150.611160,124.472908
84.136124,60.800800,149.986420,130.399216
82.580223,67.902313,148.244995,137.303955
80.574211,73.135597,145.958038,142.239258
77.348083,76.801048,142.601135,145.766006
71.366318,78.407257,136.490799,147.237823
65.151154,77.602539,129.887512,146.027328
59.220829,75.939453,123.722855,144.115494
53.908173,71.744385,117.942871,139.424347
54.892731,68.044083,118.585861,135.366714
55.490685,64.064293,118.803429,130.982773
58.330666,63.980572,121.071068,130.299866
63.526028,64.726952,125.592323,130.329330
68.740685,68.960724,129.952621,133.668076
71.124489,72.930450,131.722733,136.994415
72.241318,75.845657,132.428833,139.471970
77.091187,77.706535,136.784103,140.813934
81.213707,80.140503,140.549835,142.867325
85.938423,80.681862,145.070618,143.194550
90.769424,77.594116,149.953918,140.161697
95.228409,72.740685,154.709106,135.619278
99.311363,63.964149,159.668625,127.763123
107.262482,56.528347,168.394714,121.140411
115.878677,51.960663,177.618027,117.209213
123.060616,52.263821,185.434570,118.187920
127.733727,56.858555,190.530746,123.225861
128.881058,60.087654,191.988968,126.785583
130.776016,62.163971,194.236862,129.231369
132.047592,62.748169,196.087967,130.431320
133.652496,64.348305,198.492432,132.867920
132.975128,64.335480,198.726440,133.822556
131.683228,62.551235,198.160858,132.808670
133.219788,60.397747,200.194305,131.181732
133.630402,58.596214,200.750397,129.534348
132.425705,55.822330,199.641586,126.860565
133.704544,55.578110,201.069931,126.774635
132.318420,57.546127,199.695984,128.755569
132.457199,58.491329,199.836624,129.702728
132.460342,60.213615,199.951614,131.543442
131.709824,60.644405,199.286087,132.064209
132.270325,61.058193,199.722229,132.346313
132.757004,61.303135,199.852982,132.214371
135.531418,60.457203,201.951309,130.662537
137.970230,56.807159,203.747208,126.331207
141.567734,52.261646,206.709671,121.112167
147.053741,49.893791,211.521851,118.039841
150.777985,49.748085,214.625305,117.235138
153.694580,56.082211,216.677979,122.651337
153.922089,63.829952,216.202576,129.651550
152.607697,70.286026,214.322632,135.515152
153.058960,75.069908,214.175507,139.662033
152.294067,76.914017,212.938751,141.011444
148.997055,73.301483,209.117966,136.840775
148.592453,67.348808,208.224533,130.375214
153.243256,62.486092,212.085907,124.670441
159.373871,59.535641,217.451874,120.903488
164.594559,61.901398,221.729904,122.278656
164.836609,65.002266,220.651825,123.991127
164.886856,69.918510,219.527664,127.670052
160.802490,72.734619,214.414551,129.401321
154.024384,74.872307,206.680603,130.530075
148.344482,74.705971,200.222137,129.541107
142.349869,74.560196,193.663193,128.798447
134.466415,70.011543,185.250992,123.690529
130.251083,65.961594,180.873917,119.469330
128.710297,60.098511,179.485626,113.767700
131.907974,58.338921,182.888199,112.225075
132.820740,60.373989,183.941315,114.408737
132.097900,62.609589,183.443817,116.882675
132.244263,65.392410,183.653778,119.732758
132.581543,67.986328,183.774750,122.097885
131.228745,68.740242,182.258255,122.678658
128.617859,70.046928,179.456726,123.787361
126.136803,70.769135,176.779800,124.302170
123.409142,68.156082,173.914291,121.543167
126.577881,64.514359,177.290436,118.121048
129.908646,62.648640,180.543411,116.172974
133.205536,61.345783,184.082275,115.126312
142.844681,65.751984,193.775955,119.590248
147.334732,69.032738,198.363083,122.973785
152.964020,69.018745,204.342896,123.323807
160.863022,66.293465,212.464493,120.833969
165.217163,64.471146,216.924683,119.123802
168.720917,62.466675,220.351624,117.038078
170.687607,61.841908,221.841995,115.909515
172.731171,61.335022,223.087372,114.558403
172.850754,57.826305,222.386246,110.180702
174.418274,54.854012,223.271545,106.485260
175.352463,53.569378,223.455154,104.404099
174.308746,53.701000,221.631195,103.723633
174.449295,55.706703,221.139114,105.057175
177.484161,62.849220,223.637543,111.629028
174.712418,69.855865,220.551620,118.308113
170.918793,74.251236,216.393219,122.314903
166.484680,76.663528,211.896881,124.660912
160.251968,76.363419,205.640152,124.335747
155.124908,72.656479,200.616669,120.736870
154.084259,68.379257,200.260681,117.188972
158.116608,62.851929,204.684601,112.069862
159.515945,62.047817,206.132065,111.316933
160.351639,64.101051,206.798325,113.189911
159.850037,67.889641,205.820831,116.472229
161.204544,72.297935,206.362289,120.014465
161.848450,75.119774,206.449066,122.254944
161.179794,77.246414,205.262650,123.829292
161.670807,80.240845,205.053070,126.092003
162.128555,82.262291,204.716293,127.282822
164.285721,82.575073,206.272537,126.952751
166.248993,78.168091,207.811157,122.090797
161.000000,74.000000,191.000000,106.000000
170.000000,78.000000,206.000000,116.000000
172.646088,81.660881,208.236511,119.229164
171.977768,85.782043,206.961838,122.710297
169.733017,88.929169,204.080338,125.184280
166.141159,90.985390,200.236618,126.974251
162.141037,91.645821,196.031631,127.423958
160.348877,90.885826,193.741913,126.137138
159.690842,89.730659,192.522598,124.387688
156.890625,87.127632,189.253693,121.287560
153.085754,85.189331,184.892212,118.758911
148.299805,83.245361,179.559082,116.233566
146.028122,82.323341,177.053329,115.070168
142.368698,77.652023,173.535995,110.545380
141.039780,71.014503,172.363297,104.068962
139.249130,70.619606,170.790237,103.905251
136.477905,74.718414,168.038757,108.025040
136.671005,76.980896,168.264267,110.321960
136.659668,77.802238,168.607697,111.520256
133.999771,81.078354,166.386063,115.262039
132.011108,83.002029,164.575165,117.374268
130.891495,83.541298,163.575089,118.040306
128.897507,83.258148,161.841599,118.033463
132.003464,81.992119,165.186447,117.020821
137.990753,82.293877,171.263580,117.417686
144.317490,82.858429,177.640366,118.035248
151.181961,83.166214,184.524368,118.363693
156.596893,82.970772,189.818634,118.040504
160.057190,82.604424,193.302429,117.699028
161.767624,84.462242,194.820206,119.352852
160.443344,86.823395,192.948257,121.150238
161.503586,86.226425,193.378189,119.884750
165.372391,83.584106,196.979233,116.957932
163.821167,82.815033,195.084442,115.823822
163.033661,82.855194,193.474304,114.989944
158.132950,81.528725,186.739334,111.710854
153.312805,78.708847,180.532104,107.408218
155.454132,80.170738,180.880188,107.012810
154.003571,84.132553,177.995239,109.485077
153.168427,86.725899,176.220459,111.060493
152.372391,89.493576,174.567307,112.935349
151.282806,90.455414,172.743011,113.130524
156.469925,92.123177,177.321030,114.161491
158.687759,93.202309,179.101181,114.761253
161.012726,93.910614,180.958221,114.979370
162.231354,95.349518,181.951141,116.169983
164.166214,95.874832,183.851364,116.658920
163.244873,95.142883,183.020813,116.022293
163.782089,94.974686,183.853989,116.164871
162.756104,94.924477,183.107391,116.407356
153.601379,92.935844,174.902069,115.413322
147.358337,91.005440,169.265350,114.116814
141.461655,89.860985,164.278854,113.965294
138.952682,89.816986,162.269608,114.464462
135.115326,88.107658,159.393677,113.756615
134.089767,87.677010,159.372513,114.370552
132.051208,85.923523,158.351379,113.673615
131.637909,85.089012,159.037079,113.978798
132.152176,82.067757,160.715103,112.162849
134.906525,80.634537,164.137268,111.443512
136.522369,78.777946,166.594269,110.456108
138.522400,78.320404,169.156189,110.578583
140.792175,77.678047,172.076508,110.628746
141.597260,77.284058,173.297333,110.663467
140.891678,78.029366,172.938980,111.777718
137.014542,77.715820,169.534531,111.951187
136.869720,76.013901,169.867096,110.755585
136.968842,74.329430,170.327454,109.454262
137.476151,73.483658,171.164536,108.957657
138.030670,72.378555,172.176483,108.336899
139.599289,71.317947,174.034836,107.574295
139.305130,69.886261,174.101883,106.524460
142.630585,68.291260,177.963470,105.496231
144.011688,66.484512,179.862335,104.235992
144.399078,64.857216,181.087677,103.493217
137.555817,61.535370,175.279449,101.262360
137.157623,60.742424,175.497345,101.117943
135.553680,62.104393,174.239105,102.843330
130.344635,62.793064,169.910400,104.457481
129.172928,65.146996,169.375809,107.480370
124.890976,63.502743,165.884872,106.665710
127.527542,64.488953,169.242996,108.426285
127.587906,61.684597,170.273666,106.638443
133.471191,59.593410,176.953461,105.380814
136.507858,54.923935,181.005966,101.773338
139.800827,51.928436,185.151108,99.667870
144.682999,52.193306,190.701401,100.629929
149.296951,54.160046,195.696976,102.994522
150.927597,55.684906,197.435440,104.631783
155.282684,56.342144,201.902008,105.405235
157.914337,55.043179,204.540192,104.113213
157.283905,50.676666,203.954376,99.794159
158.566467,47.611511,205.178040,96.666351
161.538177,46.045410,207.904846,94.839714
165.685974,46.503201,211.760895,94.993355
163.272949,50.234749,208.931610,98.290916
162.840118,56.366203,208.114868,104.013405
159.758224,61.085709,204.752579,108.440338
152.681671,64.384987,197.496033,111.547630
145.531662,66.379684,190.289444,113.481995
139.131012,66.949715,183.922607,114.088097
131.471069,64.654526,176.402466,111.942017
131.308990,65.371414,176.697021,113.145981
128.146423,62.775169,174.041809,111.079155
126.808388,58.277878,173.154953,107.062469
129.628555,59.059711,176.234192,108.114388
132.255554,60.793446,179.080582,110.081505
134.953430,61.271877,182.146683,110.951675
139.205658,63.661106,186.684647,113.638557
141.063705,66.358742,189.059998,116.875053
143.601913,69.641525,191.962646,120.545044
147.815018,72.557892,196.818085,124.129944
149.933929,73.707161,199.446640,125.809227
151.964981,71.178207,202.274872,124.125275
154.923660,62.742771,209.717926,120.350067
154.289337,60.844330,209.514542,118.906059
151.034256,53.311848,206.496582,111.623398
150.647461,48.348312,206.234909,106.791702
150.533676,43.934063,206.211609,102.472794
146.034836,38.150356,201.900116,96.886467
144.660385,40.829094,200.133148,99.151665
139.651794,45.074421,194.518265,102.758224
134.790009,47.339413,189.146133,104.485023
132.148834,47.616783,186.065323,104.298775
132.350525,48.781540,185.637833,104.799408
132.771683,49.334259,185.273102,104.522568
131.274948,50.863411,182.988220,105.218964
130.040283,51.851376,180.865311,105.267441
129.260773,51.821983,179.240768,104.343323
131.480408,49.657166,181.011154,101.702309
134.356400,51.123760,183.427277,102.681435
136.002213,54.679085,184.854034,106.008942
137.817581,59.356007,186.531342,110.539352
137.940094,64.147163,186.845627,115.534012
137.048126,67.634018,186.015091,119.086067
138.137695,70.224968,187.201553,121.779846
134.951721,69.047661,184.280258,120.877823
135.959671,62.434330,185.923401,114.925102
138.481888,53.473042,189.272003,106.839790
142.084641,47.942886,193.444183,101.912544
144.569199,51.061237,196.088318,105.196609
146.518311,55.814610,198.037949,109.950546
146.549942,60.874454,197.976593,114.912048
145.044342,62.984455,196.494888,117.047318
143.676483,64.675873,194.997635,118.601868
143.182266,66.300621,194.135254,119.844276
142.498428,67.513268,192.857788,120.428383
142.930405,65.263443,192.893524,117.766800
145.379684,65.373711,194.666992,117.160713
145.963394,66.102753,194.471863,117.079773
140.909729,64.647133,188.850754,115.033546
136.728928,65.769859,184.107666,115.558846
134.160980,66.775871,181.169388,116.179085
129.696426,66.653114,176.467926,115.809547
123.541534,65.823784,170.079849,114.732140
119.061172,64.556473,165.469604,113.329422
113.982315,63.725433,160.451843,112.562073
109.900444,63.770706,156.378571,112.616318
113.127884,63.040173,159.663483,111.945709
114.366867,60.562119,161.011780,109.581619
115.551933,55.708038,162.458633,105.006042
119.602905,56.099136,166.641357,105.537308
122.423843,60.614323,169.355087,109.940826
125.367470,66.887054,171.896271,115.785431
129.483002,71.939003,175.655350,120.465767
135.995972,73.115158,181.866714,121.327484
143.249023,70.595047,188.623215,118.278458
147.958313,66.710022,192.927872,113.971222
150.961502,61.978626,196.087494,109.406685
154.140717,58.681702,199.381760,106.229820
156.785614,55.901039,201.974808,103.395050
158.569351,54.902325,203.630920,102.263153
158.991180,55.959770,203.933914,103.196602
158.152176,57.110317,202.937042,104.178764
157.792374,58.866295,202.656433,106.019211
157.377945,61.346497,202.242065,108.499481
152.903625,63.493225,198.076645,110.975693
150.060272,64.476074,195.130661,111.851456
149.921387,64.354507,195.331406,112.084290
145.942413,63.762756,192.030807,112.200394
146.072159,61.088989,192.440338,109.818314
145.605545,58.842327,192.535645,108.157486
145.293915,58.270206,192.762863,108.158623
144.623642,59.396603,192.822327,110.045166
144.277786,59.600487,193.026215,110.821236
238.000000,190.000000,274.000000,228.000000
242.831268,190.937592,278.886810,228.996124
247.416718,192.589676,283.397430,230.569351
248.348251,193.478592,284.233185,231.357162
247.994720,194.530197,283.657990,232.174789
250.877075,194.701340,286.313110,232.106094
248.387405,195.431107,283.514404,232.509659
241.769653,198.394196,276.723297,235.289734
239.214188,201.027435,274.088898,237.839539
236.592728,202.547775,271.292938,239.175430
231.742661,204.845734,265.758789,240.750214
226.120148,206.011795,258.754974,240.495529
222.134628,203.736176,254.215958,237.632874
222.820236,200.633453,254.585739,234.204742
225.188889,199.205383,256.847382,232.662994
222.384293,197.741211,253.391693,230.507019
224.450958,195.021942,253.952255,226.234558
229.085251,194.093155,257.201111,223.827988
229.378021,194.927200,256.403839,223.534409
233.509369,195.633316,259.978943,223.664413
237.067612,196.249008,262.951569,223.651077
237.778122,196.298355,263.600006,223.633591
239.107162,196.568359,265.057526,224.041962
239.701157,195.366730,265.791840,222.991425
238.687805,191.460342,265.053986,219.370743
238.800781,189.519272,265.634308,217.914322
236.807999,187.673828,264.088837,216.549316
234.793060,185.743042,262.356903,214.911621
233.246887,186.201843,261.326141,215.922668
230.038361,188.240250,259.198059,219.078781
226.547440,190.402985,256.532715,222.094635
223.492722,191.071411,253.718842,223.019958
221.168930,191.705582,251.556915,223.821213
216.093811,190.914154,246.775681,223.342651
211.403214,189.840530,241.473389,221.617874
210.506058,190.027481,238.951843,220.128036
206.469849,188.410599,233.175125,216.650620
206.734406,184.630081,232.358505,211.708817
209.668030,182.323288,234.703018,208.767593
211.728409,183.359879,236.625549,209.661026
213.129410,186.976913,238.190247,213.454849
215.616165,189.625122,241.797455,217.266602
218.457428,192.540695,246.141312,221.740433
219.452744,194.938110,247.370239,224.388153
220.423523,195.049408,248.924820,225.124969
220.373764,194.980011,248.828888,225.006226
225.910355,193.121964,254.762878,223.572983
231.917023,191.321152,261.236938,222.271805
234.560059,193.158539,264.425079,224.672485
236.904922,195.931564,267.470703,228.193008
238.087082,198.724731,270.165985,232.596924
237.342834,199.125107,270.012543,233.606003
234.446411,198.762192,267.509369,233.660172
230.692047,197.576920,263.183624,231.886703
226.044647,195.093643,258.319855,229.173965
224.337570,191.716003,256.601807,225.784698
222.294006,190.803360,254.489548,224.799210
218.157013,190.266037,250.084061,223.985245
217.064499,188.233505,249.186249,222.159592
219.155090,186.954910,251.389572,220.997116
218.803314,187.654221,250.993149,221.649094
218.034790,189.939331,249.880997,223.580170
215.641296,191.195938,247.129410,224.456314
212.726883,190.652008,244.381409,224.089203
211.788101,189.951920,243.695282,223.657578
211.403000,189.837982,243.102753,223.323273
210.139160,189.575989,241.386932,222.581055
208.895401,187.544586,239.542465,219.911377
209.359161,185.121750,239.716095,217.179703
209.177673,184.268631,239.266235,216.040878
209.878769,183.905167,240.046799,215.759445
214.194717,185.589417,243.973251,217.041626
218.785217,187.806458,248.417969,219.103149
221.826950,190.751724,251.904892,222.523270
223.008987,193.155746,254.013382,225.883652
224.884293,195.110291,256.458099,228.425385
228.532990,195.228851,259.736938,228.150970
235.216034,192.311249,265.416199,224.198212
242.955551,195.052338,269.362579,223.023804
nan,nan,nan,nan
nan,nan,nan,nan
nan,nan,nan,nan
nan,nan,nan,nan
nan,nan,nan,nan
nan,nan,nan,nan
nan,nan,nan,nan
nan,nan,nan,nan
nan,nan,nan,nan
nan,nan,nan,nan
nan,nan,nan,nan
nan,nan,nan,nan
nan,nan,nan,nan
nan,nan,nan,nan
nan,nan,nan,nan
nan,nan,nan,nan
nan,nan,nan,nan
nan,nan,nan,nan
nan,nan,nan,nan
nan,nan,nan,nan
nan,nan,nan,nan
nan,nan,nan,nan
nan,nan,nan,nan
nan,nan,nan,nan
nan,nan,nan,nan
nan,nan,nan,nan
nan,nan,nan,nan
nan,nan,nan,nan
nan,nan,nan,nan
nan,nan,nan,nan
nan,nan,nan,nan
nan,nan,nan,nan
nan,nan,nan,nan
nan,nan,nan,nan
nan,nan,nan,nan
nan,nan,nan,nan
nan,nan,nan,nan
nan,nan,nan,nan
nan,nan,nan,nan
nan,nan,nan,nan
nan,nan,nan,nan
nan,nan,nan,nan
nan,nan,nan,nan
nan,nan,nan,nan
nan,nan,nan,nan
147.000000,74.000000,199.000000,129.000000
143.980316,72.822342,195.910645,127.748718
142.924698,72.168373,194.658585,126.886986
140.095901,72.675125,191.443008,126.984650
139.070206,73.431297,190.066696,127.369972
139.398941,75.830421,189.941238,129.288177
140.915695,76.747414,191.206589,129.938965
144.295029,76.616989,194.391708,129.602890
148.697952,76.285851,198.583054,129.051865
153.871674,76.864960,203.516357,129.376114
159.213943,76.813957,208.726517,129.185074
163.803299,75.428230,213.137314,127.610062
165.987152,74.898331,214.938843,126.674904
169.365234,73.441551,218.046753,124.931427
171.455078,74.148514,219.940399,125.430183
173.008865,76.961311,221.300369,128.037292
172.906921,80.937187,220.986847,131.788651
172.233719,84.395447,220.185837,135.113876
170.356537,87.263664,218.194794,137.861115
168.399872,89.571518,216.092987,140.014740
166.776535,90.678749,214.517899,141.173248
164.135666,90.597649,211.763016,140.971024
159.353699,87.000336,207.070801,137.469070
158.935486,82.825089,206.815979,133.467407
154.363434,80.884720,202.433014,131.727936
151.476898,81.424324,199.589905,132.312729
146.486908,84.754036,194.611328,135.654312
144.237198,86.437073,192.415756,137.393692
143.449417,86.264267,191.896408,137.500259
142.163589,83.978561,190.980240,135.606857
139.794907,83.451317,188.958450,135.447739
139.014954,83.019684,188.552460,135.405029
136.887100,82.644112,186.867996,135.499435
133.937943,81.645294,184.370956,134.979858
134.000000,83.000000,164.000000,115.000000
131.500992,82.313980,161.486435,114.298492
128.272873,80.323418,158.328842,112.383141
