162.000000,92.000000,214.000000,147.000000
161.629044,92.486183,213.507095,147.357330
159.954391,96.041161,211.065323,150.100937
156.923126,99.234787,207.785156,153.031311
154.489365,100.079269,204.262192,152.722504
151.761414,99.559006,200.458069,151.061508
150.232590,95.309853,198.964890,146.850174
149.457687,91.031090,197.203110,141.524109
148.987625,88.502602,195.943710,138.156967
148.547348,87.945496,195.660599,137.767059
145.511429,87.821869,192.623001,137.641663
138.926697,87.662498,186.795776,138.271378
133.439484,90.524300,181.502869,141.339615
127.170746,92.615837,175.600372,143.812347
122.968590,91.855583,171.677673,143.348663
122.005089,89.196198,171.022705,141.016708
121.902298,86.172592,171.418900,138.512039
124.292923,85.196854,174.177292,137.926132
127.022156,85.937271,177.274872,139.056992
129.438232,86.893875,179.652374,139.972763
131.389755,90.231506,181.429276,143.125519
131.139999,93.127419,181.178299,146.020142
131.051880,94.332230,181.045746,147.178787
132.143417,94.866013,182.204605,147.783951
132.727524,96.642914,182.507309,149.268433
134.041367,98.116173,183.117661,149.995972
133.569717,96.635666,182.825394,148.702011
135.477234,92.539650,184.403168,144.256470
138.691895,87.627823,187.202271,138.903641
143.354294,82.056305,193.130600,134.675552
148.406372,78.955704,197.609375,130.967255
151.680817,77.220238,201.561188,129.949783
155.798019,76.386246,205.877151,129.326492
159.852158,76.206886,209.935562,129.151581
162.823364,78.688110,212.602203,131.316284
163.864700,81.671265,213.317734,133.954071
163.129074,82.886726,211.939774,134.488663
161.727753,81.516617,210.558655,133.139984
159.551224,78.310158,208.673965,130.243240
155.664093,75.585655,205.120697,127.865952
152.023666,73.679207,201.967148,126.475601
148.278809,75.019348,198.316345,127.915443
141.625610,79.485939,191.961639,132.692215
135.065765,83.563942,185.653687,137.036942
130.508881,85.488541,181.650665,139.547989
126.150085,84.516090,178.393188,139.740387
122.943565,84.141594,175.773926,139.986404
121.372864,84.333862,174.658981,140.660248
119.745995,84.350082,173.019394,140.663040
119.503609,82.175270,173.044006,138.770065
120.660454,76.620056,173.896591,132.893677
122.390747,72.530159,175.900604,129.092712
125.666153,71.226501,179.650040,128.289413
129.196274,73.400093,182.676590,129.922134
130.690247,77.832672,183.799316,133.962845
133.107407,83.529747,185.634109,139.045212
136.318680,88.163094,188.697983,143.522827
139.805923,91.629761,192.334000,147.146667
142.501282,93.104301,194.811768,148.391296
145.002472,90.662971,197.622955,146.277512
149.134201,85.443832,202.118637,141.442917
152.419968,78.559883,206.237015,135.438721
156.140411,73.566505,210.526520,131.046021
156.502060,70.326866,211.557755,128.512482
158.022308,70.385277,213.318695,128.824493
157.958008,76.812141,212.743927,134.713531
154.707779,82.115784,208.616379,139.092010
153.247040,83.731644,206.540863,140.058929
151.218781,86.038551,204.033691,141.860321
151.363129,87.540512,203.386139,142.525543
148.834961,87.072144,200.323822,141.502884
149.006714,84.129059,200.043976,138.082138
150.272995,80.741669,201.337296,134.722824
150.829224,81.283417,201.610016,134.970169
151.031113,86.356270,201.280441,139.480286
149.123764,91.470055,198.752548,143.937027
147.364700,92.282593,196.877365,144.626480
146.425186,92.294846,195.961075,144.663361
145.502945,93.392975,194.862381,145.574448
144.313446,94.680504,193.866241,147.066925
142.275864,94.489403,191.552750,146.583374
138.434982,91.730080,187.623276,143.730148
134.608734,88.822784,183.236328,140.228531
133.325882,85.912888,182.214706,137.595856
134.673370,85.009834,183.103699,136.206238
133.110580,90.192627,180.929764,140.740479
132.246964,95.628609,179.638596,145.722183
133.175613,99.395889,180.171951,149.069458
134.459030,103.036469,181.533554,152.793228
136.539429,106.364777,183.844360,156.361542
139.524796,105.934174,187.240128,156.358429
140.812088,99.525406,189.231216,150.697433
144.362656,89.706001,193.891251,142.055405
147.170578,82.642632,198.193832,136.576385
151.922897,78.556282,203.631943,133.202194
155.797928,76.674812,208.070023,131.916260
157.000214,79.361572,209.020752,134.337219
158.582489,82.420731,210.415009,137.201248
160.563309,83.997192,212.143448,138.510757
162.539322,84.775017,213.776596,138.925949
163.814392,85.716026,214.278259,139.048935
164.143845,85.231216,213.963394,137.881912
164.032623,85.223320,213.122131,137.100174
164.209335,84.667305,213.038345,136.273254
162.502625,84.534088,210.605560,135.369492
161.503647,83.269127,209.057205,133.532745
160.713974,84.886589,208.155685,135.031357
156.698288,89.686455,203.983963,139.665421
152.939407,91.827286,200.269180,141.852188
149.821732,91.896240,196.861099,141.612579
146.181274,94.310760,193.384766,144.198059
141.701874,96.878891,188.909851,146.770859
137.545013,94.821037,185.278809,145.260742
137.578552,90.795227,185.655579,141.599609
138.828186,87.980225,187.147034,139.036316
139.722626,87.335640,188.436920,138.811401
139.549026,87.285561,188.130203,138.620056
140.031769,87.990540,188.405884,139.105316
138.699661,88.708702,187.022324,139.768860
139.664200,90.670326,188.080063,141.829391
140.880356,93.267876,189.641098,144.792923
141.437744,94.470085,190.741638,146.571518
143.168747,93.045509,193.184494,145.901489
145.968460,90.028946,196.805374,143.738312
147.568924,86.794197,199.469833,141.630157
150.372345,84.029678,203.263062,139.912537
154.414978,81.518944,208.179901,138.325500
159.078857,79.351234,213.650146,137.008957
163.211975,78.440399,218.368927,136.715729
165.298889,78.603203,220.998138,137.449875
166.667130,80.792107,222.085159,139.342484
167.912247,81.821251,223.335831,140.377472
168.553894,81.933960,223.745209,140.245468
168.919266,81.326576,223.944290,139.462891
167.291916,80.793869,221.860001,138.448761
166.194046,79.241440,220.235367,136.340820
165.997208,77.562164,219.110428,133.682816
168.110474,74.216095,220.555145,129.631058
170.281342,72.237839,222.222778,127.121078
169.500916,71.026596,220.980652,125.421494
167.375443,70.549225,218.603867,124.678314
162.895645,70.020531,214.194809,124.224449
160.875839,71.470345,212.183945,125.683708
157.128708,73.622513,208.441330,127.840668
153.419525,75.633575,204.619507,129.732590
149.546387,76.218040,200.494568,130.050735
147.428635,74.859756,198.060257,128.357254
145.553513,70.828232,196.142044,124.280121
143.776825,66.404106,193.952789,119.419167
142.030823,63.828850,191.944519,116.566231
142.011490,62.731911,191.937729,115.482597
139.557922,62.736732,189.660522,115.674355
140.154800,64.055534,190.253464,116.989052
139.924377,66.548393,190.546844,120.026253
139.557556,71.735809,190.391327,125.437393
140.207794,76.414917,191.263672,130.351669
140.900742,78.645073,192.370743,133.011871
141.146622,77.487892,193.196243,132.467758
142.499283,74.934914,195.429001,130.828094
142.176331,71.069366,196.365479,128.293259
141.347427,67.044846,196.661453,125.454987
142.604492,63.023830,198.873138,122.439720
142.337677,59.379951,199.338898,119.566963
142.470734,58.121307,199.837128,118.692383
140.736465,59.069355,197.961533,119.491806
139.187866,60.958572,195.853210,120.792358
137.633621,64.016998,193.801956,123.327621
136.882980,68.377251,192.428848,127.032631
136.419296,72.159889,191.547043,130.374741
136.494690,75.076294,191.005829,132.641525
137.699402,76.808357,191.419678,133.539581
136.663345,75.220795,189.819138,131.356171
137.547409,71.351349,190.309464,127.071121
138.020828,67.284019,190.277725,122.470055
137.364410,63.899609,189.079895,118.513573
136.459579,61.660576,187.395554,115.450058
136.178146,60.199001,186.545059,113.385933
135.455521,60.664207,185.200485,113.192604
137.058594,63.271908,186.314636,115.282051
139.151550,66.263824,187.980469,117.821205
141.061752,67.644440,189.777054,119.081245
140.826248,70.013672,189.380508,121.279564
139.578842,73.013412,188.050461,124.191597
136.368271,74.797287,184.799332,125.932442
133.391922,76.570862,181.717239,127.593803
129.973282,76.844955,178.287430,127.856041
126.124794,74.854904,174.417252,125.842979
124.649345,73.051727,172.842743,123.936699
122.154030,71.219521,170.306992,122.062393
119.508293,70.037941,167.573944,120.789948
116.427147,70.145447,164.391541,120.792061
116.600990,70.098999,164.347855,120.514488
117.424919,70.932823,165.243164,121.424149
119.313942,70.882179,167.165695,121.409103
123.037476,69.259079,171.033676,119.939476
127.206932,64.526123,175.505447,115.527733
131.132339,60.534874,179.655319,111.774673
131.717789,57.821815,180.521713,109.359772
132.298370,52.355030,181.359985,104.166443
138.039337,53.985779,187.005585,105.698006
143.487015,57.580433,192.764694,109.623161
145.984879,61.393127,195.372665,113.552574
150.781738,62.888542,200.272949,115.157623
154.940247,65.029160,204.634613,117.513603
156.911560,64.443954,206.754669,117.086067
159.740356,64.939964,209.687286,117.692123
160.867981,65.796722,210.903259,118.642540
162.237259,68.716423,212.246780,121.535477
164.774536,72.147354,215.168640,125.366081
166.092712,74.140648,216.848755,127.742599
167.564072,75.368767,218.950882,129.638596
168.398438,75.765930,220.543274,130.837509
167.857986,76.368904,220.873459,132.360413
165.069489,75.445816,219.075531,132.464584
159.460800,73.254303,214.348434,131.202744
155.247559,74.441902,211.028168,133.332031
150.278473,73.743942,206.920197,133.541321
145.472748,73.365082,202.824921,133.910294
139.261856,72.061958,197.504196,133.543396
137.089050,70.591766,196.367462,133.161957
134.292267,69.642639,194.484528,133.172363
131.510361,68.922745,192.641159,133.437164
131.677017,70.089188,193.561356,135.393616
133.382233,73.613007,196.021942,139.721542
135.037811,76.490852,198.260193,143.219070
139.328369,78.336906,203.267761,145.815735
143.564514,79.334122,207.873383,147.205536
148.472412,79.354614,213.363617,147.835251
153.867905,79.258163,219.020065,148.015793
159.022247,78.416016,224.134430,147.131836
162.946625,78.734100,227.637665,147.009644
166.185837,78.161812,230.089218,145.601212
169.400452,77.382164,232.305298,143.760605
172.091629,77.933464,233.982681,143.233749
172.826782,80.855400,233.738434,145.113083
170.783920,83.522194,230.679092,146.696747
170.208832,86.423424,229.024689,148.446701
168.577316,88.954300,226.479233,150.001663
167.711227,89.704285,224.642258,149.713806
167.590775,90.567886,223.787460,149.791550
168.202347,90.352425,223.802689,148.948334
168.941711,89.890678,224.094421,148.014969
170.013580,88.702530,224.851990,146.495682
173.343719,87.889717,228.114014,145.611023
175.530975,87.744362,230.409607,145.579910
176.417374,87.779625,231.542404,145.875031
179.301361,89.875618,234.710419,148.270279
179.024368,91.456833,235.037643,150.488083
179.275131,92.404251,236.243027,152.440353
178.881775,92.265846,236.741943,153.256836
177.349823,91.805931,235.916595,153.540085
172.880295,89.052338,231.981094,151.347672
169.221252,84.028107,229.293060,147.343002
167.462418,80.839920,228.178421,144.830719
164.980255,77.674065,225.907257,141.886230
164.001846,74.644737,224.851181,138.774139
161.972168,71.512970,222.518494,135.319489
162.306396,69.768410,222.896973,133.621368
162.201080,70.150253,222.956482,134.176147
162.324036,74.012375,223.039459,137.995667
160.949936,81.258514,221.560593,145.131882
161.251755,87.388382,221.906296,151.307800
163.290421,90.527649,224.195877,154.710327
165.032562,89.633118,226.412201,154.321045
166.954483,85.779785,228.989456,151.154755
168.909927,79.606834,231.832779,145.911972
170.146454,74.296577,233.393433,140.946411
172.452133,71.073616,235.837601,137.868439
172.528000,69.173889,235.783157,135.832306
172.040924,67.063148,234.818787,133.221893
170.967102,66.794708,232.992004,132.152679
170.072906,70.394135,231.372223,134.991959
168.944016,73.646126,229.720993,137.696320
168.469681,76.878899,228.973679,140.638199
168.021408,78.024467,228.419052,141.672180
163.629791,77.987747,223.995880,141.602341
157.511536,76.473251,217.751587,139.955612
151.814407,74.994736,211.971481,138.390030
146.297073,72.573372,206.347610,135.856903
140.826202,67.264664,201.336609,131.030670
131.977356,62.491177,192.929260,126.720383
127.144920,60.861542,188.295334,125.302269
123.058731,60.561172,184.278610,125.074730
121.492279,62.243637,183.084473,127.147530
119.269363,66.634109,180.825333,131.500031
118.966705,72.618652,180.665588,137.634399
118.112595,77.573761,180.069321,142.863983
118.643585,79.377548,180.880157,144.965683
121.037857,78.298576,183.787003,144.423691
126.660637,79.225639,189.972412,145.949112
131.893326,78.676682,195.390793,145.594559
137.302414,76.676811,201.174911,143.987289
145.447296,75.030632,209.475128,142.506165
146.535049,74.612434,210.395187,141.912552
145.669678,73.838547,209.445129,141.048660
141.984009,72.933571,205.944183,140.339966
137.265228,73.256813,201.595947,141.056915
131.102554,73.352478,195.948654,141.691742
124.329758,74.910011,189.697891,143.803436
115.833565,74.931198,182.031311,144.691925
107.543259,73.464752,174.526108,144.045746
100.338722,69.989845,167.976135,141.264481
93.136414,64.427948,161.626236,136.605133
86.327904,58.651745,155.181183,131.213455
81.347427,55.261211,149.840073,127.441376
80.783180,54.654819,149.150925,126.702843
79.711044,56.103535,148.190765,128.270020
79.309105,62.243629,147.593979,134.203964
77.860291,69.344368,145.778595,140.922195
75.960197,74.535378,143.509872,145.722900
72.843536,78.318428,139.952896,149.039734
66.898232,79.982216,133.803329,150.490250
60.579525,79.070892,127.301575,149.384949
54.589500,77.349564,121.203690,147.549332
49.346527,73.088959,115.450569,142.748138
50.390419,69.458138,115.979721,138.579529
50.961575,65.469185,116.112701,134.125854
53.832527,65.357292,118.430763,133.435928
59.035557,66.090767,122.944328,133.437515
64.291809,70.348549,127.422691,136.868790
66.758881,74.250145,129.141815,139.987381
67.946312,77.176056,129.838669,142.399368
72.842522,79.257500,133.865952,143.555847
76.990433,81.828163,137.367722,145.449112
81.646896,82.485878,141.681183,145.746948
86.525253,79.531158,146.430771,142.657120
91.010902,74.861542,150.937454,138.009933
95.061226,66.348572,155.736176,130.295258
102.966385,59.140079,164.163223,123.634323
111.622597,54.544010,173.427551,119.675797
118.795822,54.915054,181.336395,120.829918
123.436737,59.528770,186.340622,125.824249
124.650688,62.734940,187.894806,129.392242
126.717484,64.914642,190.128296,131.746475
128.068878,65.618858,191.913788,132.905136
129.724854,67.299660,194.304962,135.367081
129.010666,67.189972,194.575974,136.303223
127.882782,65.507988,194.068939,135.279709
129.653931,63.346169,196.260498,133.557098
130.284439,61.569309,196.858780,131.746078
129.299454,58.743851,196.026657,129.082611
130.895432,58.513084,197.726608,128.962021
129.800873,60.491169,196.558533,130.862198
129.852402,61.424984,196.683731,131.874084
129.869598,63.085861,196.829834,133.671570
129.010895,63.374462,196.061707,134.056183
129.444351,63.795834,196.321335,134.296066
129.851929,63.983303,196.458008,134.196457
132.558945,63.086380,198.537796,132.634857
134.894928,59.264969,200.282928,128.186798
138.420837,54.572495,203.308228,122.970963
143.787338,52.088463,208.088730,119.864876
147.534897,51.984470,211.217514,119.113533
150.386017,58.336308,213.263672,124.610100
150.491531,65.996964,212.719528,131.579880
149.144028,72.447647,210.838425,137.471573
149.509399,77.165085,210.710846,141.664261
148.616821,78.875061,209.537628,143.080017
145.318787,75.086296,205.840088,138.865540
144.970200,69.215897,205.045456,132.527161
149.572266,64.238983,208.968109,126.837418
155.686386,61.209152,214.406815,123.098389
160.907379,63.522263,218.704590,124.441345
161.222214,66.342621,217.668930,125.841370
161.351349,71.102341,216.560059,129.297943
157.404190,73.858749,211.601089,130.988342
150.760773,76.055008,203.985352,132.159241
145.124802,75.861641,197.509476,131.079300
139.132751,75.699730,191.004333,130.375275
131.250900,71.114845,182.675156,125.317261
126.983315,67.002083,178.362396,121.156708
125.470978,61.171867,177.068130,115.557144
128.485062,59.525673,180.305206,114.146790
129.394424,61.542515,181.403900,116.363869
128.606293,63.739712,180.910324,118.866745
128.752441,66.540398,181.118912,121.733398
129.087845,69.050781,181.209503,123.985100
127.760475,69.777809,179.743713,124.568481
125.136566,71.095169,176.949875,125.706108
122.702774,71.813538,174.362122,126.261635
120.027679,69.223732,171.492172,123.465729
123.216896,65.641945,174.780853,119.989151
126.608337,63.802086,178.046036,118.015747
129.940811,62.555145,181.552826,116.953178
139.639236,67.034515,191.299805,121.483894
144.143738,70.314018,195.919907,124.885666
149.785675,70.320198,201.839432,125.185455
157.602676,67.599121,209.967499,122.787178
161.900818,65.781387,214.436050,121.149498
165.372025,63.732834,217.864319,119.055580
167.423798,63.133224,219.299881,117.804893
169.485764,62.482471,220.546936,116.292221
169.588898,58.821159,219.842178,111.791946
171.229141,55.750443,220.804321,108.016533
172.159790,54.401157,220.971939,105.858437
171.088348,54.410954,219.142899,105.064262
171.207458,56.229568,218.648056,106.243866
174.307327,63.486832,221.225006,112.945526
171.507584,70.457748,218.119751,119.591446
167.822021,74.918365,214.091019,123.686981
163.484512,77.300560,209.523529,125.829414
157.175903,77.035736,202.988998,125.329056
152.205887,73.633766,197.849457,121.746513
151.352036,69.549339,197.390167,118.082375
155.485229,63.949417,201.932388,112.908890
156.937607,63.172066,203.397278,112.144585
157.809357,65.208420,204.049362,113.951935
157.430389,69.038429,202.962387,117.043800
158.793900,73.443947,203.493439,120.562584
159.479050,76.500946,203.333405,122.718063
158.825424,78.657806,202.124847,124.282150
159.414612,81.642982,201.976822,126.496605
160.024979,83.688393,201.667603,127.579681
162.292221,84.024475,203.356049,127.309425
164.193283,79.473145,204.888336,122.371758
163.348099,75.648788,203.714661,118.202888
166.841339,75.177193,206.913071,117.422073
169.398758,78.792999,209.153168,120.705070
168.757858,83.246056,207.731201,124.337997
166.523895,86.522072,204.825333,126.890442
162.990524,88.626411,201.002655,128.690628
159.099014,89.393204,196.822754,129.154251
157.302994,88.675964,194.455872,127.836090
156.809341,87.577919,193.305634,126.046898
154.015442,85.163490,189.996567,123.089455
150.446503,83.215218,185.793411,120.471733
145.665756,81.296158,180.517426,118.029922
143.093948,80.327583,177.920837,117.035133
139.488480,75.782036,174.441406,112.622826
138.006165,69.135033,173.425797,106.469215
136.097504,68.745956,171.911118,106.495987
133.327194,72.883766,169.181976,110.677238
133.540237,75.241226,169.376221,113.014877
133.529831,76.189003,169.568573,114.176674
130.950577,79.512154,167.404755,117.926491
170.000000,70.000000,191.000000,92.000000
169.367645,70.958839,190.359009,92.949821
167.787521,71.108612,188.754807,93.074371
171.352158,70.655586,191.981644,92.267448
177.469833,71.448334,197.774246,92.719635
183.894104,72.151466,203.836151,93.043144
190.618057,72.096954,210.589218,93.019196
195.618546,71.622467,215.551071,92.504150
198.897171,71.187904,218.876083,92.118294
200.223740,72.851967,220.200150,93.779716
198.265549,74.803757,218.295425,95.787659
198.830566,74.230324,218.662354,95.016136
202.236633,72.187790,221.917542,92.815170
200.242477,72.470589,219.384079,92.531700
198.669769,72.668343,217.766083,92.681892
191.007919,71.347427,209.161636,90.371231
186.257858,68.074547,205.556534,88.303566
185.895004,68.853874,205.277969,89.171410
181.757874,72.339745,201.374237,92.902351
178.619446,74.952682,198.206512,95.484512
175.615738,77.956711,195.035446,98.312805
172.990768,79.184723,192.180191,99.299011
177.294647,81.401474,196.154175,101.169357
179.144608,82.664185,197.681747,102.092728
181.147430,83.517418,199.494934,102.746346
182.149811,85.295296,200.205841,104.217415
184.180954,85.869789,202.007401,104.562325
183.735519,85.262177,201.256668,103.632431
184.746338,85.144630,202.064667,103.300789
184.082764,85.146500,201.190674,103.080566
176.636093,84.306755,193.392624,101.889442
171.084641,82.991486,187.861130,100.595322
166.935410,82.029945,183.776138,99.701805
165.289124,82.062897,182.242432,99.853958
162.445618,80.747955,179.580200,98.730957
162.245377,80.653877,179.537186,98.794106
161.243958,79.385674,178.687958,97.686531
161.935577,79.022400,179.493835,97.443863
163.716141,76.690704,181.208786,95.042908
166.962631,75.261421,184.601730,93.768227
169.461868,73.621628,187.150467,92.180695
171.991714,73.391502,189.551285,91.814369
175.006195,73.255440,192.585297,91.698921
176.556381,73.060722,194.163071,91.533318
176.478867,74.038185,194.014389,92.435677
173.198471,74.174515,190.669479,92.503891
173.499466,73.025215,190.860947,91.238976
174.092285,71.662811,191.375336,89.793793
174.906677,70.918106,192.180237,89.039078
175.905502,70.128052,193.145157,88.213226
177.669907,69.376892,194.815201,87.362457
177.559647,68.513412,194.583145,86.377197
181.324020,67.434952,198.190292,85.141495
182.789200,66.259094,199.341080,83.632767
183.409439,64.953949,199.929916,82.294357
177.436371,61.765240,194.106995,79.264641
177.437225,61.105362,194.137482,78.636139
175.958923,62.803020,192.657043,80.331551
171.818130,63.624401,188.578171,81.218483
171.288071,65.710518,188.105087,83.364914
168.106186,63.958576,184.993240,81.687119
171.545273,64.609123,188.531693,82.442871
172.731094,62.094231,189.888046,80.108551
64.000000,54.000000,85.000000,76.000000
64.481361,52.262047,85.420906,74.198845
65.696144,52.528988,86.655205,74.486229
69.771744,54.077000,90.454727,75.745010
74.003525,55.134415,94.649307,76.763451
75.813698,56.512512,96.465858,78.148232
80.953453,58.265430,101.534111,79.826233
84.847473,57.165077,105.440338,78.738670
86.055786,53.114410,106.573318,74.609085
89.380463,50.912655,109.968735,72.481430
94.515182,49.566433,114.689590,70.701645
101.140778,49.715439,121.399307,70.938774
101.841942,52.523186,122.177391,73.827110
105.695297,56.806381,126.330429,78.424255
108.672318,60.664883,128.928818,81.886078
108.071457,63.526249,128.164841,84.576546
107.368988,65.623962,127.270752,86.473518
107.153191,67.133415,126.887520,87.807159
105.277962,66.108284,124.368706,86.106262
104.818398,67.026482,123.921638,87.036957
102.169266,65.175644,121.067810,84.971184
100.545769,62.390156,119.091362,81.814171
103.381897,64.340248,122.140854,83.988861
105.660820,66.097580,124.284782,85.604088
108.316338,66.611252,126.750511,85.917992
112.690697,68.635399,130.926331,87.733154
114.900932,70.318726,132.952393,89.222618
118.587723,71.905701,136.119110,90.289528
124.407784,73.826347,141.007385,91.226624
127.418518,75.333984,143.780258,92.482399
130.063034,74.246658,146.519165,91.495003
131.806961,69.002182,150.735138,88.867973
130.916153,67.996605,150.227051,88.265274
125.694824,61.096169,146.371475,82.798874
123.329025,56.561489,144.617950,78.905617
121.830650,52.569416,143.372559,75.178024
116.451889,46.403652,138.401596,69.438591
114.976059,48.883297,136.719254,71.692940
110.618835,52.661755,131.839294,74.924904
105.219498,53.901768,127.648544,77.428436
102.278450,53.599918,126.078468,78.557175
103.296425,54.853256,126.399742,79.084785
104.825699,54.909065,127.299545,78.484894
104.457718,56.356232,126.257233,79.228416
104.200455,57.284580,125.297302,79.422150
104.109818,57.336697,124.702377,78.947060
106.901131,55.432564,127.129585,76.661484
110.030777,57.083656,130.108261,78.154404
111.664993,60.487728,131.724350,81.539490
194.000000,59.000000,224.000000,91.000000
194.416016,62.977112,224.703979,95.283669
182.000000,51.000000,244.000000,117.000000
182.848343,53.553871,245.365829,120.104210
179.987152,53.000084,243.011261,120.089226
194.000000,57.000000,237.000000,103.000000
195.642639,52.591415,237.109375,96.953613
198.498093,49.775532,239.267410,93.390495
200.268585,52.837177,241.167480,96.591194
202.232010,57.347061,243.097031,101.064713
202.337769,62.174526,243.176422,105.863876
201.141815,64.100281,241.798431,107.594284
199.473404,65.513039,240.912369,109.846626
198.767914,66.683960,240.139130,110.944946
197.263519,67.190819,239.146637,112.000282
196.873886,64.226242,240.194229,110.575592
203.635040,62.979881,247.680206,110.103477
208.777298,62.941650,253.184280,110.451202
209.364319,62.386707,253.794861,109.921394
211.013901,63.196735,255.240219,110.513573
214.274460,64.363525,258.355927,111.525848
214.994736,64.796181,259.196320,112.086632
213.075394,65.123108,257.214691,112.347122
211.768951,64.587730,255.997849,111.907326
209.316849,63.383709,253.355988,110.500893
206.898849,62.708420,250.670990,109.540802
210.763794,61.967747,254.730179,109.007614
212.005997,60.588760,256.094238,107.761559
213.564545,56.501305,257.655670,103.677155
217.406097,55.520626,261.473907,102.671600
218.698318,57.902466,262.578735,104.853577
218.990356,61.864632,262.719543,108.654213
219.714691,64.827736,263.452423,111.626457
223.078705,65.623894,266.865723,112.475273
227.800461,65.209976,271.368256,111.827194
230.381622,63.440140,273.696960,109.787689
231.739822,60.081066,274.914429,106.278259
233.165375,57.520004,276.163544,103.528732
234.731247,54.291805,277.675018,100.241089
236.266693,52.710804,278.255371,97.638344
236.221008,53.812126,277.238190,97.698792
234.355362,55.328232,274.794312,98.609108
232.402878,56.764500,272.309753,99.474365
230.398682,58.139736,269.909058,100.423363
224.967560,59.748878,263.727966,101.226280
286.000000,198.000000,307.000000,220.000000
285.093750,197.105453,306.013550,219.021591
279.757507,195.742813,302.700378,219.778336
279.825165,195.554810,302.910187,219.744873
281.702850,195.865189,304.701263,219.965042
284.483032,196.774704,307.407043,220.793716
286.413025,199.446625,309.289978,223.414459
288.375671,201.387680,311.053406,225.147629
291.424744,202.622803,314.110962,226.391602
296.791870,204.077225,319.449585,227.816299
301.739288,206.080429,324.566132,229.996017
302.709656,207.253723,325.538757,231.171661
302.103455,208.288544,324.798035,232.066071
305.210297,208.246750,327.798370,231.913162
301.727051,208.588028,324.204407,232.138870
294.108734,211.140976,316.772552,234.886398
291.138672,213.706558,313.670654,237.314407
287.866425,215.035904,310.386871,238.631729
281.668701,216.538696,304.466736,240.424133
271.853851,216.749863,294.577057,240.557205
261.025269,214.330093,283.116882,237.478409
254.868408,210.879349,276.507629,233.555618
250.863754,209.268875,272.392578,231.829727
242.213196,207.800812,263.321289,229.921814
238.529465,204.393066,259.354370,226.218018
237.662994,202.572235,258.277893,224.177185
236.978745,203.759552,255.792450,223.477509
241.653732,204.974518,258.828491,222.967285
245.792786,205.548187,262.413696,222.987122
246.622757,205.790573,262.799438,222.759171
247.842178,206.080933,264.006409,223.037109
248.320755,204.844315,264.526001,221.841476
247.102371,200.712463,263.958435,218.360443
246.953812,198.396927,264.697021,216.984238
244.789780,196.232162,263.083099,215.400131
242.518295,193.815445,260.880585,213.056015
240.883682,194.171494,259.642273,213.829208
237.491440,196.251022,257.351044,217.067703
234.012253,198.408081,254.194672,219.563721
230.317474,199.036530,250.399155,220.086639
227.741486,199.747528,247.387070,220.340790
222.688797,199.296906,241.850342,219.381927
218.493988,198.546875,236.043076,216.938812
218.042831,197.670059,233.329895,213.674332
214.506516,195.915405,227.617096,209.607178
215.061310,192.075623,226.939682,204.535187
218.140594,189.770615,229.431595,201.593857
220.739563,191.092468,231.339981,202.225128
223.692886,195.415100,234.112915,206.350983
228.509216,200.287338,239.421432,211.715408
233.374939,206.886642,245.292526,219.411484
235.741318,213.140594,248.465485,226.539246
237.606918,216.440231,250.455292,229.972641
237.481094,216.858459,250.265137,230.321594
243.400299,215.444687,256.018158,228.728836
249.681671,214.333359,262.641266,227.985550
252.464447,217.070312,265.485138,230.788330
nan,nan,nan,nan
nan,nan,nan,nan
nan,nan,nan,nan
nan,nan,nan,nan
nan,nan,nan,nan
nan,nan,nan,nan
nan,nan,nan,nan
nan,nan,nan,nan
nan,nan,nan,nan
nan,nan,nan,nan
nan,nan,nan,nan
nan,nan,nan,nan
nan,nan,nan,nan
nan,nan,nan,nan
nan,nan,nan,nan
nan,nan,nan,nan
nan,nan,nan,nan
nan,nan,nan,nan
nan,nan,nan,nan
nan,nan,nan,nan
nan,nan,nan,nan
nan,nan,nan,nan
nan,nan,nan,nan
158.000000,107.000000,183.000000,134.000000
161.520386,110.105865,186.611450,137.203949
163.207932,111.944069,188.503098,139.261963
164.735901,113.416481,190.298889,141.022797
166.169846,113.458855,192.123123,141.485489
168.477310,111.939781,194.352585,139.879425
169.729584,109.811386,195.344330,137.470474
170.155884,108.539314,195.629089,136.045990
170.921112,107.941460,196.058136,135.086105
170.698975,107.616150,195.261932,134.142578
172.084229,106.636795,196.290253,132.777740
171.903244,97.901344,194.782455,122.609337
174.463104,91.888504,197.862427,117.161819
177.581421,90.344276,200.307495,114.888237
177.477051,89.813194,198.562286,112.573631
178.957581,88.764305,198.522766,109.935600
181.049088,87.341675,199.995926,107.832779
179.850800,85.541031,198.782562,106.015457
176.637665,84.553238,196.437378,105.986969
173.018494,83.206657,193.117767,104.969902
170.341736,82.311020,190.099335,103.716324
167.313263,81.255447,186.622223,102.167252
162.354523,79.496323,181.202118,99.923706
159.967514,79.275826,178.322861,99.159142
160.235092,81.313156,179.073837,101.705307
158.693649,82.026955,177.940781,102.870476
157.105362,82.636139,176.016342,103.126709
156.222931,81.367661,175.096130,101.816483
152.811844,78.774742,171.781052,99.329674
149.626572,74.874031,168.900314,95.765556
149.379471,70.870781,168.827530,91.945335
149.384567,68.319786,168.981064,89.557625
145.608994,66.402443,165.321335,87.767708
152.312439,66.009285,171.951935,87.294411
155.535767,67.540771,175.385193,89.056808
160.205414,70.920967,179.835632,92.195854
163.452560,74.139404,183.267166,95.617111
164.084656,74.926094,184.264587,96.805672
167.137619,74.371384,187.464859,96.405273
169.171936,73.913536,189.864288,96.347328
168.170029,73.340393,189.033127,95.961197
164.905365,72.545891,185.899719,95.310463
162.381485,70.116165,183.749924,93.290451
162.674911,67.861473,184.283707,91.297951
160.036530,68.356224,181.810303,91.972679
156.696045,70.861343,178.615662,94.636887
155.865326,74.530212,177.894867,98.425674
153.750168,77.848465,175.868484,101.836548
151.227264,79.510658,173.372406,103.526726
145.729904,78.419006,168.080948,102.658875
139.535812,76.862007,161.980301,101.203438
137.498825,75.111809,160.159500,99.688225
134.295074,73.638504,156.903900,98.158554
130.861420,72.463440,153.758972,97.297333
129.961288,71.878914,152.702377,96.542747
127.085510,72.253113,149.772552,96.858200
126.100403,72.622589,148.809174,97.251297
126.664635,75.062943,148.998932,99.284622
128.322556,75.987358,150.605850,100.153618
131.808517,76.025818,154.056259,100.153427
136.288528,75.685265,158.390976,99.654930
141.301498,76.008965,163.357895,99.930580
146.755341,76.048164,168.577911,99.725792
151.336212,74.651291,173.076385,98.239029
153.559189,74.083969,175.225510,97.591141
157.037704,72.551750,178.649796,95.999748
159.119827,73.221352,180.769760,96.710625
160.689865,76.064949,182.300735,99.511604
160.661102,80.052422,182.131561,103.345909
160.003677,83.430099,181.335342,106.572189
158.136154,86.238319,179.393967,109.299828
156.128693,88.613235,177.297638,111.577805
154.698013,89.747765,175.736221,112.575645
152.124191,89.624191,173.125504,112.413513
147.352539,85.777702,168.532318,108.753593
146.867706,81.690338,168.172638,104.797089
142.248703,79.825165,163.854935,103.260605
139.241211,80.179482,161.003937,103.785652
134.214523,83.528206,155.947739,107.102180
131.570801,84.989388,153.578003,108.862251
130.592941,84.558220,152.864029,108.706444
129.205002,82.205139,151.800797,106.706299
126.673935,81.652275,149.515793,106.420891
125.757294,81.103889,148.742401,106.028206
123.680664,80.858330,146.708618,105.829216
120.885345,80.178513,143.745636,104.974747
118.676453,79.971413,141.596191,104.832253
116.123184,79.125198,139.227066,104.186188
113.004829,77.149307,136.226273,102.337662
