162.000000,92.000000,214.000000,147.000000
161.553024,92.547226,213.408310,147.394333
159.606873,95.830025,210.897980,150.080414
156.582642,99.101746,207.329956,152.776962
154.034744,99.797798,204.049332,152.697174
151.402252,98.706665,200.354492,150.502029
149.904938,94.603394,198.899902,146.444107
149.131653,90.207481,197.185242,141.049194
148.212860,87.124817,195.714203,137.391739
147.823715,86.522797,195.431686,136.903000
144.754105,86.271431,192.555191,136.856796
138.310669,86.175026,186.723846,137.410751
132.881241,89.146561,181.134354,140.212433
126.925003,91.221390,175.625137,142.761658
123.076279,90.716209,171.728714,142.205856
122.253716,88.035545,171.380707,140.028809
122.198090,85.080673,171.850906,137.620804
124.498947,84.229820,174.257782,136.882324
127.280334,84.976852,177.452927,138.067932
129.739441,86.045052,179.663925,138.873428
131.411713,89.245529,181.351181,142.089783
131.202316,92.138023,180.981079,144.811935
131.035187,93.217026,180.940109,146.024658
132.071381,93.686211,182.169601,146.698746
132.627716,95.444061,182.525864,148.244766
133.970657,97.036293,183.328979,149.264771
133.407852,95.500687,183.067505,148.048569
135.316910,91.104568,184.831055,143.498199
138.288223,86.065331,187.661346,138.309479
143.189743,80.608437,193.224487,133.553909
148.133224,77.336349,197.907684,130.011337
151.657776,75.803535,201.766251,128.832581
155.554291,75.037567,205.672958,128.077423
159.748642,75.114357,209.601562,127.872826
162.739700,77.530441,212.359100,130.041351
163.752747,80.340889,213.136032,132.601517
162.806061,81.511566,211.766312,133.323776
161.404953,79.980705,210.408539,131.838898
159.342163,76.803619,208.491470,128.813354
155.464691,73.953629,205.123520,126.503464
151.872223,72.174583,201.720444,124.925163
148.094574,73.538223,198.108017,126.463928
141.416992,78.123375,191.731583,131.362015
135.050278,82.253738,185.472382,135.606232
130.587494,84.060310,181.793320,138.242615
126.317780,83.042290,178.513535,138.271622
123.137718,82.617363,175.837860,138.379623
121.526108,82.737297,174.788071,139.093170
119.983047,82.927788,172.966537,138.989716
119.752579,81.055176,172.990921,137.391190
120.832306,75.463486,173.748749,131.459717
122.740219,71.438904,175.587265,127.361801
126.019592,70.232483,179.179871,126.486343
129.671555,72.272217,182.418137,128.089401
131.281677,76.813217,183.582947,132.159882
133.507370,82.316681,185.738724,137.589478
136.761765,87.035217,188.909500,142.219681
140.154510,90.503876,192.662689,146.069168
142.868851,91.930382,195.281601,147.394852
145.287704,89.412102,197.982803,145.174881
149.438736,84.203346,202.580978,140.438583
152.920731,77.230507,206.795761,134.239273
156.752029,72.277344,210.996628,129.683060
157.222046,69.132950,212.002289,127.103516
158.973160,69.347694,213.717575,127.280495
158.877930,75.708008,212.988495,132.972382
155.739105,80.826416,209.119446,137.320709
154.109970,82.430077,207.039780,138.448807
152.192505,84.655754,204.619568,140.133774
152.229858,85.940262,204.032654,140.758667
149.702026,85.473633,201.108521,139.872864
149.770554,82.500328,200.808304,136.509552
151.196335,79.197777,202.037704,132.999298
151.815460,79.670982,202.336090,133.132904
152.011108,84.719589,202.050079,137.671509
150.185379,89.816345,199.614822,142.134842
148.514542,90.481903,198.023026,142.884171
147.549835,90.460793,196.993378,142.794235
146.577835,91.560341,195.857834,143.720444
145.266891,92.854568,194.763199,145.243942
143.281845,92.649445,192.434067,144.674072
139.445923,89.825859,188.587158,141.838837
135.534225,86.871002,184.281631,138.466507
134.427536,84.112289,183.157883,135.689682
135.673096,83.229492,184.028046,134.408508
134.046097,88.370544,181.922440,139.041641
133.187180,93.759537,180.801865,144.152618
134.087723,97.444817,181.517532,147.641479
135.327621,101.051262,182.870102,151.367645
137.545868,104.468208,185.284088,154.992569
140.458191,103.993317,188.697510,155.050110
141.866562,97.630699,190.740921,149.361420
145.757339,87.976555,195.266769,140.381241
148.976456,81.134918,199.365860,134.472382
154.025620,77.149437,204.697739,130.786255
158.078842,75.292305,209.157394,129.359482
159.283478,77.970856,210.185486,131.851303
160.827011,81.027786,211.586166,134.756973
162.753479,82.613564,213.257111,136.072205
164.652267,83.323891,214.955307,136.570145
165.894684,84.219337,215.582489,136.814178
166.219315,83.672539,215.302017,135.625992
166.176971,83.546516,214.504120,134.714203
166.337997,82.985596,214.384415,133.855347
164.584930,82.942520,211.873871,133.023865
163.503174,81.796898,210.300873,131.356308
162.718002,83.269989,209.413589,132.720779
158.643967,88.139572,205.040695,137.272430
154.846771,90.241898,201.293274,139.427704
151.757614,90.174110,198.018600,139.162567
148.208099,92.595879,194.510376,141.627380
143.762009,95.217056,190.025772,144.207611
139.722443,93.137413,186.372101,142.530289
139.803375,89.100845,186.715607,138.773071
141.032700,86.300163,188.189163,136.232208
141.985428,85.718605,189.390640,135.909775
141.807510,85.621048,189.219742,135.819687
142.236252,86.259094,189.548599,136.351593
140.830429,86.881210,188.287674,137.127670
141.758209,88.748535,189.475861,139.271667
142.976669,91.286674,191.184586,142.330704
143.520630,92.362473,192.311432,144.025070
145.343109,90.978462,194.792358,143.339798
148.417313,87.936882,198.677689,141.158020
150.526047,84.963554,201.606247,139.052750
153.363556,82.355667,205.332581,137.384964
157.848557,80.015343,210.545670,135.828751
162.862976,77.904030,216.256042,134.452789
166.976776,77.074272,220.825562,134.104080
169.221649,77.264908,223.486603,134.741714
170.608047,79.439812,224.706802,136.741348
171.787567,80.460213,225.928802,137.806549
172.348007,80.548325,226.360733,137.759155
172.757751,79.971642,226.485474,136.881912
171.137222,79.425415,224.397018,135.841751
170.116257,77.995331,222.727768,133.727371
169.921661,76.299553,221.686554,131.137054
172.110382,72.974869,223.229858,127.129723
174.186188,70.922203,225.023529,124.778625
173.362000,69.632652,223.801514,123.067856
171.246002,69.044373,221.468201,122.249489
166.741425,68.503281,217.060486,121.810951
164.724213,69.979561,215.054230,123.298843
161.000061,72.144257,211.277130,125.407463
157.233841,74.167778,207.364212,127.275665
153.363678,74.804382,203.203674,127.604820
151.274414,73.501259,200.783600,125.951019
149.404602,69.531670,198.763702,121.822357
147.586487,65.111748,196.476593,116.905289
145.744003,62.480904,194.387802,114.013046
145.681549,61.353951,194.375458,112.939270
143.057617,61.335880,191.948364,113.130081
143.508179,62.623142,192.473969,114.496994
143.060349,65.159752,192.466537,117.500961
142.472809,70.299339,192.266052,123.050827
142.794266,74.956993,192.898392,128.038025
143.358383,77.138657,194.024826,130.815094
143.535614,75.884521,194.860291,130.257889
144.951157,73.278847,197.066177,128.488144
144.719818,69.414368,198.005402,125.860481
143.994644,65.397774,198.225327,122.841492
145.341583,61.396961,200.424225,119.739113
145.245056,57.837349,200.850250,116.730057
145.393799,56.601398,201.326019,115.838654
143.603775,57.555065,199.358627,116.602272
141.691040,59.336052,197.132935,118.047958
139.962921,62.248463,195.111359,120.651199
139.076141,66.509171,193.795563,124.459915
138.526901,70.271996,192.897568,127.854965
138.531387,73.171364,192.354721,130.177155
139.743958,74.939896,192.714539,131.029770
138.621307,73.392815,190.998383,128.844391
139.444138,69.494850,191.439133,124.542709
139.867081,65.387444,191.355057,119.889267
139.160797,61.984020,190.152832,115.961296
138.211533,59.905426,188.387650,113.018784
137.824707,58.450451,187.367371,110.893097
137.071884,58.967457,186.020584,110.780495
138.728027,61.570686,187.196564,112.874161
140.799576,64.536682,188.817947,115.362419
142.702011,65.961601,190.591782,116.653503
142.489441,68.385780,190.131226,118.814194
141.349030,71.438965,188.806335,121.671379
138.191879,73.296524,185.533401,123.405907
135.201767,75.037651,182.492203,125.092758
131.852997,75.382454,179.002655,125.287994
128.092117,73.415039,175.134506,123.208839
126.603355,71.630608,173.509125,121.282104
124.072388,69.843979,170.839828,119.348320
121.385590,68.681633,168.073135,118.100983
118.302086,68.741180,164.928406,118.095390
118.466064,68.621704,164.905151,117.776726
119.364433,69.479065,165.841263,118.674232
121.272644,69.531281,167.713593,118.688286
125.116600,67.944641,171.614944,117.162712
129.390823,63.256336,176.209274,112.814926
133.391754,59.169895,180.448151,108.981628
134.052979,56.487995,181.339569,106.539520
134.600082,50.974953,182.229019,101.390228
140.361862,52.625237,187.911057,102.955795
145.828094,56.225346,193.687103,106.885086
148.336304,60.031334,196.296112,110.798164
153.164398,61.578930,201.179626,112.404648
157.349930,63.714928,205.524704,114.706711
159.338989,63.096558,207.606445,114.184807
162.167725,63.601059,210.472900,114.729347
163.268646,64.432243,211.688629,115.682373
164.663498,67.368973,212.966934,118.495430
167.224808,70.790802,215.853226,122.262154
168.694061,72.914337,217.597595,124.677635
170.289078,74.120735,219.902542,126.637421
171.164291,74.531013,221.572189,127.889801
170.678833,75.226265,221.988892,129.540268
167.985275,74.331573,220.289291,129.696884
162.451828,72.307549,215.596115,128.560715
158.343903,73.482147,212.367767,130.663773
153.342667,72.731972,208.258072,130.853745
148.616623,72.319939,204.160995,131.116409
142.431580,71.024506,198.822479,130.712845
140.223022,69.587852,197.484436,130.192535
137.489746,68.566017,195.651428,130.117554
134.845917,67.863182,193.918762,130.372208
135.191650,69.060516,195.034485,132.378021
136.960007,72.645386,197.545090,136.754639
138.768295,75.530647,200.011124,140.340775
143.342850,77.352547,205.310440,142.922516
147.642761,78.408218,209.885315,144.270889
152.727814,78.512283,215.405762,144.831085
158.270370,78.480797,221.112228,144.973938
163.438507,77.672661,226.233093,144.115509
167.353348,77.993065,229.780258,144.044891
170.554459,77.373947,232.212692,142.608292
173.575409,76.610565,234.280212,140.829971
176.168884,77.154808,235.927368,140.365845
176.555954,80.057579,235.337570,142.226624
174.411331,82.600288,232.154617,143.660599
173.616562,85.394974,230.462662,145.496216
171.835724,87.863983,227.883881,147.111282
170.842041,88.633713,226.052429,146.999146
170.678635,89.528976,225.049820,147.010254
171.209671,89.332230,224.955826,146.154388
171.931595,88.925781,225.157089,145.198349
173.071915,87.790894,225.900192,143.644180
176.365280,86.986160,229.190109,142.835785
178.624664,86.861580,231.473267,142.736313
179.568146,86.965324,232.581024,143.013641
182.559891,89.050285,235.885361,145.428558
182.427963,90.703217,236.214920,147.568604
182.764908,91.630592,237.389420,149.380066
182.421936,91.484116,237.883881,150.116684
180.838089,90.982597,237.015488,150.368958
176.333008,88.122055,233.082672,148.110794
172.902222,83.090691,230.466187,143.936584
171.156937,79.886459,229.337997,141.381363
168.558640,76.660187,227.070358,138.502563
167.575256,73.580650,226.079407,135.415100
165.441910,70.349953,223.861130,132.095154
165.782684,68.617912,224.201294,130.362473
165.622711,68.966690,224.196472,130.874283
165.667511,72.727257,224.388580,134.789658
164.156525,79.752457,223.071899,142.022324
164.399445,85.797546,223.520996,148.287567
166.461121,88.938484,225.803070,151.659943
168.311050,88.065063,228.003281,151.154312
170.446228,84.293411,230.546417,147.817795
172.757462,78.355698,233.355362,142.402283
174.060394,73.176125,234.820282,137.395325
176.353226,70.032417,237.129440,134.269012
176.354813,68.113045,237.070786,132.285446
175.732544,65.895874,236.227753,129.833038
174.368286,65.461143,234.521790,129.039795
173.356110,68.940208,233.024811,132.010208
172.115662,72.175652,231.461578,134.901352
171.630493,75.436798,230.725159,137.898666
171.134369,76.624191,230.137360,138.989792
166.614334,76.526413,225.810104,139.094421
160.427399,75.050613,219.526245,137.516861
154.709717,73.688614,213.692352,136.032837
149.245026,71.330978,208.095673,133.534271
143.792633,65.991394,203.055145,128.634476
135.127640,61.285278,194.504196,124.048111
130.454224,59.763058,189.813019,122.507248
126.453850,59.579327,185.785126,122.294632
125.073326,61.362331,184.589935,124.272232
122.816910,65.724045,182.476105,128.783661
122.576462,71.721016,182.526703,135.091080
121.814880,76.739647,181.961258,140.318939
122.443810,78.530716,182.859451,142.392502
125.082382,77.469772,185.876205,141.728348
130.825836,78.279793,192.056427,143.003754
135.993286,77.564034,197.438721,142.513245
141.379135,75.431404,203.285812,140.864197
149.394135,73.840225,211.382568,139.360046
150.411148,73.395775,212.276230,138.784271
149.405884,72.496704,211.425171,138.049332
145.668350,71.580040,207.837296,137.289444
140.911835,71.849457,203.480530,137.977646
134.876373,71.793480,197.989960,138.501144
128.133514,73.288681,191.924591,140.705612
119.711334,73.525871,184.343292,141.836243
111.648300,72.014786,177.111557,141.207611
104.622032,68.490005,170.692108,138.326431
97.638092,62.755955,164.309082,133.220184
91.011276,57.066559,157.889206,127.750099
86.096077,53.765518,152.470016,123.914970
85.531143,53.177219,151.640930,123.046745
84.561157,54.665852,150.611160,124.472908
84.136124,60.800800,149.986420,130.399216
82.580223,67.902313,148.244995,137.303955
80.574211,73.135597,145.958038,142.239258
77.348083,76.801048,142.601135,145.766006
71.366318,78.407257,136.490799,147.237823
65.151154,77.602539,129.887512,146.027328
59.220829,75.939453,123.722855,144.115494
53.908173,71.744385,117.942871,139.424347
54.892731,68.044083,118.585861,135.366714
55.490685,64.064293,118.803429,130.982773
58.330666,63.980572,121.071068,130.299866
63.526028,64.726952,125.592323,130.329330
68.740685,68.960724,129.952621,133.668076
71.124489,72.930450,131.722733,136.994415
72.241318,75.845657,132.428833,139.471970
77.091187,77.706535,136.784103,140.813934
81.213707,80.140503,140.549835,142.867325
85.938423,80.681862,145.070618,143.194550
90.769424,77.594116,149.953918,140.161697
95.228409,72.740685,154.709106,135.619278
99.311363,63.964149,159.668625,127.763123
107.262482,56.528347,168.394714,121.140411
115.878677,51.960663,177.618027,117.209213
123.060616,52.263821,185.434570,118.187920
127.733727,56.858555,190.530746,123.225861
128.881058,60.087654,191.988968,126.785583
130.776016,62.163971,194.236862,129.231369
132.047592,62.748169,196.087967,130.431320
133.652496,64.348305,198.492432,132.867920
132.975128,64.335480,198.726440,133.822556
131.683228,62.551235,198.160858,132.808670
133.219788,60.397747,200.194305,131.181732
133.630402,58.596214,200.750397,129.534348
132.425705,55.822330,199.641586,126.860565
133.704544,55.578110,201.069931,126.774635
132.318420,57.546127,199.695984,128.755569
132.457199,58.491329,199.836624,129.702728
132.460342,60.213615,199.951614,131.543442
131.709824,60.644405,199.286087,132.064209
132.270325,61.058193,199.722229,132.346313
132.757004,61.303135,199.852982,132.214371
135.531418,60.457203,201.951309,130.662537
137.970230,56.807159,203.747208,126.331207
141.567734,52.261646,206.709671,121.112167
147.053741,49.893791,211.521851,118.039841
150.777985,49.748085,214.625305,117.235138
153.694580,56.082211,216.677979,122.651337
153.922089,63.829952,216.202576,129.651550
152.607697,70.286026,214.322632,135.515152
153.058960,75.069908,214.175507,139.662033
152.294067,76.914017,212.938751,141.011444
148.997055,73.301483,209.117966,136.840775
148.592453,67.348808,208.224533,130.375214
153.243256,62.486092,212.085907,124.670441
159.373871,59.535641,217.451874,120.903488
164.594559,61.901398,221.729904,122.278656
164.836609,65.002266,220.651825,123.991127
164.886856,69.918510,219.527664,127.670052
160.802490,72.734619,214.414551,129.401321
154.024384,74.872307,206.680603,130.530075
148.344482,74.705971,200.222137,129.541107
142.349869,74.560196,193.663193,128.798447
134.466415,70.011543,185.250992,123.690529
130.251083,65.961594,180.873917,119.469330
128.710297,60.098511,179.485626,113.767700
131.907974,58.338921,182.888199,112.225075
132.820740,60.373989,183.941315,114.408737
132.097900,62.609589,183.443817,116.882675
132.244263,65.392410,183.653778,119.732758
132.581543,67.986328,183.774750,122.097885
131.228745,68.740242,182.258255,122.678658
128.617859,70.046928,179.456726,123.787361
126.136803,70.769135,176.779800,124.302170
123.409142,68.156082,173.914291,121.543167
126.577881,64.514359,177.290436,118.121048
129.908646,62.648640,180.543411,116.172974
133.205536,61.345783,184.082275,115.126312
142.844681,65.751984,193.775955,119.590248
147.334732,69.032738,198.363083,122.973785
152.964020,69.018745,204.342896,123.323807
160.863022,66.293465,212.464493,120.833969
165.217163,64.471146,216.924683,119.123802
168.720917,62.466675,220.351624,117.038078
170.687607,61.841908,221.841995,115.909515
172.731171,61.335022,223.087372,114.558403
172.850754,57.826305,222.386246,110.180702
174.418274,54.854012,223.271545,106.485260
175.352463,53.569378,223.455154,104.404099
174.308746,53.701000,221.631195,103.723633
174.449295,55.706703,221.139114,105.057175
182.000000,65.000000,212.000000,97.000000
179.179291,72.079681,208.865509,103.745667
175.206528,76.613197,204.641830,108.011528
170.587402,78.995941,200.032898,110.405136
163.686462,78.627914,193.350037,110.269714
157.964035,75.175316,187.628922,106.818535
157.161652,71.205597,186.959930,102.991104
161.215546,65.866211,191.095123,97.738449
162.639236,65.195724,192.457626,97.002686
163.477234,67.287071,193.145081,98.933434
162.889206,70.965843,192.280075,102.316765
163.994308,75.278534,193.087540,106.311996
164.419144,78.048225,193.297836,108.852837
163.598160,80.078239,192.134201,110.516563
163.887405,82.878387,192.115738,112.987778
164.293167,84.889565,191.831345,114.261208
166.475204,85.150620,193.517105,113.990555
168.485565,80.614876,195.151672,109.065590
167.701584,76.813469,193.979568,104.847313
171.221725,76.312317,197.137955,103.957596
173.881104,79.855858,199.605835,107.294930
173.342957,84.181854,198.472015,110.979446
171.121796,87.246826,195.694672,113.466843
167.578827,89.348030,191.957153,115.357918
163.678528,90.063019,187.799988,115.795486
161.940643,89.407486,185.623444,114.683746
161.345200,88.243416,184.524948,112.974724
158.413925,85.787842,181.188705,110.097321
154.499573,83.869247,176.782196,107.643768
149.449570,81.978905,171.136124,105.131432
146.930328,81.124008,168.398804,104.038651
143.290375,76.503906,164.885162,99.550598
141.911407,69.955437,163.636078,93.143822
139.998230,69.600693,161.955292,93.042587
137.286575,73.834679,159.104660,97.124977
137.498260,76.187576,159.252350,99.408066
137.565796,77.061981,159.510223,100.490128
135.112717,80.335121,157.250473,103.974190
133.359573,82.407104,155.384628,105.928558
132.527924,82.957176,154.225464,106.136864
130.628326,82.702179,152.308960,105.863419
133.826111,81.414818,155.571045,104.646202
139.817856,81.711220,161.563156,104.943016
146.162979,82.290611,167.897049,105.510139
153.056915,82.707382,174.699249,105.826828
158.412155,82.475716,180.124893,105.671974
161.794037,82.101257,183.540466,105.334274
163.476883,83.918007,185.113632,107.031364
162.176956,86.266991,183.409195,108.939079
163.515045,85.620110,184.170471,107.689171
167.360367,82.903053,187.853714,104.794579
165.845963,82.071152,186.056168,103.666046
165.158600,81.972054,184.797150,102.968071
160.757324,80.344780,178.992767,99.867531
155.638840,77.220337,173.066452,95.892746
157.508224,78.378220,173.897415,95.954498
156.390808,82.171288,171.871124,98.785225
155.799713,84.867142,170.483521,100.634796
155.012543,87.596375,169.069336,102.695221
154.114258,88.563469,167.629913,103.085091
159.351089,90.197037,172.442520,104.264130
161.602463,91.145401,174.565933,105.075394
163.918900,91.786987,176.687119,105.506714
165.094910,93.234467,177.759918,106.843048
166.990692,93.801872,179.593658,107.343636
165.922897,93.071503,178.683609,106.783142
166.180359,92.836220,179.370422,107.010231
164.713791,92.664124,178.399399,107.369080
155.867798,91.000244,169.817902,105.988571
149.824615,88.960358,164.221008,104.426865
144.252197,88.193893,158.891907,103.919922
141.829636,88.255219,156.780380,104.313019
137.755341,86.805405,153.122925,103.335648
136.499756,86.464058,152.608521,103.781792
134.539429,84.836861,151.315796,102.861458
134.438141,84.351036,151.614532,102.822731
135.197266,81.801529,152.941956,100.873077
137.631088,80.471359,155.868362,100.090210
139.244095,78.867722,157.845963,98.870361
141.023010,78.429344,160.216492,99.085869
143.271149,77.846832,162.852814,98.910934
144.146637,77.502983,164.007690,98.874428
143.461548,78.247711,163.616791,99.942749
139.673660,78.003365,160.135269,100.019356
139.556534,76.346573,160.345932,98.721588
139.634094,74.624367,160.779175,97.388924
140.122391,73.753090,161.589645,96.854469
140.695633,72.724342,162.501572,96.195183
142.223541,71.640747,164.351379,95.462769
141.958237,70.186172,164.462418,94.400909
145.260818,68.513161,168.381821,93.398369
146.572891,66.615791,170.330399,92.164024
146.998489,65.083549,171.422470,91.353813
140.435516,61.716030,165.953033,89.167320
140.129791,60.886055,166.162231,88.891891
138.322449,62.200653,164.728455,90.607735
133.297089,62.707882,160.436981,91.903229
132.015167,65.141937,159.628143,94.844147
127.911049,63.452049,156.114227,93.786613
130.508301,64.370712,159.335495,95.372330
130.682800,61.491135,160.260452,93.320847
136.742050,59.420559,166.998199,91.973999
139.914108,54.721516,170.868347,88.018089
143.288574,51.760540,174.878799,85.754654
148.303635,52.115910,180.339722,86.583763
152.995743,53.999592,185.429321,88.889030
154.765900,55.476818,187.367661,90.544617
159.145218,56.136745,191.841797,91.307983
161.821091,54.821167,194.503937,89.977432
161.188797,50.430450,193.924927,85.644821
162.489197,47.442158,195.153610,82.578308
165.371155,45.802338,197.991684,80.890617
169.492310,46.215969,201.918564,81.092293
170.000000,47.000000,213.000000,93.000000
169.583038,53.260712,212.192657,98.843712
166.458298,57.957653,208.860275,103.318542
159.319855,61.257034,201.546295,106.430145
152.169418,63.243069,194.340225,108.356674
145.749435,63.771011,187.998398,108.968231
138.131699,61.460201,180.544846,106.833054
138.095551,62.183189,180.874451,107.947311
135.205307,59.678780,178.354599,105.839142
133.920044,55.195499,177.484802,101.799660
136.934036,55.974831,180.719437,102.814674
139.617950,57.765823,183.519073,104.729294
142.638107,58.309769,186.796310,105.547852
146.931381,60.654568,191.384445,108.207153
148.840103,63.389038,193.703018,111.378792
151.416840,66.752159,196.556702,115.037323
155.819794,69.629135,201.671844,118.672951
157.930176,70.721947,204.396729,120.433701
160.165253,68.247276,207.475739,118.856842
164.721680,58.967247,216.211578,114.017426
164.051910,57.042034,215.950592,112.532448
160.902634,49.545216,212.896500,105.138123
160.559799,44.621830,212.593491,100.257614
160.511826,40.211506,212.646469,95.953964
156.185532,34.583160,208.278549,90.281654
154.675842,37.311165,206.373871,92.592316
149.580017,41.578327,200.807922,96.353195
144.422150,43.808487,195.275482,98.187164
141.687256,44.136982,192.065796,98.003632
141.705765,45.324787,191.506760,98.579903
142.083755,45.892384,191.178268,98.384499
140.452179,47.334007,188.918610,99.160362
138.945023,48.309269,186.635727,99.312401
137.954712,48.145538,184.906067,98.347717
140.154343,45.987495,186.649399,95.694557
142.865753,47.405979,188.879486,96.600983
144.458145,50.961487,190.259323,99.930367
146.240250,55.626068,191.972031,104.521034
146.328094,60.389885,192.340637,109.583923
145.370758,63.822903,191.569397,113.214897
146.380981,66.522156,192.792694,116.140808
143.220810,65.572502,190.054428,115.640007
144.543106,59.111580,191.866318,109.710335
147.237427,50.298710,195.309418,101.693031
150.867935,44.678909,199.529251,96.698647
153.407623,47.769604,202.106689,99.830193
155.444794,52.619221,204.001404,104.525711
155.459793,57.599586,203.923233,109.407211
154.008148,59.695171,202.267853,111.286591
152.556198,61.404377,200.682999,112.854744
151.966614,62.951660,199.754211,114.042053
151.188217,64.142952,198.460922,114.675545
151.604156,61.918575,198.424347,111.970360
153.958923,62.020000,200.130890,111.368401
154.468277,62.786308,199.880081,111.326035
149.352066,61.276505,194.273544,109.293922
145.082321,62.358131,189.509842,109.837692
142.503845,63.380787,186.554474,110.458321
138.063507,63.258453,181.865479,110.070770
131.839355,62.403851,175.448669,109.010384
127.304848,61.155277,170.778610,107.617020
122.218498,60.265602,165.791260,106.833099
118.074783,60.190510,161.754547,106.872299
121.216545,59.316589,165.123077,106.240601
122.378960,56.725822,166.462677,103.839104
123.527679,51.750435,167.994385,99.272232
127.498482,52.104500,172.237610,99.916885
130.219177,56.529228,175.043503,104.432510
133.145111,62.907150,177.729797,110.554817
137.205399,68.110985,181.492447,115.441162
143.749939,69.370918,187.722717,116.365875
150.942841,66.847740,194.495880,113.394333
155.579529,62.981541,198.782471,109.154175
158.832825,58.402222,201.826965,104.351814
162.265671,55.223431,205.148453,101.053902
164.924591,52.445652,207.755371,98.220490
166.622665,51.383236,209.442307,97.146156
166.876785,52.322735,209.760117,98.153786
165.943344,53.368633,208.871994,99.248161
165.614090,55.161381,208.569321,101.069344
165.160751,57.635254,208.199661,103.632721
160.815720,59.824593,204.128281,106.108147
158.009583,60.801617,201.266693,107.025932
158.062546,60.670269,201.565018,107.156685
154.444092,60.250427,197.932007,106.721283
154.713379,57.537518,198.397186,104.217613
154.419434,55.390526,198.446381,102.437141
154.181808,54.879185,198.598495,102.341522
153.634903,56.036915,198.655319,104.143234
153.355957,56.365879,198.866608,104.994415
153.314713,57.275372,199.155899,106.255989
155.686081,58.148880,201.624924,107.233536
158.441299,59.273087,204.108109,108.062057
158.909393,59.657852,204.145599,107.988129
158.233429,60.957272,202.933502,108.716438
160.329178,62.470757,204.596298,109.768112
158.475754,65.099075,202.403763,112.034721
153.678726,70.164513,197.343643,116.819122
153.753372,74.920197,197.254959,121.400352
155.228851,78.350006,198.656586,124.751259
155.212646,82.081146,198.679810,128.524506
152.441254,83.989929,195.933716,130.460312
149.003784,82.445221,192.635040,129.063873
149.545334,79.907028,193.306229,126.664154
151.403717,78.387390,195.340607,125.332520
148.576904,75.957970,192.651215,123.049904
150.051590,71.963158,194.319412,119.261513
152.671906,70.843018,197.103333,118.315887
155.521378,71.158867,199.931412,118.608910
159.391205,72.011444,203.690277,119.343140
162.677765,72.823105,206.744141,119.906570
164.211533,73.287170,208.051285,120.128891
167.181686,73.586311,210.839035,120.233192
169.341736,72.477776,212.807526,118.920036
169.829147,68.108772,213.196243,114.445595
169.201935,66.342712,212.491333,112.596527
165.959930,64.365822,209.065643,110.423439
161.766647,61.639023,205.023148,107.857697
157.296280,62.351410,200.583786,108.603210
151.773773,65.514198,195.074097,111.779701
146.829483,68.165672,190.195541,114.501396
142.127380,69.560616,185.603424,116.013817
138.859818,71.586533,182.352097,118.057083
134.114365,72.855003,177.475784,119.185783
129.865524,73.447708,173.049210,119.588638
129.878067,73.577003,172.643967,119.271660
126.734650,71.214432,169.021606,116.396729
127.704269,66.982758,169.677017,111.828934
130.371765,65.803383,172.147308,110.438255
132.799561,67.599327,174.167847,111.797844
134.940552,72.217972,175.906952,115.985901
139.018600,76.865814,179.436539,120.045151
144.887207,82.514023,184.712433,125.057297
149.891800,86.090279,189.317886,128.204483
155.766968,86.183632,194.877747,127.958885
158.983490,84.307037,197.948700,125.929443
165.411896,81.153000,204.471802,122.877396
172.504013,78.860901,211.465836,120.482300
175.979538,79.784889,214.851608,121.309639
179.071167,82.612930,217.778046,123.959793
181.342896,86.785210,220.026276,128.106766
181.816254,89.779083,220.315216,130.902039
179.485611,91.063751,217.796738,131.984436
175.742264,90.120811,213.941727,130.924118
171.285141,88.191032,209.294235,128.794205
169.562042,85.654633,207.529694,126.214226
167.747147,85.678413,205.653183,126.171524
164.332230,86.248077,202.150558,126.646568
163.149750,85.604652,200.975494,126.011139
164.119614,84.906113,202.096359,125.475517
162.522079,85.118538,200.562729,125.756882
160.493729,86.119705,198.791000,127.027840
157.944519,86.649460,196.441528,127.767555
155.272263,86.413895,193.950119,127.726738
154.444046,86.196014,193.223404,127.618156
153.994690,86.428223,192.779694,127.856438
153.652817,86.370255,192.383774,127.740273
153.843903,84.642647,192.238129,125.650040
155.675308,82.708801,194.005844,123.647621
157.633026,81.848473,195.964294,122.788055
160.743973,81.274414,199.212631,122.358421
165.981323,82.966942,204.633270,124.248352
171.110641,85.373901,210.035355,126.949059
174.799545,88.573181,213.763596,130.190704
176.766754,90.728836,216.154907,132.803085
178.507050,92.002594,218.414856,134.635468
180.166336,91.850746,220.448074,134.885590
182.414291,90.019516,222.994858,133.375061
183.189682,87.390152,224.118759,131.119720
182.917542,85.957901,223.892059,129.736237
182.946289,85.119522,223.969910,128.950562
181.819931,84.427589,222.986069,128.407928
183.134720,83.549957,224.030014,127.246544
183.332047,79.268394,224.306808,123.050262
186.963165,76.257324,228.100403,120.213554
189.754089,77.402534,231.035706,121.510025
189.213501,80.594742,230.279968,124.471733
191.109955,84.425606,230.904144,126.969742
194.560516,82.163727,232.025391,122.203850
194.280914,84.122711,230.608002,122.935204
192.281067,83.756340,228.523987,122.480133
189.955185,83.503670,226.263931,122.296860
186.909698,82.061501,223.320160,120.961884
183.619339,80.630257,220.011734,119.511581
177.985962,78.421761,214.594757,117.531189
175.505402,77.726196,212.487213,117.238899
175.392044,79.088539,212.659958,118.910553
174.260834,79.309860,211.546814,119.150887
172.418076,79.312988,209.752609,119.205132
171.327332,77.651772,208.821747,117.712219
167.234299,74.577156,205.266586,115.217957
163.786423,71.038536,202.023087,111.894196
163.118851,67.306755,201.412552,108.222397
162.597244,64.713112,200.729568,105.459091
158.687881,63.028294,196.523849,103.462708
165.174789,62.300430,202.862106,102.574448
168.650497,63.937630,206.115707,103.971992
173.306244,67.071777,210.588135,106.908340
177.161530,70.386948,214.310669,110.083786
178.536377,71.272408,215.526031,110.801369
181.803146,71.136543,218.788315,110.660637
184.109604,70.900696,221.059738,110.386917
183.222565,70.550957,220.019531,109.871605
180.020065,69.944153,216.673721,109.109848
177.935898,67.625679,214.523483,106.719963
178.380783,65.238731,215.034805,104.404839
175.921768,65.829445,212.462326,104.872902
172.666473,68.461891,209.174225,107.469872
171.966843,72.176865,208.494949,111.206833
169.902008,75.611343,206.468628,114.682938
167.550400,77.093155,204.125381,116.173798
162.312881,75.403175,198.801956,114.390953
156.270065,73.215858,192.619858,112.056816
154.462326,71.269005,190.672256,109.962547
151.305832,69.516708,187.509079,108.203217
148.289001,68.389771,184.352753,106.929260
147.157532,67.682739,183.164917,106.162811
144.278900,68.195274,180.017303,106.391808
143.315918,68.937874,178.809021,106.868675
143.676941,71.486229,178.865784,109.095879
145.215134,72.379707,180.182999,109.756096
148.628540,72.259201,183.379333,109.399902
153.042908,71.879112,187.722778,108.942818
158.195236,72.431816,192.779984,109.392235
163.432312,72.277763,198.119751,109.346733
168.015945,70.895370,202.544418,107.791763
170.054901,70.353333,204.405762,107.061981
173.423340,68.913567,207.555115,105.390617
175.429688,69.607353,209.433807,105.949455
176.922302,72.432465,210.810059,108.651566
176.724411,76.387192,210.477158,112.459381
176.011002,79.893990,209.671585,115.865898
174.093109,82.753723,207.710358,118.679749
172.038696,85.047615,205.573944,120.886803
170.400330,86.175217,203.940063,122.019150
167.745605,86.087166,201.240997,121.884132
163.047714,82.477699,196.567642,118.300652
162.673660,78.317513,196.260147,114.210930
158.173599,76.380363,191.798264,112.314201
155.351273,76.849449,189.030746,112.841316
150.394669,80.159088,184.141373,116.222153
148.173508,81.789810,182.033340,117.975998
147.508102,81.512657,181.632858,117.987144
146.352951,79.210632,180.677658,115.896484
143.985550,78.630219,178.648758,115.673904
143.360291,78.178635,178.309998,115.533371
141.335312,77.859543,176.558212,115.510895
138.447647,76.918510,173.941422,114.855797
136.152802,76.609642,171.729034,114.633965
133.636581,75.859833,169.278397,113.955215
130.423538,73.815193,166.203201,112.059898
