162.000000,92.000000,214.000000,147.000000
161.712204,92.871735,213.369217,147.509338
159.662582,96.339157,210.376450,149.979202
156.497025,99.283936,206.953903,152.651886
153.688477,100.455917,203.310913,152.940323
150.961777,99.665695,199.521957,151.024124
149.528900,95.804466,197.755585,146.808975
148.668839,91.636330,196.012985,141.704285
147.772476,88.570938,194.564560,138.052322
147.239120,88.051605,194.273727,137.790985
144.004379,87.765480,191.335434,137.813644
137.736710,87.399399,185.797592,138.223022
132.020691,90.005302,180.023865,140.768860
126.117027,91.959320,174.267410,142.876099
122.044518,91.497330,170.342789,142.568039
121.015236,88.814590,169.729187,140.326431
120.929565,85.643150,170.204819,137.750656
123.486465,84.665077,173.061798,137.090668
126.333916,85.055099,176.288116,137.882294
128.697739,85.923561,178.609375,138.705627
130.560272,89.069344,180.587753,141.974213
130.183716,92.098206,180.200607,144.992065
130.074493,93.205284,180.134384,146.143845
131.217224,93.729454,181.228378,146.617355
131.535278,95.398483,181.489304,148.227036
132.612106,96.998306,181.951721,149.175583
132.320526,95.588860,181.581375,147.682648
134.285950,91.167679,183.419662,143.126694
137.332932,86.244980,185.848969,137.561600
142.220139,80.702583,191.442902,132.769196
146.822464,77.793854,195.543945,129.329102
150.071533,76.024216,199.534073,128.345901
153.991196,74.928520,204.192749,128.033554
158.024643,74.823250,208.094788,127.789139
160.974182,77.428490,210.521561,129.851120
162.263016,80.800560,211.220703,132.598129
161.445755,82.143837,209.729736,133.226440
159.974655,80.541328,208.592377,131.978119
157.969406,77.399025,206.787079,129.048035
154.043808,74.422958,203.443207,126.689308
150.235809,72.422142,200.129593,125.212540
146.446503,73.797325,196.756149,127.028534
140.144806,78.238518,190.627426,131.652893
133.471863,82.274361,184.298721,136.053207
128.341843,84.307945,179.823059,138.779633
124.164421,83.046631,176.667068,138.598679
121.083412,82.641953,174.336914,138.987366
119.409691,82.710320,173.145340,139.564682
117.646835,82.843384,171.429855,139.747757
117.403648,80.972366,171.425339,138.128662
118.453804,75.260674,172.416901,132.355179
120.371849,71.288536,174.318649,128.365540
123.628143,70.001785,177.946762,127.478149
127.223175,72.336723,180.916580,129.153778
128.829834,76.837494,182.056351,133.161728
131.160889,82.494415,183.893051,138.296829
134.541122,87.394905,187.005005,142.913849
138.082520,90.812927,190.739914,146.536331
140.773026,92.293327,193.253326,147.829605
143.302887,89.998764,195.996292,145.760208
147.378143,84.602646,200.572800,140.893723
150.856644,78.074471,204.771881,135.126160
154.559174,72.849312,209.275803,130.761780
155.079727,69.851624,210.184723,128.173630
156.560684,70.067680,211.797485,128.528534
156.514664,76.385208,211.002380,134.056839
153.181473,81.531761,206.925201,138.418839
151.469177,82.976608,204.995773,139.634491
149.536819,85.283005,202.465790,141.310059
149.963058,86.794434,202.127655,141.999435
147.357361,86.188171,199.171127,141.022476
147.477936,83.226845,198.904770,137.651917
148.708023,79.891846,200.113342,134.294159
149.341248,80.491554,200.246689,134.365143
149.657761,85.640419,199.901611,138.813507
147.820404,90.752907,197.415451,143.239014
145.974579,91.277641,195.684616,143.885651
145.156998,91.437607,194.614410,143.777817
144.380325,92.674461,193.378296,144.527679
143.266190,93.887558,192.528778,146.021591
141.261490,93.692009,190.262238,145.548477
137.480728,90.895416,186.407318,142.674759
133.715149,87.873688,182.333298,139.325699
132.508667,84.992432,181.197433,136.519363
133.814148,84.109589,182.085342,135.193390
132.127426,89.315018,179.797577,139.760971
131.304993,94.611221,178.343887,144.386490
132.236343,98.445160,178.732513,147.655090
133.545837,102.067703,180.008774,151.242294
135.627655,105.550560,182.166458,154.805847
138.609344,105.173615,185.556290,154.863083
139.785812,99.003830,187.403381,149.406708
143.006058,88.873634,192.320251,141.079193
146.002335,81.570541,196.817383,135.366989
150.731339,77.357315,202.344238,131.998550
154.335892,75.244919,206.918335,130.911636
155.494232,77.898590,207.874863,133.352051
157.030121,80.984596,209.320114,136.342270
159.021484,82.541122,211.098801,137.674072
160.931915,83.350769,212.641556,138.095230
162.249374,84.450516,213.102386,138.288925
162.509644,84.016815,212.794968,137.254150
162.485382,84.051559,212.059219,136.535553
162.623840,83.389999,212.104752,135.775482
161.148270,83.239731,209.822327,134.769958
160.130905,82.047844,208.243958,132.982712
159.310272,83.535690,207.359482,134.404129
155.367386,88.379097,203.164520,138.985184
151.659546,90.561600,199.532303,141.248047
148.501343,90.561775,196.246994,141.113159
144.776093,92.975517,192.715775,143.733063
140.225815,95.491898,188.229187,146.317139
136.147659,93.422600,184.631927,144.748383
136.132187,89.397255,184.890533,141.013901
137.304764,86.531891,186.354004,138.457230
138.199158,85.901855,187.729233,138.327255
138.063812,85.805710,187.527237,138.160461
138.521591,86.577179,187.725647,138.656998
137.313629,87.479172,186.096298,139.112320
138.373138,89.353783,187.281693,141.120514
139.673920,92.029579,188.703537,143.924759
140.214691,93.054016,189.843979,145.572845
142.062897,91.698959,192.195786,144.751602
144.830429,88.224724,195.883392,142.251556
146.682556,84.945877,198.761917,140.058350
149.605850,82.104973,202.648407,138.235138
153.878540,79.473747,207.823135,136.556061
158.703049,77.338257,213.456360,135.289200
162.783798,76.452980,218.181305,135.083252
164.936935,76.724022,220.722198,135.762817
166.365494,78.989311,221.945831,137.808533
167.467117,79.850517,223.226776,138.858643
168.087158,79.946098,223.613358,138.704071
168.403961,79.318039,223.815765,137.955490
166.907211,78.821236,221.780502,136.891327
165.763184,77.329514,220.238251,134.972412
165.581924,75.707031,219.184433,132.429764
167.834198,72.504898,220.661377,128.409225
170.064423,70.465591,222.475342,125.930115
169.348953,69.288170,221.299454,124.266212
167.220551,68.680649,219.015533,123.494202
162.685974,68.207352,214.471313,123.010712
160.576889,69.615402,212.329391,124.384033
156.793320,71.751289,208.571548,126.547112
152.922653,73.693558,204.828232,128.624069
148.884033,74.235275,200.654053,129.022400
146.810532,72.885849,198.270065,127.344574
144.765991,68.827148,196.245575,123.307083
142.903900,64.430359,193.951111,118.452988
141.086212,61.792088,191.919647,115.588593
141.022049,60.618748,191.915970,114.479309
138.547791,60.483620,189.759064,114.680214
139.083466,61.828110,190.219879,115.945541
138.750320,64.384132,190.280106,118.917625
138.230164,69.546089,190.091888,124.430672
138.702393,74.385674,190.454285,129.154068
139.251984,76.580154,191.525055,131.899796
139.382126,75.263527,192.410904,131.381668
140.714996,72.657471,194.746338,129.833862
140.438950,68.821945,195.588821,127.177872
139.717590,64.704689,195.854523,124.100563
140.902313,60.755367,198.052185,121.217484
140.722580,57.318409,198.306107,118.236610
140.796463,56.035992,198.819809,117.416763
139.157227,56.948135,197.075806,118.218811
137.403748,58.876358,194.858917,119.651657
135.704803,61.848461,192.745392,122.187729
134.913879,66.142838,191.392181,125.890739
134.337997,69.785492,190.570572,129.274719
134.423187,72.729118,189.985229,131.512527
135.744873,74.488739,190.533081,132.456848
134.872620,72.974541,188.962280,130.205978
135.834488,69.089241,189.515701,125.889954
136.397934,65.196404,189.444748,121.327484
135.833511,61.869328,188.316452,117.405197
135.104874,59.785332,186.706894,114.390419
134.978210,58.490421,185.926575,112.404137
134.232849,59.155899,184.573547,112.426201
135.871567,61.783855,185.723862,114.537025
137.959122,64.824860,187.377365,117.117920
139.903320,66.247932,189.241730,118.456352
139.741791,68.676331,188.864136,120.655716
138.464096,71.462891,187.897659,123.765945
135.216156,73.087654,184.958679,125.718193
132.163818,74.765778,181.935089,127.426804
128.733383,74.992401,178.611862,127.767059
124.803635,72.942177,174.739304,125.777458
123.293953,71.121597,173.175690,123.899704
120.755577,69.249619,170.670853,122.063278
118.111191,68.027618,168.017075,120.831329
114.981247,68.132385,164.803543,120.847488
115.103210,68.054169,164.819672,120.657074
115.901268,68.853722,165.720474,121.565529
117.856308,68.897041,167.650955,121.582817
121.867111,67.311386,171.672958,120.009033
125.952095,62.584385,176.062241,115.604599
129.900864,58.520912,180.270630,111.815994
130.503036,55.831028,180.992432,109.252762
130.981949,50.341194,181.808563,104.119972
136.632690,51.860485,187.621902,105.811424
142.174789,55.542480,193.264618,109.599953
144.620575,59.406879,195.765305,113.522438
149.407944,60.844318,200.795959,115.217216
153.544937,62.989975,205.136871,117.578560
155.470398,62.340229,207.252365,117.129807
158.276917,62.813461,210.156631,117.706429
159.373810,63.647282,211.347488,118.639641
160.760880,66.579010,212.679352,121.512993
163.290024,70.007286,215.559662,125.312714
164.558868,71.921425,217.337296,127.764450
166.083832,73.100067,219.569016,129.689850
166.957123,73.506592,221.086990,130.776855
166.441803,74.096375,221.409317,132.249954
163.698349,73.169540,219.701324,132.433884
158.004532,70.934952,214.932159,131.172623
153.593475,71.945206,211.573135,133.308716
148.530029,71.159660,207.395462,133.470016
143.732330,70.649956,203.247757,133.654373
137.473190,69.272476,197.981812,133.336304
135.237640,67.721710,196.891434,133.005783
132.549576,66.781021,195.079590,132.997833
129.724121,65.883530,193.391098,133.309494
129.961929,66.957497,194.496185,135.304947
131.751968,70.594757,196.980469,139.679184
133.385757,73.382607,199.305237,143.199890
137.722382,75.214279,204.377670,145.811981
141.989532,76.152473,209.014450,147.141861
146.888611,76.275589,214.343277,147.713669
152.211853,76.093643,220.145554,148.038940
157.312012,75.222427,225.258194,147.180939
161.232239,75.548424,228.743179,147.046097
164.626099,74.988708,231.222061,145.517578
167.816315,74.262817,233.329300,143.644043
170.534409,74.849327,234.966644,143.084305
171.131973,77.874550,234.440491,144.916656
169.168945,80.687843,231.316757,146.496674
168.515137,83.546028,229.658737,148.302811
167.006210,86.150932,226.898071,149.595413
166.163559,86.928268,225.225189,149.487183
166.164413,87.965729,224.193329,149.440308
166.763275,87.777672,224.123245,148.549316
167.512283,87.294090,224.464722,147.637115
168.599609,86.100845,225.312393,146.187408
171.853165,85.205444,228.564545,145.290497
174.010071,85.119507,230.819931,145.309937
174.920425,85.120842,231.968933,145.566650
177.776855,87.121895,235.194412,147.955856
177.315720,88.657074,235.499725,150.297119
177.264832,89.647934,236.426590,152.315460
176.907516,89.394196,236.931366,152.966919
175.440582,88.823959,236.274094,153.246185
171.137054,85.991211,232.680161,151.169571
167.611221,80.969330,230.041595,147.092178
165.971054,77.971130,228.946411,144.673553
163.393433,74.770004,226.686234,141.810013
162.402405,71.735214,225.652023,138.729355
160.353012,68.608765,223.249603,135.233322
160.768723,66.940041,223.640564,133.538300
160.574997,67.277855,223.662109,134.105026
160.766464,71.122200,223.791229,137.884109
159.446365,78.284439,222.324921,144.893295
159.864182,84.519562,222.671631,151.052795
161.896072,87.643768,224.929504,154.417328
163.646500,86.707268,227.165680,153.989334
165.490128,82.695107,229.872192,150.893982
167.375397,76.500542,232.706985,145.707367
168.562241,71.203476,234.326630,140.869354
170.844635,68.096649,236.732101,137.893082
170.915436,66.126793,236.765518,135.883591
170.392593,63.925972,235.820831,133.235367
169.333084,63.661308,234.045319,132.211304
168.474655,67.257462,232.599945,135.184418
167.397156,70.537590,230.999069,137.916992
167.033203,73.745407,230.287460,140.755432
166.576096,74.909256,229.764801,141.849640
162.222641,74.943787,225.377380,141.848618
156.067413,73.248642,219.241302,140.173523
150.376663,71.721039,213.406296,138.494919
144.958420,69.340790,207.764542,135.880692
139.668610,64.142952,202.808014,131.037292
130.966629,59.587173,194.253250,126.635643
126.159935,57.967171,189.686279,125.270355
122.195435,57.755692,185.628586,124.959862
120.549042,59.360790,184.471817,127.085190
118.269028,63.657696,182.351929,131.552231
117.876030,69.580719,182.295776,137.827652
116.969635,74.542160,181.628845,143.043304
117.499863,76.334900,182.466675,145.162582
119.778709,75.199455,185.308136,144.624359
125.364922,76.024826,191.397644,145.983536
130.545746,75.603592,196.815353,145.809769
135.849731,73.381264,202.748154,144.253799
143.798386,71.746719,210.860413,142.792633
144.681000,71.252823,211.716141,142.270279
143.918503,70.376579,211.017578,141.461731
140.172958,69.358360,207.624908,140.817139
135.403641,69.572739,203.366791,141.572784
129.296219,69.474922,197.961914,142.229187
122.625710,70.890068,192.037262,144.433426
114.530182,70.850288,184.904663,145.411591
106.456062,69.266106,177.728287,144.775742
99.343193,65.608147,171.311157,141.852188
92.309822,59.908436,165.188538,137.126480
85.643677,54.326481,158.666641,131.698639
80.858521,51.182888,153.296036,127.937943
80.298691,50.578575,152.543610,127.130486
79.173180,52.094765,151.516769,128.750732
78.660942,57.972610,150.938980,134.559448
77.091644,65.083710,149.205093,141.496933
75.050323,70.318848,146.883713,146.436661
71.714043,73.921196,143.469757,149.955933
65.772995,75.562828,137.251495,151.301102
59.457306,74.720840,130.616516,150.122086
53.530357,73.057297,124.476234,148.233353
48.178162,68.699898,118.680634,143.401321
49.185474,65.003464,119.232216,139.223480
49.747437,61.081245,119.293861,134.772766
52.495281,61.011360,121.483917,134.113220
57.585720,61.778316,125.874359,134.129456
62.903080,66.016342,130.465561,137.599228
65.369194,69.928055,132.126846,140.658768
66.507530,72.793739,132.809525,143.041580
71.297722,74.756454,136.990723,144.358932
75.481247,77.198547,140.606308,146.198669
80.171402,77.817070,145.061859,146.568359
84.983643,74.802254,149.785355,143.459335
89.454346,70.037796,154.442062,138.892334
93.550987,61.352280,159.543533,131.273483
101.569977,53.976414,168.396133,124.781754
110.201607,49.380684,177.785858,120.989380
117.361732,49.698559,185.828705,122.241905
121.979012,54.256535,190.972137,127.356537
123.086464,57.362480,192.507904,130.921829
125.095673,59.420143,194.952820,133.440094
126.430450,60.053459,196.790131,134.611832
128.073471,61.627888,199.238876,137.037369
127.357002,61.438927,199.548676,137.931686
126.180801,59.730640,198.898392,136.778137
127.676231,57.483913,200.780075,134.944122
128.214035,55.684464,201.189072,133.008896
127.256523,52.835670,200.303696,130.237183
128.632172,52.578094,201.767349,130.072372
127.387169,54.560635,200.427307,131.954727
127.523468,55.545673,200.522247,132.896164
127.737289,57.388447,200.595078,134.588287
127.136879,58.002041,199.909332,135.110687
127.689644,58.463886,200.263245,135.360077
128.054977,58.620743,200.427490,135.304840
130.785965,57.835396,202.418732,133.739197
133.217484,54.027439,204.220795,129.266815
136.763428,49.427677,207.186142,124.054214
142.165344,47.021809,211.955734,120.980392
145.826248,46.933208,215.032837,120.274620
148.752457,53.420586,216.960938,125.706848
148.826767,61.150562,216.455109,132.823059
147.589172,67.649811,214.544937,138.610184
147.987869,72.459084,214.467529,142.914917
147.318558,74.419113,213.098755,144.133728
144.065308,70.700783,209.379745,139.921402
143.568207,64.848701,208.363480,133.518692
148.085052,59.967743,212.171341,127.885124
154.205658,56.989689,217.505417,124.084244
159.487473,59.376183,221.739197,125.357201
159.899704,62.282196,220.737122,126.781570
159.978226,67.335899,219.467407,130.398621
155.953918,70.369354,214.361160,132.278015
149.316559,72.727432,206.657516,133.515610
143.776703,72.787079,200.168930,132.577454
137.901535,72.623924,193.770569,131.863586
129.911285,68.234688,185.294449,126.953781
125.725662,64.248901,180.810181,122.653358
123.936371,58.380821,179.357162,117.139572
126.941780,56.692005,182.558029,115.656677
127.877625,58.718636,183.644699,117.842216
127.147690,60.966072,183.212769,120.408943
127.264175,63.737129,183.384766,123.238426
127.606438,66.278923,183.486008,125.526512
126.279083,67.073166,182.038513,126.192032
123.651192,68.400871,179.213593,127.308632
121.245880,69.088936,176.579407,127.755562
118.619156,66.496559,173.684006,124.880119
121.797417,62.869396,177.030853,121.430580
125.222580,60.990448,180.341736,119.431236
128.531403,59.727776,183.832031,118.359756
138.160431,63.988575,193.446014,122.604691
142.691849,67.262634,198.045456,125.950409
148.322495,67.338173,203.892715,126.254173
156.186127,64.638687,212.022278,123.834854
160.465897,62.843994,216.422775,122.169525
163.913452,60.807064,219.850647,120.111519
165.960175,60.243416,221.352173,118.963722
168.153000,59.668484,222.755173,117.556656
168.345551,56.147362,222.153046,113.197510
169.986298,53.140335,223.133698,109.481514
170.947098,51.869896,223.338333,107.412903
169.893005,51.965542,221.531891,106.713615
169.975815,54.083889,220.987961,108.169067
173.067673,61.188282,223.442062,114.598900
170.263626,68.254272,220.309097,121.316620
166.611938,72.689430,216.223846,125.292702
162.252853,74.795883,211.737961,127.264740
156.270767,74.397964,205.543777,126.641998
151.014938,70.941376,200.170731,123.061157
150.285416,66.813553,199.819534,119.334381
154.322952,61.131905,204.372086,114.198662
155.811264,60.306423,205.849777,113.361938
156.624771,62.354904,206.479080,115.215393
156.175247,66.143211,205.454391,118.394020
150.000000,74.000000,186.000000,112.000000
150.797699,76.964027,186.146729,114.277885
150.453217,79.250084,184.827881,115.535439
151.516586,82.488419,184.651962,117.463654
152.780304,84.692772,184.671692,118.387444
155.572968,85.049797,186.708710,117.941597
157.997955,80.656700,188.296753,112.685402
157.528564,76.776855,187.528870,108.487793
161.130081,76.403854,190.762558,107.735107
163.547455,79.632492,193.577026,111.387314
163.241898,83.955673,192.465897,114.878922
161.241440,87.003067,189.836655,117.276566
157.722549,88.973930,186.210129,119.132362
158.000000,86.000000,194.000000,124.000000
156.314041,85.427406,191.614395,122.689934
155.725266,84.252586,190.487289,120.946892
152.865570,81.834061,187.138153,118.010971
149.109360,79.853958,182.945633,115.569626
143.951324,77.945839,177.535889,113.394981
141.264481,77.070320,174.907547,112.581413
132.000000,77.000000,157.000000,104.000000
130.317795,70.413528,155.978256,98.124786
128.450272,70.426453,154.248672,98.286255
125.758980,74.797722,151.288147,102.367577
126.018906,77.186134,151.533249,104.740028
125.790421,77.914330,152.025925,106.244865
122.856827,81.048775,149.718582,110.051949
120.550865,82.927063,147.413773,111.931503
119.269455,82.746338,145.930389,111.526367
117.388695,82.023079,144.423004,111.204140
119.989838,80.316254,147.783463,110.310867
125.734703,80.347641,153.808228,110.642136
131.516891,80.399834,160.445786,111.608711
137.927841,80.450829,167.711868,112.603294
141.866043,79.505722,173.761978,113.981277
152.000000,84.000000,173.000000,106.000000
153.671768,85.715782,174.592392,107.632790
152.790894,87.953468,172.882904,109.002419
154.284409,87.430649,173.527359,107.590118
158.260132,84.675179,177.487091,104.817863
157.032166,83.841148,176.075470,103.790993
158.000000,83.000000,183.000000,110.000000
153.227097,81.195152,177.054245,106.932076
148.803970,78.728050,170.470078,102.123848
151.443481,79.514442,172.072327,101.778694
150.598465,83.499672,169.726425,104.120094
150.270309,86.564453,167.755417,105.459885
149.560364,89.527290,166.025970,107.346565
148.473801,90.652626,164.087357,107.569710
153.639420,92.250832,168.775253,108.660332
156.151337,93.392036,170.662415,109.137718
158.558823,94.001595,172.631973,109.280159
159.803375,95.309944,173.861694,110.572701
161.796112,95.866272,175.812988,111.084824
160.768204,94.988815,175.119431,110.564026
161.282684,94.763123,176.061951,110.794922
160.228943,94.757782,175.115509,110.911179
150.926880,93.132355,166.260895,109.792847
144.958496,91.142296,160.711090,108.247536
140.199799,90.059235,156.593475,107.885696
138.106537,90.090324,154.901886,108.342079
134.689789,88.618546,152.046295,107.497482
133.923370,88.571129,151.618256,107.807259
132.220398,87.064117,150.510712,106.961838
131.913971,86.355827,151.202118,107.303886
132.340302,83.747261,152.561920,105.675468
134.974152,82.394592,155.738312,104.891174
136.602280,80.619980,157.959793,103.766403
138.535156,80.153214,160.388062,103.840057
140.804123,79.538750,163.138260,103.750557
141.667068,79.015594,164.460892,103.727066
140.922974,79.684357,164.197571,104.918411
136.948212,79.187103,160.752686,104.995178
136.702606,77.369179,161.043762,103.758644
136.463165,75.291748,161.593079,102.533051
136.634430,74.187042,162.320068,102.026810
136.872314,72.974319,163.172699,101.476120
138.259827,71.775719,165.030396,100.782524
137.816483,70.042969,165.205338,99.736755
140.769791,67.983192,169.015182,98.594688
141.753250,65.973297,170.908524,97.557419
141.855453,64.479500,171.727188,96.827858
135.574890,61.251846,166.099579,94.318451
134.914352,60.228130,166.302963,94.242271
133.213745,61.511913,164.949524,95.905785
127.943932,62.123322,160.516876,97.432846
126.647522,64.536331,159.704956,100.374390
122.413361,62.829971,156.038971,99.269638
124.940056,63.702423,159.173660,100.803726
125.079636,60.998886,160.141357,98.999283
130.342896,58.779869,166.271439,97.719322
133.299957,54.029037,170.185562,94.005295
136.546280,51.061569,174.393829,92.077774
141.433884,51.380035,179.866943,93.043396
145.999390,53.175812,184.763504,95.195709
147.668762,54.642628,186.605301,96.852646
151.981964,55.386753,190.995499,97.681656
154.623062,53.985191,193.681244,96.328079
154.140335,49.670231,193.039948,91.842651
155.322601,46.617432,194.309494,88.886086
158.194992,45.007504,197.100098,87.185966
162.277023,45.373138,200.991638,87.341591
159.855911,49.053505,198.144012,90.562622
159.447937,55.048656,197.474564,96.276184
156.380875,59.849201,194.022308,100.661919
149.308197,63.179573,186.860367,103.895966
142.232788,65.252167,179.710098,105.887794
135.843704,65.890724,173.341583,106.548538
128.043945,63.497768,165.923569,104.567467
127.826065,64.194107,166.094849,105.693916
124.762024,61.534229,163.681595,103.734879
123.105598,56.952618,162.413010,99.580879
125.831787,57.770145,165.473526,100.757812
128.029007,59.310074,168.200653,102.867378
130.909058,59.798550,171.486954,103.791840
135.048019,62.200481,175.976562,106.570084
136.914795,65.007164,178.006821,109.556198
139.393707,68.134987,181.013809,113.249817
143.687408,71.215164,185.516312,116.558693
146.015137,72.425545,187.887192,117.816330
148.208618,69.640358,190.543381,115.537918
151.759338,60.653400,198.265121,111.012978
150.491043,58.594666,198.018677,110.063057
146.973129,50.627174,195.652313,103.343079
146.292755,45.443172,195.581253,98.818146
145.975769,40.754601,195.797562,94.705536
141.314362,34.742466,191.695023,89.296989
140.011429,37.426395,189.970551,91.526314
134.797897,41.713223,184.425903,95.448929
129.857529,44.048447,178.864960,97.113922
127.380226,44.495792,175.663071,96.778717
127.837440,45.909607,175.234756,97.234718
128.783401,46.621521,175.164459,96.845665
127.695488,48.344086,172.887299,97.277763
126.657661,49.533115,170.810806,97.360390
125.888420,49.639400,169.189240,96.557526
128.080017,47.560070,170.952240,94.020378
130.983582,49.056293,173.407227,95.026291
132.623108,52.596718,174.871185,98.378883
134.498459,57.309696,176.542313,102.873375
134.700485,62.236721,176.583298,107.628128
133.804657,65.820389,175.629364,111.148170
134.933716,68.464249,176.677887,113.703835
131.946045,67.327179,173.721008,112.600487
133.137695,60.643547,175.182556,106.212463
135.688187,51.520115,178.311752,97.708122
139.332321,45.822124,182.408401,92.504745
141.679657,49.035828,185.142944,96.132072
143.532700,53.498302,187.189407,100.805542
143.532608,58.513420,187.077255,105.698425
142.039124,60.744442,185.583221,107.928864
140.631180,62.269897,184.216690,109.499496
140.244232,63.955811,183.424042,110.742844
139.655197,65.173843,182.318710,111.409363
140.205246,62.964912,182.446701,108.739113
142.645813,63.049191,184.250824,108.142532
143.171829,63.625481,184.264267,108.157417
138.134949,62.108143,178.837463,106.222305
133.961929,63.230778,174.140244,106.769608
131.488800,64.173157,171.341644,107.362686
127.140327,64.068619,166.733429,106.972427
120.983376,63.243263,160.404312,105.961998
116.470848,61.940620,155.897614,104.665627
111.424637,61.063492,150.875336,103.814224
107.318062,61.181751,146.709671,103.868958
110.588249,60.662983,149.823334,103.181915
111.889404,58.307137,151.124863,100.826477
113.212273,53.616268,152.448837,96.136803
117.378227,54.236729,156.578979,96.718765
120.332199,58.628956,159.221878,100.776596
123.438690,64.586456,161.528168,105.851830
127.572914,69.513000,165.118271,110.192406
134.253235,70.719376,171.388443,110.956230
141.754776,68.218567,178.268799,107.785210
146.537292,64.124809,182.850723,103.474594
149.731476,59.330799,186.049942,98.686035
153.256927,56.002636,189.521103,95.299187
155.905594,53.268906,192.148132,92.542068
157.584534,52.299332,193.871445,91.620453
157.902115,53.438923,194.016724,92.573753
156.972763,54.537117,193.028595,93.608406
156.586639,56.276413,192.753586,95.467819
156.190430,58.794273,192.394485,98.025795
151.894485,61.158142,188.368042,100.681015
148.854889,62.101246,185.488693,101.797371
148.682602,61.682571,185.866730,101.973640
145.031433,61.040455,182.545944,101.688004
145.353546,58.118816,183.072800,98.987282
144.598724,55.635300,183.253799,97.513451
144.069412,54.972797,183.422607,97.602760
143.342163,55.856239,183.360886,99.201645
143.013870,55.955662,183.403473,99.699081
142.827133,56.949566,183.420837,100.912025
145.101364,57.861191,185.820496,101.958252
148.014862,59.175327,188.396225,102.901672
148.429764,59.294098,188.647400,102.844734
147.792740,60.502789,187.792175,103.819260
149.980789,62.173397,189.676697,105.155991
148.498459,65.023750,187.498352,107.258125
144.283066,70.282967,182.527649,111.684578
144.432541,75.021683,182.505707,116.238693
145.951660,78.361694,183.919540,119.465332
145.988632,82.072014,183.807953,123.011452
143.145996,83.928032,181.013443,124.919395
139.450272,82.200371,177.772675,123.682610
139.730209,79.590637,178.485443,121.539001
141.470871,78.099068,180.546021,120.391960
138.706161,75.738213,177.875427,118.132271
140.322678,71.966805,179.344849,114.202721
143.091141,71.008835,182.052277,113.179123
146.131912,71.435989,184.685547,113.156998
150.123276,72.301712,188.283691,113.599258
153.501007,73.177299,191.356522,114.146507
155.152328,73.584106,192.763428,114.289612
158.172272,73.703094,195.709442,114.328827
160.188049,72.319168,197.686005,112.902588
160.626663,67.814674,198.173386,108.450722
160.006943,66.020531,197.549820,106.652443
156.641922,64.016083,194.201309,104.665817
152.307053,61.225067,190.229782,102.266815
147.766754,62.033749,185.804016,103.202080
142.119446,65.261497,180.251038,106.531410
137.131729,67.855949,175.376144,109.247383
132.577423,69.412682,170.662323,110.632347
129.331650,71.498482,167.434464,112.737434
124.472038,72.605202,162.737747,114.019569
120.085243,73.059975,158.453125,114.584373
119.935883,72.900841,158.348312,114.473213
116.565590,70.019646,155.305115,111.944283
117.367073,65.734962,156.087219,107.638725
119.973518,64.531548,158.677185,106.417564
122.563187,66.388535,160.790695,107.761765
124.924446,71.004356,162.657715,111.845329
129.034470,75.731369,166.177063,115.935043
135.127640,81.388832,171.572357,120.839516
140.325775,84.967598,176.170212,123.769325
146.260239,85.062843,181.787750,123.521233
149.484619,83.182999,184.925400,121.547424
155.803009,80.079567,191.348495,118.557411
162.817352,77.629921,198.522110,116.280312
166.144226,78.441971,202.181564,117.452667
169.122192,81.197075,205.184067,120.234291
171.287491,85.247040,207.505707,124.453278
171.805054,88.175407,207.791763,127.131371
169.367859,89.324982,205.370926,128.298676
165.702774,88.426865,201.522705,127.207535
161.244064,86.406212,197.013214,125.131874
159.562622,83.827553,195.222321,122.434639
157.771088,83.777512,193.348999,122.295990
154.297607,84.117516,189.914032,122.677711
153.048965,83.437035,188.635666,121.965034
153.787109,82.613098,189.463440,121.238190
152.038284,82.806313,187.965897,121.703621
149.909134,83.827835,186.175064,123.091660
147.311844,84.329025,183.782364,123.814026
144.488144,83.989365,181.090775,123.617188
143.616913,83.557945,180.269196,123.239433
143.143066,83.700760,179.870667,123.463669
142.728027,83.557442,179.471863,123.337898
142.919296,81.663017,179.568863,121.341560
144.591049,79.572144,181.313766,119.329758
146.430847,78.262405,183.509918,118.405258
149.422440,77.484550,186.877213,118.032768
154.477081,79.137222,192.268616,120.048782
159.550079,81.569572,197.568604,122.726036
163.106552,84.592407,201.331528,125.971207
164.935471,86.706093,203.429459,128.374588
166.638977,88.095230,205.625000,130.293594
168.087082,87.889557,207.491959,130.549744
170.279358,86.165489,209.941193,129.101913
171.112030,83.743256,210.961945,126.881859
170.954056,82.442711,210.531448,125.281555
171.075623,81.819420,210.421844,124.409744
170.129776,81.398651,209.279892,123.778160
171.404190,80.534363,210.319107,122.661018
171.702316,76.420547,210.671494,118.607033
175.351028,73.634880,214.483841,116.001770
178.069839,74.800209,217.354904,117.330765
177.421341,77.984596,216.566818,120.365097
178.535355,81.235107,217.607895,123.537193
181.263596,83.964882,219.887161,125.784332
180.269592,85.456436,218.826019,127.203575
178.136459,85.170265,216.902908,127.143585
175.713272,84.864960,215.171127,127.582863
172.983475,83.710014,212.617172,126.616943
169.828384,82.455254,209.719467,125.638885
164.479202,80.545158,204.688736,124.079102
162.127899,80.088020,202.878479,124.202591
162.345856,81.827225,202.804077,125.620918
161.299789,82.231598,201.681046,125.942680
159.576904,82.464920,200.090149,126.317650
158.509598,80.977936,199.131699,124.947472
154.861023,78.251244,195.944824,122.716248
151.722504,74.630768,192.450897,118.714973
151.225403,70.742500,192.018860,114.898102
150.888000,68.381470,191.313812,112.133568
147.043106,66.557663,187.223190,110.046059
153.801804,66.064743,193.541611,109.080635
157.267151,67.672745,196.818390,110.481224
161.881668,70.713486,201.313217,113.393303
165.832199,74.087837,204.919998,116.398132
167.039932,74.814560,206.220108,117.224159
170.108582,74.433830,209.369598,116.930344
172.094391,74.164024,211.328461,116.631561
171.176666,73.765480,210.266174,116.077621
167.985229,73.169014,206.765839,115.149094
165.723572,70.778549,204.590088,112.851128
166.266968,68.557610,205.019318,110.504318
163.715881,69.052292,202.465363,110.995918
160.374344,71.698524,199.091599,113.607437
159.672379,75.454750,198.348343,117.319183
157.634735,78.915527,196.259216,120.724525
155.277298,80.406662,194.049850,122.375130
149.974884,78.676186,188.892426,120.800812
143.964401,76.816750,182.840164,118.895325
142.044861,74.978775,181.029602,117.177498
138.938965,73.289169,177.939514,115.505318
135.762817,72.114922,174.846466,114.420380
134.693344,71.420891,173.654129,113.594284
131.857880,71.891129,170.628265,113.854576
130.884735,72.400909,169.507050,114.204887
131.420624,74.825172,169.530457,116.077240
132.945847,75.697639,170.950729,116.836685
136.439651,75.552383,174.291367,116.526482
140.848312,75.152214,178.582260,115.999237
145.903412,75.626297,183.559967,116.389839
151.243607,75.664658,188.741837,116.257393
155.871902,74.358444,193.068192,114.625404
158.065323,73.962509,194.872849,113.810020
161.453247,72.501945,197.957336,112.021423
163.542633,73.214638,199.905396,112.581345
165.179581,76.130150,201.329178,115.266403
165.143616,80.190453,201.023407,119.035034
164.476212,83.641266,200.200394,122.317268
162.561417,86.487335,198.245377,125.119759
160.569656,88.809914,196.127548,127.305756
159.011139,90.006683,194.470642,128.395950
156.404404,89.873405,191.798630,128.191971
151.620667,86.235603,187.038208,124.579422
151.141174,82.068893,186.751923,120.622017
146.436203,80.236771,182.458176,119.235390
143.450165,80.799866,179.428223,119.752205
138.464539,84.070869,174.580811,123.172943
136.192032,85.550163,172.587997,124.954620
135.254669,85.147484,172.127045,125.066986
133.935562,82.766197,171.214523,123.125259
131.438232,82.102531,169.168396,122.948425
137.000000,80.000000,189.000000,135.000000
134.888214,79.666641,187.273468,135.073685
131.907959,78.667763,184.726288,134.532394
129.563034,78.281960,182.649857,134.430267
127.129318,77.616898,180.185287,133.732651
123.999580,75.563255,177.240494,131.874222
