162.000000,92.000000,214.000000,147.000000
161.629044,92.486183,213.507095,147.357330
159.954391,96.041161,211.065323,150.100937
156.923126,99.234787,207.785156,153.031311
154.489365,100.079269,204.262192,152.722504
151.761414,99.559006,200.458069,151.061508
150.232590,95.309853,198.964890,146.850174
149.457687,91.031090,197.203110,141.524109
148.987625,88.502602,195.943710,138.156967
148.547348,87.945496,195.660599,137.767059
145.511429,87.821869,192.623001,137.641663
138.926697,87.662498,186.795776,138.271378
133.439484,90.524300,181.502869,141.339615
127.170746,92.615837,175.600372,143.812347
122.968590,91.855583,171.677673,143.348663
122.005089,89.196198,171.022705,141.016708
121.902298,86.172592,171.418900,138.512039
124.292923,85.196854,174.177292,137.926132
127.022156,85.937271,177.274872,139.056992
129.438232,86.893875,179.652374,139.972763
131.389755,90.231506,181.429276,143.125519
131.139999,93.127419,181.178299,146.020142
131.051880,94.332230,181.045746,147.178787
132.143417,94.866013,182.204605,147.783951
132.727524,96.642914,182.507309,149.268433
134.041367,98.116173,183.117661,149.995972
133.569717,96.635666,182.825394,148.702011
135.477234,92.539650,184.403168,144.256470
138.691895,87.627823,187.202271,138.903641
143.354294,82.056305,193.130600,134.675552
148.406372,78.955704,197.609375,130.967255
151.680817,77.220238,201.561188,129.949783
155.798019,76.386246,205.877151,129.326492
159.852158,76.206886,209.935562,129.151581
162.823364,78.688110,212.602203,131.316284
163.864700,81.671265,213.317734,133.954071
163.129074,82.886726,211.939774,134.488663
161.727753,81.516617,210.558655,133.139984
159.551224,78.310158,208.673965,130.243240
155.664093,75.585655,205.120697,127.865952
152.023666,73.679207,201.967148,126.475601
148.278809,75.019348,198.316345,127.915443
141.625610,79.485939,191.961639,132.692215
135.065765,83.563942,185.653687,137.036942
130.508881,85.488541,181.650665,139.547989
126.150085,84.516090,178.393188,139.740387
122.943565,84.141594,175.773926,139.986404
121.372864,84.333862,174.658981,140.660248
119.745995,84.350082,173.019394,140.663040
119.503609,82.175270,173.044006,138.770065
120.660454,76.620056,173.896591,132.893677
122.390747,72.530159,175.900604,129.092712
125.666153,71.226501,179.650040,128.289413
129.196274,73.400093,182.676590,129.922134
130.690247,77.832672,183.799316,133.962845
133.107407,83.529747,185.634109,139.045212
136.318680,88.163094,188.697983,143.522827
139.805923,91.629761,192.334000,147.146667
142.501282,93.104301,194.811768,148.391296
145.002472,90.662971,197.622955,146.277512
149.134201,85.443832,202.118637,141.442917
152.419968,78.559883,206.237015,135.438721
156.140411,73.566505,210.526520,131.046021
156.502060,70.326866,211.557755,128.512482
158.022308,70.385277,213.318695,128.824493
157.958008,76.812141,212.743927,134.713531
154.707779,82.115784,208.616379,139.092010
153.247040,83.731644,206.540863,140.058929
151.218781,86.038551,204.033691,141.860321
151.363129,87.540512,203.386139,142.525543
148.834961,87.072144,200.323822,141.502884
149.006714,84.129059,200.043976,138.082138
150.272995,80.741669,201.337296,134.722824
150.829224,81.283417,201.610016,134.970169
151.031113,86.356270,201.280441,139.480286
149.123764,91.470055,198.752548,143.937027
147.364700,92.282593,196.877365,144.626480
146.425186,92.294846,195.961075,144.663361
145.502945,93.392975,194.862381,145.574448
144.313446,94.680504,193.866241,147.066925
142.275864,94.489403,191.552750,146.583374
138.434982,91.730080,187.623276,143.730148
134.608734,88.822784,183.236328,140.228531
133.325882,85.912888,182.214706,137.595856
134.673370,85.009834,183.103699,136.206238
133.110580,90.192627,180.929764,140.740479
132.246964,95.628609,179.638596,145.722183
133.175613,99.395889,180.171951,149.069458
134.459030,103.036469,181.533554,152.793228
136.539429,106.364777,183.844360,156.361542
139.524796,105.934174,187.240128,156.358429
140.812088,99.525406,189.231216,150.697433
144.362656,89.706001,193.891251,142.055405
147.170578,82.642632,198.193832,136.576385
151.922897,78.556282,203.631943,133.202194
155.797928,76.674812,208.070023,131.916260
157.000214,79.361572,209.020752,134.337219
158.582489,82.420731,210.415009,137.201248
160.563309,83.997192,212.143448,138.510757
162.539322,84.775017,213.776596,138.925949
163.814392,85.716026,214.278259,139.048935
164.143845,85.231216,213.963394,137.881912
164.032623,85.223320,213.122131,137.100174
164.209335,84.667305,213.038345,136.273254
162.502625,84.534088,210.605560,135.369492
161.503647,83.269127,209.057205,133.532745
160.713974,84.886589,208.155685,135.031357
156.698288,89.686455,203.983963,139.665421
152.939407,91.827286,200.269180,141.852188
149.821732,91.896240,196.861099,141.612579
146.181274,94.310760,193.384766,144.198059
141.701874,96.878891,188.909851,146.770859
137.545013,94.821037,185.278809,145.260742
137.578552,90.795227,185.655579,141.599609
138.828186,87.980225,187.147034,139.036316
139.722626,87.335640,188.436920,138.811401
139.549026,87.285561,188.130203,138.620056
140.031769,87.990540,188.405884,139.105316
138.699661,88.708702,187.022324,139.768860
139.664200,90.670326,188.080063,141.829391
140.880356,93.267876,189.641098,144.792923
141.437744,94.470085,190.741638,146.571518
143.168747,93.045509,193.184494,145.901489
145.968460,90.028946,196.805374,143.738312
147.568924,86.794197,199.469833,141.630157
150.372345,84.029678,203.263062,139.912537
154.414978,81.518944,208.179901,138.325500
159.078857,79.351234,213.650146,137.008957
163.211975,78.440399,218.368927,136.715729
165.298889,78.603203,220.998138,137.449875
166.667130,80.792107,222.085159,139.342484
167.912247,81.821251,223.335831,140.377472
168.553894,81.933960,223.745209,140.245468
168.919266,81.326576,223.944290,139.462891
167.291916,80.793869,221.860001,138.448761
166.194046,79.241440,220.235367,136.340820
165.997208,77.562164,219.110428,133.682816
168.110474,74.216095,220.555145,129.631058
170.281342,72.237839,222.222778,127.121078
169.500916,71.026596,220.980652,125.421494
167.375443,70.549225,218.603867,124.678314
162.895645,70.020531,214.194809,124.224449
160.875839,71.470345,212.183945,125.683708
157.128708,73.622513,208.441330,127.840668
153.419525,75.633575,204.619507,129.732590
149.546387,76.218040,200.494568,130.050735
147.428635,74.859756,198.060257,128.357254
145.553513,70.828232,196.142044,124.280121
143.776825,66.404106,193.952789,119.419167
142.030823,63.828850,191.944519,116.566231
142.011490,62.731911,191.937729,115.482597
139.557922,62.736732,189.660522,115.674355
140.154800,64.055534,190.253464,116.989052
139.924377,66.548393,190.546844,120.026253
139.557556,71.735809,190.391327,125.437393
140.207794,76.414917,191.263672,130.351669
140.900742,78.645073,192.370743,133.011871
141.146622,77.487892,193.196243,132.467758
142.499283,74.934914,195.429001,130.828094
142.176331,71.069366,196.365479,128.293259
141.347427,67.044846,196.661453,125.454987
142.604492,63.023830,198.873138,122.439720
142.337677,59.379951,199.338898,119.566963
142.470734,58.121307,199.837128,118.692383
140.736465,59.069355,197.961533,119.491806
139.187866,60.958572,195.853210,120.792358
137.633621,64.016998,193.801956,123.327621
136.882980,68.377251,192.428848,127.032631
136.419296,72.159889,191.547043,130.374741
136.494690,75.076294,191.005829,132.641525
137.699402,76.808357,191.419678,133.539581
136.663345,75.220795,189.819138,131.356171
137.547409,71.351349,190.309464,127.071121
138.020828,67.284019,190.277725,122.470055
137.364410,63.899609,189.079895,118.513573
136.459579,61.660576,187.395554,115.450058
136.178146,60.199001,186.545059,113.385933
135.455521,60.664207,185.200485,113.192604
137.058594,63.271908,186.314636,115.282051
139.151550,66.263824,187.980469,117.821205
141.061752,67.644440,189.777054,119.081245
140.826248,70.013672,189.380508,121.279564
139.578842,73.013412,188.050461,124.191597
136.368271,74.797287,184.799332,125.932442
133.391922,76.570862,181.717239,127.593803
129.973282,76.844955,178.287430,127.856041
126.124794,74.854904,174.417252,125.842979
124.649345,73.051727,172.842743,123.936699
122.154030,71.219521,170.306992,122.062393
119.508293,70.037941,167.573944,120.789948
116.427147,70.145447,164.391541,120.792061
116.600990,70.098999,164.347855,120.514488
117.424919,70.932823,165.243164,121.424149
119.313942,70.882179,167.165695,121.409103
123.037476,69.259079,171.033676,119.939476
127.206932,64.526123,175.505447,115.527733
131.132339,60.534874,179.655319,111.774673
131.717789,57.821815,180.521713,109.359772
132.298370,52.355030,181.359985,104.166443
138.039337,53.985779,187.005585,105.698006
143.487015,57.580433,192.764694,109.623161
145.984879,61.393127,195.372665,113.552574
150.781738,62.888542,200.272949,115.157623
154.940247,65.029160,204.634613,117.513603
156.911560,64.443954,206.754669,117.086067
159.740356,64.939964,209.687286,117.692123
160.867981,65.796722,210.903259,118.642540
162.237259,68.716423,212.246780,121.535477
164.774536,72.147354,215.168640,125.366081
166.092712,74.140648,216.848755,127.742599
167.564072,75.368767,218.950882,129.638596
168.398438,75.765930,220.543274,130.837509
167.857986,76.368904,220.873459,132.360413
165.069489,75.445816,219.075531,132.464584
159.460800,73.254303,214.348434,131.202744
155.247559,74.441902,211.028168,133.332031
150.278473,73.743942,206.920197,133.541321
145.472748,73.365082,202.824921,133.910294
139.261856,72.061958,197.504196,133.543396
137.089050,70.591766,196.367462,133.161957
134.292267,69.642639,194.484528,133.172363
131.510361,68.922745,192.641159,133.437164
131.677017,70.089188,193.561356,135.393616
133.382233,73.613007,196.021942,139.721542
135.037811,76.490852,198.260193,143.219070
139.328369,78.336906,203.267761,145.815735
143.564514,79.334122,207.873383,147.205536
148.472412,79.354614,213.363617,147.835251
153.867905,79.258163,219.020065,148.015793
159.022247,78.416016,224.134430,147.131836
162.946625,78.734100,227.637665,147.009644
166.185837,78.161812,230.089218,145.601212
169.400452,77.382164,232.305298,143.760605
172.091629,77.933464,233.982681,143.233749
172.826782,80.855400,233.738434,145.113083
170.783920,83.522194,230.679092,146.696747
170.208832,86.423424,229.024689,148.446701
168.577316,88.954300,226.479233,150.001663
167.711227,89.704285,224.642258,149.713806
167.590775,90.567886,223.787460,149.791550
168.202347,90.352425,223.802689,148.948334
168.941711,89.890678,224.094421,148.014969
170.013580,88.702530,224.851990,146.495682
173.343719,87.889717,228.114014,145.611023
175.530975,87.744362,230.409607,145.579910
176.417374,87.779625,231.542404,145.875031
179.301361,89.875618,234.710419,148.270279
179.024368,91.456833,235.037643,150.488083
179.275131,92.404251,236.243027,152.440353
178.881775,92.265846,236.741943,153.256836
177.349823,91.805931,235.916595,153.540085
172.880295,89.052338,231.981094,151.347672
169.221252,84.028107,229.293060,147.343002
167.462418,80.839920,228.178421,144.830719
164.980255,77.674065,225.907257,141.886230
164.001846,74.644737,224.851181,138.774139
161.972168,71.512970,222.518494,135.319489
162.306396,69.768410,222.896973,133.621368
162.201080,70.150253,222.956482,134.176147
162.324036,74.012375,223.039459,137.995667
160.949936,81.258514,221.560593,145.131882
161.251755,87.388382,221.906296,151.307800
163.290421,90.527649,224.195877,154.710327
165.032562,89.633118,226.412201,154.321045
166.954483,85.779785,228.989456,151.154755
168.909927,79.606834,231.832779,145.911972
170.146454,74.296577,233.393433,140.946411
172.452133,71.073616,235.837601,137.868439
172.528000,69.173889,235.783157,135.832306
172.040924,67.063148,234.818787,133.221893
170.967102,66.794708,232.992004,132.152679
170.072906,70.394135,231.372223,134.991959
168.944016,73.646126,229.720993,137.696320
168.469681,76.878899,228.973679,140.638199
168.021408,78.024467,228.419052,141.672180
163.629791,77.987747,223.995880,141.602341
157.511536,76.473251,217.751587,139.955612
151.814407,74.994736,211.971481,138.390030
146.297073,72.573372,206.347610,135.856903
140.826202,67.264664,201.336609,131.030670
131.977356,62.491177,192.929260,126.720383
127.144920,60.861542,188.295334,125.302269
123.058731,60.561172,184.278610,125.074730
121.492279,62.243637,183.084473,127.147530
119.269363,66.634109,180.825333,131.500031
118.966705,72.618652,180.665588,137.634399
118.112595,77.573761,180.069321,142.863983
118.643585,79.377548,180.880157,144.965683
121.037857,78.298576,183.787003,144.423691
126.660637,79.225639,189.972412,145.949112
131.893326,78.676682,195.390793,145.594559
137.302414,76.676811,201.174911,143.987289
145.447296,75.030632,209.475128,142.506165
146.535049,74.612434,210.395187,141.912552
145.669678,73.838547,209.445129,141.048660
141.984009,72.933571,205.944183,140.339966
137.265228,73.256813,201.595947,141.056915
131.102554,73.352478,195.948654,141.691742
124.329758,74.910011,189.697891,143.803436
115.833565,74.931198,182.031311,144.691925
107.543259,73.464752,174.526108,144.045746
100.338722,69.989845,167.976135,141.264481
93.136414,64.427948,161.626236,136.605133
86.327904,58.651745,155.181183,131.213455
81.347427,55.261211,149.840073,127.441376
80.783180,54.654819,149.150925,126.702843
79.711044,56.103535,148.190765,128.270020
79.309105,62.243629,147.593979,134.203964
77.860291,69.344368,145.778595,140.922195
75.960197,74.535378,143.509872,145.722900
72.843536,78.318428,139.952896,149.039734
66.898232,79.982216,133.803329,150.490250
60.579525,79.070892,127.301575,149.384949
54.589500,77.349564,121.203690,147.549332
49.346527,73.088959,115.450569,142.748138
50.390419,69.458138,115.979721,138.579529
50.961575,65.469185,116.112701,134.125854
53.832527,65.357292,118.430763,133.435928
59.035557,66.090767,122.944328,133.437515
64.291809,70.348549,127.422691,136.868790
66.758881,74.250145,129.141815,139.987381
67.946312,77.176056,129.838669,142.399368
72.842522,79.257500,133.865952,143.555847
76.990433,81.828163,137.367722,145.449112
81.646896,82.485878,141.681183,145.746948
86.525253,79.531158,146.430771,142.657120
91.010902,74.861542,150.937454,138.009933
95.061226,66.348572,155.736176,130.295258
102.966385,59.140079,164.163223,123.634323
111.622597,54.544010,173.427551,119.675797
118.795822,54.915054,181.336395,120.829918
123.436737,59.528770,186.340622,125.824249
124.650688,62.734940,187.894806,129.392242
126.717484,64.914642,190.128296,131.746475
128.068878,65.618858,191.913788,132.905136
129.724854,67.299660,194.304962,135.367081
129.010666,67.189972,194.575974,136.303223
127.882782,65.507988,194.068939,135.279709
129.653931,63.346169,196.260498,133.557098
130.284439,61.569309,196.858780,131.746078
129.299454,58.743851,196.026657,129.082611
130.895432,58.513084,197.726608,128.962021
129.800873,60.491169,196.558533,130.862198
129.852402,61.424984,196.683731,131.874084
129.869598,63.085861,196.829834,133.671570
129.010895,63.374462,196.061707,134.056183
129.444351,63.795834,196.321335,134.296066
129.851929,63.983303,196.458008,134.196457
132.558945,63.086380,198.537796,132.634857
134.894928,59.264969,200.282928,128.186798
138.420837,54.572495,203.308228,122.970963
143.787338,52.088463,208.088730,119.864876
147.534897,51.984470,211.217514,119.113533
150.386017,58.336308,213.263672,124.610100
150.491531,65.996964,212.719528,131.579880
149.144028,72.447647,210.838425,137.471573
149.509399,77.165085,210.710846,141.664261
148.616821,78.875061,209.537628,143.080017
145.318787,75.086296,205.840088,138.865540
144.970200,69.215897,205.045456,132.527161
149.572266,64.238983,208.968109,126.837418
155.686386,61.209152,214.406815,123.098389
160.907379,63.522263,218.704590,124.441345
161.222214,66.342621,217.668930,125.841370
161.351349,71.102341,216.560059,129.297943
157.404190,73.858749,211.601089,130.988342
150.760773,76.055008,203.985352,132.159241
145.124802,75.861641,197.509476,131.079300
139.132751,75.699730,191.004333,130.375275
131.250900,71.114845,182.675156,125.317261
126.983315,67.002083,178.362396,121.156708
125.470978,61.171867,177.068130,115.557144
128.485062,59.525673,180.305206,114.146790
129.394424,61.542515,181.403900,116.363869
128.606293,63.739712,180.910324,118.866745
128.752441,66.540398,181.118912,121.733398
129.087845,69.050781,181.209503,123.985100
127.760475,69.777809,179.743713,124.568481
125.136566,71.095169,176.949875,125.706108
122.702774,71.813538,174.362122,126.261635
120.027679,69.223732,171.492172,123.465729
123.216896,65.641945,174.780853,119.989151
126.608337,63.802086,178.046036,118.015747
129.940811,62.555145,181.552826,116.953178
139.639236,67.034515,191.299805,121.483894
144.143738,70.314018,195.919907,124.885666
149.785675,70.320198,201.839432,125.185455
157.602676,67.599121,209.967499,122.787178
161.900818,65.781387,214.436050,121.149498
165.372025,63.732834,217.864319,119.055580
167.423798,63.133224,219.299881,117.804893
169.485764,62.482471,220.546936,116.292221
169.588898,58.821159,219.842178,111.791946
171.229141,55.750443,220.804321,108.016533
172.159790,54.401157,220.971939,105.858437
171.088348,54.410954,219.142899,105.064262
171.207458,56.229568,218.648056,106.243866
174.307327,63.486832,221.225006,112.945526
171.507584,70.457748,218.119751,119.591446
167.822021,74.918365,214.091019,123.686981
163.484512,77.300560,209.523529,125.829414
157.175903,77.035736,202.988998,125.329056
152.205887,73.633766,197.849457,121.746513
151.352036,69.549339,197.390167,118.082375
155.485229,63.949417,201.932388,112.908890
156.937607,63.172066,203.397278,112.144585
157.809357,65.208420,204.049362,113.951935
157.430389,69.038429,202.962387,117.043800
158.793900,73.443947,203.493439,120.562584
159.479050,76.500946,203.333405,122.718063
158.825424,78.657806,202.124847,124.282150
159.414612,81.642982,201.976822,126.496605
160.024979,83.688393,201.667603,127.579681
162.292221,84.024475,203.356049,127.309425
164.193283,79.473145,204.888336,122.371758
163.348099,75.648788,203.714661,118.202888
166.841339,75.177193,206.913071,117.422073
169.398758,78.792999,209.153168,120.705070
168.757858,83.246056,207.731201,124.337997
166.523895,86.522072,204.825333,126.890442
162.990524,88.626411,201.002655,128.690628
159.099014,89.393204,196.822754,129.154251
157.302994,88.675964,194.455872,127.836090
156.809341,87.577919,193.305634,126.046898
154.015442,85.163490,189.996567,123.089455
150.446503,83.215218,185.793411,120.471733
145.665756,81.296158,180.517426,118.029922
143.093948,80.327583,177.920837,117.035133
139.488480,75.782036,174.441406,112.622826
138.006165,69.135033,173.425797,106.469215
136.097504,68.745956,171.911118,106.495987
133.327194,72.883766,169.181976,110.677238
133.540237,75.241226,169.376221,113.014877
133.529831,76.189003,169.568573,114.176674
130.950577,79.512154,167.404755,117.926491
129.046692,81.590767,165.601974,120.111687
127.999352,82.148064,164.479156,120.589424
126.086678,81.794495,162.725540,120.403519
129.183380,80.564491,166.016022,119.377769
135.204102,80.794312,172.097107,119.671234
141.473190,81.346298,178.475479,120.338409
148.294128,81.687714,185.296051,120.679443
153.608154,81.451805,190.621460,120.455208
157.007965,81.055748,194.088379,120.129799
158.750809,82.901566,195.603165,121.735565
157.625488,85.329147,193.834625,123.485153
158.885910,84.696976,194.406570,122.127289
162.791656,82.082115,197.979492,119.161125
161.397141,81.391937,196.087479,117.945801
160.864120,81.408836,194.553391,116.904427
155.738708,79.915520,187.750610,113.635078
151.097412,76.728767,181.340515,108.625923
153.360336,78.012848,181.608597,107.850800
152.026932,82.069038,178.428940,109.997078
151.442200,84.990921,176.443207,111.466049
150.913696,88.156326,174.476746,113.138184
149.660767,89.106102,172.371521,113.200142
154.817383,90.815361,176.855408,114.178169
157.009399,91.775558,178.727875,114.804932
159.364899,92.365349,180.557861,114.821449
160.573105,93.739937,181.592484,116.014549
162.611252,94.245834,183.552597,116.438858
161.673264,93.526314,182.740311,115.857018
162.048981,93.321381,183.466034,116.018005
160.848068,93.114388,182.686325,116.251350
151.645020,91.145164,174.600800,115.501259
145.450317,89.070976,168.890167,113.953239
140.815430,87.819702,165.291748,113.781631
138.645050,87.695625,163.758545,114.320213
135.117706,86.145012,160.967285,113.534004
134.405441,85.766571,160.994858,113.952301
132.224533,84.024857,159.854355,113.328049
131.588745,83.125923,160.561279,113.867744
132.094330,80.247978,162.153687,112.151588
134.654877,78.655594,165.629913,111.504410
136.208450,76.790459,168.053879,110.565804
138.134918,76.234344,170.696960,110.771088
140.228012,75.512589,173.517197,110.820557
140.864609,74.961319,174.871719,111.029449
140.080566,75.596596,174.692688,112.304314
136.120087,75.152946,171.413208,112.580574
135.821152,73.274811,171.899796,111.531601
135.750046,71.478867,172.462814,110.404053
136.188080,70.517784,173.404327,109.973671
136.599136,69.390617,174.245132,109.298882
138.003510,68.225815,176.126862,108.636566
137.455612,66.721870,176.076553,107.655739
140.561691,65.174911,179.821609,106.780533
141.815094,63.454742,181.628998,105.642059
142.280228,62.009457,182.678116,104.824547
135.554337,58.775421,176.939468,102.625908
134.982910,57.944756,177.113098,102.575775
133.266296,59.238026,175.786102,104.276802
127.937813,59.929794,171.378098,105.953278
126.591698,62.230713,170.703064,108.971039
122.337029,60.482437,167.285492,108.097061
124.943573,61.411808,170.587952,109.768738
125.195694,58.810497,171.703323,108.086967
131.017258,56.641514,178.315079,106.758606
133.929001,51.922485,182.423447,103.310974
137.154724,49.031261,186.541931,101.367172
141.973282,49.274357,192.127335,102.423134
146.517365,51.124073,197.131195,104.759682
148.175720,52.604691,198.909393,106.367195
152.571564,53.348537,203.347778,107.156097
155.210556,52.007835,206.014694,105.844978
154.650146,47.643185,205.381409,101.403183
155.915543,44.549644,206.676743,98.341324
158.926498,43.055897,209.374466,96.515930
162.921844,43.398663,213.320068,96.806038
160.505295,47.123272,210.481308,100.083611
160.062042,53.267857,209.701904,105.871872
156.983719,57.985287,206.311295,110.258278
149.903732,61.247799,199.081650,113.362144
142.700409,63.213749,191.976074,115.431702
136.272461,63.735493,185.673248,116.086075
128.583954,61.396656,178.217194,113.993637
128.393539,62.112083,178.486496,115.196358
125.373894,59.499573,175.910126,113.053207
123.824806,54.962097,174.886063,109.071640
126.697998,55.745449,178.098770,110.214096
129.213776,57.392677,181.006485,112.275879
132.097519,57.893147,184.304993,113.215042
136.246048,60.213490,188.809723,115.911743
138.090454,62.877251,191.160812,119.110870
140.566589,66.165596,194.011063,122.794098
144.791687,69.054184,198.838028,126.317970
146.890366,70.043579,201.571869,127.977180
148.935165,67.246155,204.564972,126.179787
152.551407,57.438324,213.362000,121.830284
151.487076,55.303268,213.079529,120.528374
147.940262,47.638374,210.000732,113.361694
147.298706,42.635288,209.540176,108.548225
146.951370,38.138847,209.404205,104.273201
142.274307,32.265430,204.927521,98.612892
140.866013,34.996365,203.063232,100.858879
135.809784,39.300488,197.433640,104.562332
131.028427,41.646145,192.009216,106.223419
128.493362,42.041843,188.869781,105.975105
128.908249,43.417603,188.270325,106.286636
129.527008,44.092197,187.863297,105.884148
128.148331,45.719540,185.464996,106.440033
127.061119,46.798279,183.255859,106.338806
126.229042,46.851479,181.466293,105.384117
128.420975,44.790546,183.121643,102.757835
131.295868,46.204376,185.536667,103.686714
132.898895,49.778370,186.883987,106.991058
134.717148,54.444481,188.533325,111.475739
134.926712,59.247517,188.815125,116.356346
134.059845,62.777184,187.952530,119.890594
135.152130,65.392769,189.152390,122.621735
131.959290,64.417213,186.249771,121.952240
133.021545,57.742119,188.039902,116.044731
135.453278,48.725021,191.524338,108.136734
139.127441,43.248859,195.617874,103.102013
141.637955,46.385490,198.194000,106.307693
143.654129,51.211166,200.108368,111.026192
143.711472,56.233650,200.069214,115.947083
142.188400,58.351898,198.521149,118.039024
140.652512,59.986935,197.125946,119.822159
140.206207,61.599876,196.274063,121.008186
139.569809,62.878754,194.996368,121.612000
140.029984,60.730537,194.956573,118.937035
142.483948,60.866627,196.697861,118.308601
143.066010,61.597233,196.544907,118.264107
137.990417,60.140991,190.991562,116.303581
133.785065,61.239670,186.199051,116.782478
131.303589,62.299889,183.263962,117.363419
126.903778,62.187248,178.630966,116.999664
120.741577,61.333725,172.293869,115.961159
116.249481,60.084332,167.695663,114.599541
111.273613,59.268398,162.630676,113.689339
107.237427,59.326118,158.526413,113.675056
110.543449,58.531136,161.830795,112.878349
111.710167,56.060169,163.136215,110.554092
112.928017,51.134800,164.637238,105.928238
116.978798,51.568668,168.829926,106.512192
119.907646,56.099331,171.556839,110.829262
122.935143,62.313114,174.048325,116.476105
127.095909,67.371857,177.791580,121.093254
133.635513,68.556107,183.968369,121.893349
140.928055,66.059090,190.686783,118.788422
145.582321,62.084488,195.054276,114.509850
148.599625,57.303150,198.222977,109.889000
151.993530,54.053318,201.533600,106.550896
154.670471,51.235706,204.149475,103.668571
156.420944,50.271751,205.814713,102.614281
156.866104,51.312893,206.145340,103.534027
156.119827,52.434437,205.212814,104.458138
155.836182,54.218132,204.949738,106.263641
155.436279,56.655571,204.541504,108.692245
151.082916,58.957150,200.463715,111.285950
148.112549,59.961086,197.434723,112.227737
147.957443,59.708416,197.833542,112.562241
144.096436,59.216553,194.536133,112.667801
144.162689,56.474026,194.890503,110.230347
143.678574,54.222992,194.950516,108.555466
143.208557,53.611950,195.111298,108.611610
142.502182,54.658188,195.165848,110.462669
142.161911,55.046509,195.351578,111.406761
141.987808,55.960506,195.461594,112.620651
144.363434,56.826656,197.915894,113.569839
147.242432,58.035721,200.401276,114.363411
147.694427,58.276161,200.508545,114.239960
147.143372,59.550594,199.486053,115.016258
149.332016,61.241928,201.164780,116.168808
147.714172,63.896885,199.055389,118.303856
143.360474,69.109573,194.122467,122.903900
143.505524,73.837151,194.117065,127.472176
144.950439,77.227913,195.540039,130.839706
144.942856,80.966072,195.520035,134.564713
142.140533,82.852119,192.771454,136.507675
138.556778,81.249763,189.453812,135.187088
138.957886,78.665108,190.154358,132.919479
140.722763,77.144875,192.198898,131.695023
137.973114,74.753021,189.532074,129.390762
139.533890,70.846207,191.171127,125.566757
142.266296,69.798149,193.971497,124.590599
145.253632,70.246552,196.627899,124.688965
149.192154,71.122429,200.286575,125.268867
152.538284,72.011284,203.308609,125.814934
154.120010,72.524727,204.609024,126.030510
157.074249,72.811180,207.352325,126.093620
159.170319,71.624466,209.298737,124.748444
159.516617,67.230164,209.595047,120.301208
158.899185,65.470528,208.904678,118.464363
155.604370,63.442543,205.527466,116.350746
151.328110,60.665329,201.595810,113.938812
146.686493,61.302582,197.296051,114.938034
141.037125,64.382622,191.937912,118.326424
136.098648,67.010651,187.105637,121.066895
131.509506,68.477287,182.451370,122.464653
128.297928,70.489616,179.171371,124.404549
123.472946,71.670700,174.371536,125.612259
119.241501,72.269241,169.879623,125.935028
119.144623,72.336723,169.478516,125.680382
115.775688,69.624207,166.210556,123.074768
116.660645,65.371674,166.881912,118.596069
119.360260,64.194412,169.438705,117.267578
121.923492,66.083031,171.372879,118.490135
124.277039,70.830948,172.931839,122.395782
128.514771,75.601562,176.278244,126.220505
134.624603,81.327965,181.472458,130.974045
139.743774,84.882164,186.074905,133.978531
145.610703,85.014908,191.636444,133.786377
148.706818,83.051788,194.823624,131.918198
155.071381,79.897514,201.388077,128.972290
162.147324,77.596436,208.357635,126.558037
165.562134,78.510254,211.852829,127.555656
168.637497,81.293564,214.804871,130.207779
170.967911,85.450920,216.930878,134.152023
171.495316,88.504135,216.989838,136.706253
169.183456,89.807709,214.398926,137.712585
165.531433,88.893082,210.520523,136.561722
161.094727,86.942123,205.952896,134.471146
159.406570,84.426376,204.152222,131.835373
157.635162,84.473160,202.201981,131.691406
154.227036,85.010689,198.626434,132.050354
153.036636,84.385391,197.241852,131.217941
153.937042,83.606712,198.201218,130.500839
152.210922,83.735474,196.734009,130.900024
150.091064,84.679825,195.015121,132.272064
147.486481,85.203743,192.665146,133.067566
144.659241,84.964882,189.954086,132.949936
143.791611,84.673859,189.159607,132.735245
143.320007,84.856499,188.723221,132.955414
142.928848,84.769646,188.293457,132.827423
143.127777,82.914459,188.284927,130.751236
144.850235,80.951096,189.993927,128.773834
146.705307,79.783325,192.036560,127.801773
149.627060,79.063103,195.266479,127.409828
154.704391,80.787842,200.574127,129.379913
159.837601,83.168854,205.969452,132.040146
163.417343,86.235962,209.765411,135.332687
165.383774,88.332260,212.147644,137.871323
167.013840,89.639267,214.349854,139.786987
168.626572,89.428741,216.412750,140.054764
170.847916,87.639847,218.914032,138.563309
171.688080,85.099121,220.068008,136.349182
171.490707,83.743820,219.806732,134.926071
171.605621,83.034607,219.804337,134.092346
170.676559,82.458168,218.795776,133.431534
172.001389,81.564224,219.870514,132.277283
172.204880,77.373848,220.092072,128.106094
175.867691,74.413284,224.010651,125.417290
178.638779,75.551910,226.937103,126.720802
178.140732,78.768288,226.140717,129.620560
179.535370,82.157913,227.113907,132.562378
182.435516,84.616127,229.476730,134.449677
181.626511,86.028488,228.521942,135.710175
179.544525,85.626152,226.686234,135.569839
177.220886,85.362526,224.964157,135.932831
174.328186,84.130791,222.182373,134.818939
171.055466,82.748177,219.188919,133.733032
165.703461,80.804123,214.295563,132.266342
163.372696,80.312698,212.603104,132.452286
163.341949,81.820862,212.829773,134.233307
162.195923,82.096596,211.879761,134.716827
160.314667,82.313393,210.293793,135.246628
158.839890,80.331947,209.758835,134.261398
154.825058,77.573730,206.471420,132.273376
151.257416,73.931305,202.839233,128.562698
150.664398,70.184258,202.177612,124.743080
150.238846,67.661568,201.647964,122.110298
146.359467,65.886917,197.554901,120.109619
153.113464,65.236588,204.145325,119.286270
156.533798,66.813469,207.478165,120.770607
161.176468,69.925392,211.945908,123.697319
164.926239,73.129921,215.630310,126.832619
165.995239,73.864807,216.796295,127.670181
168.822556,73.534210,219.690811,127.410736
170.989716,73.303230,221.873169,127.195854
170.085068,72.970825,220.818466,126.704559
167.062424,72.376442,217.460159,125.754784
165.092728,70.172485,215.280197,123.328186
165.692490,68.040665,215.898178,121.215668
163.255707,68.657944,213.336395,121.700592
160.051590,71.335754,210.015274,124.254501
159.502136,75.129982,209.265259,127.836128
157.565170,78.664513,207.130936,131.161453
155.183075,80.151779,204.857483,132.763885
149.978241,78.516457,199.577515,131.048935
144.048264,76.486702,193.611923,128.981430
142.398209,74.637100,191.847366,127.010460
139.401764,72.939301,188.748199,125.203789
136.405579,71.807091,185.675995,123.990982
135.417755,71.214287,184.429840,123.124359
132.637192,71.691658,181.359909,123.300797
131.713165,72.339027,180.180786,123.677444
132.179382,74.661911,180.189972,125.515312
133.685852,75.521072,181.543671,126.215462
137.016022,75.358940,184.750488,125.922256
141.377518,74.935471,189.026016,125.407433
146.438919,75.428894,194.013596,125.822411
158.000000,77.000000,188.000000,109.000000
162.569397,75.628090,192.405457,107.453575
164.718689,75.155991,194.266449,106.673965
168.103409,73.679153,197.414566,104.944763
170.161301,74.368927,199.369888,105.525116
171.702515,77.236794,200.796356,108.270576
171.597977,81.235344,200.487259,112.050926
170.956757,84.737114,199.649078,115.342140
167.000000,80.000000,219.000000,135.000000
164.986664,82.326462,216.849396,137.181442
163.363708,83.435623,215.249878,138.315384
160.749054,83.407623,212.448303,138.089676
155.918030,79.800537,207.732971,134.604965
155.359360,75.556770,207.554947,130.763794
150.756653,73.597549,203.158813,129.022827
147.873840,74.099297,200.332794,129.584564
142.930984,77.464539,195.297897,132.852554
143.000000,86.000000,173.000000,118.000000
142.214554,85.644958,172.580246,118.034241
140.975815,83.311707,171.616776,115.994003
138.490952,82.731583,169.477615,115.781906
137.674561,82.222298,169.007050,115.651894
137.000000,74.000000,189.000000,129.000000
133.986755,72.967773,186.471832,128.480301
131.667480,72.599731,184.355255,128.326416
129.239304,71.907845,181.941696,127.649971
126.041733,69.838547,178.947403,125.795456
