162.000000,92.000000,214.000000,147.000000
161.637009,92.568916,213.444412,147.365433
159.495880,95.575546,211.183441,150.245300
156.423462,98.659500,207.656799,152.848816
153.854996,99.548698,204.164474,152.760849
151.162308,98.702911,200.515701,150.902740
149.725922,94.843399,198.760803,146.705612
149.122894,90.551659,197.116516,141.330963
148.457504,88.086075,195.521622,137.877777
147.935394,87.619331,195.309326,137.733749
144.670837,87.553612,191.983704,137.603149
138.260590,87.310333,186.143951,137.966034
132.849625,89.994537,180.955032,140.886169
126.909988,92.073250,175.161606,143.117050
123.306152,91.461082,171.728760,142.686340
122.418823,88.615898,171.348999,140.379791
122.462326,85.681557,171.797867,137.875626
124.751488,84.504601,174.636246,137.280823
127.498451,85.257317,177.488892,138.145569
129.817230,86.025528,179.803101,138.908920
131.779785,89.320984,181.676758,142.110153
131.419922,92.192924,181.455902,145.129425
131.335770,93.301971,181.379959,146.246994
132.472168,93.821236,182.569733,146.821732
132.951782,95.493019,182.655273,148.076248
134.285995,97.206535,183.229172,148.983841
133.778946,95.638588,183.009720,147.721100
135.690720,91.208549,184.726456,143.084305
138.649170,86.167702,187.229309,137.569641
143.656448,80.459412,193.039871,132.713806
148.413971,77.687920,197.194763,129.303528
151.834213,76.099800,201.091446,128.221008
155.941849,75.153900,205.506699,127.601173
159.901489,74.900772,209.468048,127.349846
162.737106,77.403755,211.894608,129.419205
164.082184,80.688301,212.697205,132.128708
163.342758,81.996727,211.122299,132.550491
161.991959,80.611511,209.839157,131.237152
159.655365,77.249069,207.906158,128.303528
155.685608,74.424965,204.489197,126.066078
152.181305,72.595512,201.507263,124.790977
148.550674,73.968094,198.015915,126.311203
141.637619,78.251366,191.708084,131.236023
134.935364,82.279366,185.312195,135.582413
129.849930,84.065018,180.865616,138.044479
125.718102,83.129791,177.686096,138.098190
122.699539,82.852806,175.224274,138.410065
121.054314,83.099419,173.966064,139.065613
119.401878,83.308968,172.160217,139.113083
119.116173,81.238831,172.198151,137.384903
120.086327,75.648323,172.879150,131.489182
122.007339,71.640152,174.879150,127.564476
125.224541,70.357513,178.624481,126.839851
128.778503,72.554375,181.577240,128.402115
130.319565,77.003891,182.841721,132.559402
132.583069,82.743668,184.669403,137.838684
136.081696,87.531136,187.674194,142.104370
139.543396,91.006714,191.284393,145.737015
142.126633,92.518745,193.634079,147.002045
144.667755,90.183022,196.438843,144.945190
148.654465,84.966446,201.112289,140.454971
151.889023,78.098877,205.299942,134.594452
155.468979,72.874901,209.713394,130.250275
155.850723,69.790771,210.788223,127.897026
157.275345,70.015335,212.227127,128.136902
157.148682,76.373375,211.591339,133.948792
153.906219,81.443695,207.494751,138.118408
152.236115,82.950287,205.454742,139.234558
150.277863,85.303268,202.860962,140.916718
150.610001,86.792038,202.452560,141.623016
148.260010,86.342072,199.531799,140.569366
148.416550,83.451813,199.199051,137.161591
149.628662,80.110397,200.516296,133.931473
150.170822,80.642021,200.664688,134.046173
150.324265,85.659134,200.247147,138.458694
148.491821,90.775215,197.610748,142.722595
146.702972,91.304085,195.972565,143.408142
145.806213,91.399948,194.905212,143.323196
145.070038,92.711868,193.571991,144.014206
143.937973,94.071373,192.524063,145.463013
141.998352,93.883385,190.222168,144.890564
138.183365,91.023567,186.368851,141.990082
134.407364,88.109055,182.023270,138.482727
133.125900,85.167755,180.972946,135.787003
134.456055,84.351402,181.778351,134.413132
132.829269,89.531265,179.457169,138.855194
132.252853,94.969734,178.038559,143.397690
133.246002,98.758133,178.485809,146.604584
134.552246,102.453629,179.751312,150.257568
136.681396,106.006874,181.807281,153.734467
139.576828,105.516960,185.234970,153.799957
140.868774,99.213768,187.113342,148.121429
144.361862,89.260582,192.007767,139.629196
147.401260,82.247536,196.141678,133.779053
152.085251,78.022499,201.490128,130.259155
155.926773,76.138123,205.956985,129.037628
157.131165,78.789200,206.954132,131.473343
158.666626,81.903427,208.362213,134.452560
160.623535,83.471092,210.071564,135.757812
162.574295,84.140953,211.808090,136.200562
163.821014,85.195869,212.214081,136.364319
164.075211,84.695869,211.908890,135.270691
163.901367,84.615646,211.227661,134.651382
163.960495,83.994873,211.238419,133.979218
162.514786,83.903114,209.040695,133.104126
161.575653,82.769173,207.477325,131.306122
160.720764,84.270531,206.540009,132.719666
156.811920,89.238342,202.240540,137.271378
153.160324,91.434509,198.563889,139.440872
150.053040,91.503059,195.135437,139.167313
146.428436,93.933212,191.487671,141.573303
141.851425,96.425537,187.031174,144.191391
137.728653,94.308060,183.469986,142.659912
137.779739,90.314178,183.879745,139.048080
138.964005,87.407707,185.457413,136.551743
139.920151,86.831596,186.753128,136.336868
139.795883,86.733376,186.540237,136.144363
140.287842,87.459503,186.675934,136.491470
139.055161,88.306671,185.123245,136.998199
139.959274,90.235374,186.185867,139.092148
141.204193,92.884613,187.650635,141.970596
141.788757,94.006439,188.749176,143.639206
143.529022,92.694130,191.143402,143.022598
146.390533,89.576874,194.787567,140.736908
148.327774,86.440681,197.624466,138.555466
151.165176,83.729149,201.356400,136.792145
155.511841,81.244804,206.519440,135.172195
160.458038,79.171402,212.119324,133.777618
164.522858,78.316208,216.656250,133.421768
166.727066,78.568665,219.328354,134.168610
168.104004,80.725197,220.567688,136.179749
169.257217,81.632553,221.885208,137.260712
169.951187,81.689667,222.313309,137.036911
170.257523,81.116402,222.330124,136.157745
168.819946,80.570168,220.302277,134.987839
167.560684,78.990555,218.747726,133.095917
167.220474,77.289383,217.603958,130.544830
169.416840,74.148087,219.010254,126.566986
171.646332,72.219109,220.664703,124.028450
170.930359,71.068123,219.330963,122.234993
168.795807,70.593590,216.918762,121.465813
164.308609,70.034172,212.587814,121.069023
162.244751,71.476021,210.603943,122.595757
158.545837,73.630402,206.863861,124.706451
154.750732,75.632591,203.026154,126.663429
150.759171,76.135422,198.972916,127.100800
148.680161,74.747528,196.616409,125.424088
146.656906,70.700958,194.631424,121.418167
144.867325,66.248497,192.483292,116.584755
142.978836,63.528584,190.487442,113.750755
142.954773,62.379868,190.492249,112.632721
140.329605,62.288696,188.165787,112.858932
140.983078,63.565598,188.867447,114.187027
140.751282,66.085388,189.088074,117.187500
140.430023,71.359863,188.885712,122.588165
141.039078,76.078598,189.535019,127.349609
141.700226,78.317505,190.533691,129.946701
141.938568,77.178123,191.304779,129.372681
143.278152,74.584259,193.625809,127.819130
143.065491,70.793846,194.497345,125.176712
142.349213,66.832413,194.757355,122.247902
143.560593,62.790260,197.047653,119.345749
143.383301,59.343781,197.390808,116.448616
143.617401,58.092354,198.037964,115.632767
141.895798,59.011402,196.195358,116.424225
140.180222,60.963234,193.991226,117.860847
138.722458,64.188759,191.883560,120.400383
137.888229,68.487389,190.593887,124.218269
137.333160,72.122772,189.738037,127.535858
137.455856,75.088211,189.146652,129.746811
138.646500,76.883522,189.558517,130.718430
137.684631,75.342178,187.957977,128.500839
138.638062,71.431564,188.532013,124.188522
139.110519,67.354042,188.444901,119.517876
138.504837,64.082306,187.218704,115.588409
137.668625,61.944275,185.531021,112.546768
137.400909,60.532444,184.680542,110.515762
136.689941,61.081215,183.332550,110.400970
138.300598,63.667336,184.533936,112.551712
140.420273,66.677620,186.170059,115.057861
142.291641,68.086044,187.957596,116.376976
142.046066,70.422173,187.557205,118.548172
140.907303,73.389702,186.469315,121.569885
137.676193,75.130104,183.322372,123.399933
134.674789,76.781914,180.371750,125.105820
131.201416,76.942589,177.088287,125.468796
127.337624,74.895523,173.296722,123.498665
125.803276,73.069206,171.670547,121.574539
123.269707,71.171669,169.159286,119.700760
120.606239,69.861176,166.610504,118.512444
117.518349,69.949387,163.404053,118.477043
117.735649,69.914047,163.403702,118.209862
118.564690,70.751701,164.284592,119.102737
120.556053,70.823868,166.151718,119.042564
124.403473,69.186882,170.143600,117.559448
128.603302,64.500046,174.603745,113.149895
132.625595,60.554577,178.775818,109.360573
133.255005,57.929337,179.593582,106.931702
133.824615,52.431488,180.356461,101.639450
139.691528,54.216427,185.990402,103.176537
144.996765,57.652512,191.693222,107.027115
147.494003,61.544491,194.193329,110.922142
152.331680,63.020912,199.166626,112.542854
156.509872,65.142166,203.524963,114.855759
158.438660,64.554306,205.647110,114.469299
161.233673,65.015778,208.567459,115.061325
162.351746,65.834946,209.821304,116.024750
163.747406,68.812302,211.155624,118.936935
166.316208,72.244644,214.106140,122.774857
167.594910,74.206139,215.831711,125.211159
169.079178,75.417152,217.959381,127.104973
169.715622,75.857185,219.374115,128.370941
169.177032,76.593910,219.714462,130.039337
166.374832,75.618767,217.986206,130.201309
160.744522,73.469170,213.215118,128.960510
156.548782,74.622513,209.963379,131.111298
151.528214,73.868263,205.802979,131.265015
146.634949,73.357124,201.731323,131.620300
140.561340,71.985367,196.600708,131.242065
138.475586,70.627640,195.398376,130.814270
135.661392,69.685219,193.507462,130.859909
132.749039,68.851364,191.551834,131.048752
132.965149,69.916901,192.583130,132.984726
134.726929,73.507263,195.040070,137.316574
136.403366,76.377441,197.403885,140.907944
140.803665,78.159233,202.606216,143.530594
145.104706,79.225029,207.150391,144.855209
149.911224,79.201721,212.574280,145.478653
155.328552,79.112709,218.280884,145.697281
160.483231,78.253822,223.421127,144.823029
164.335815,78.571014,226.893951,144.736359
167.747330,77.937180,229.561050,143.310852
170.809433,77.161423,231.600754,141.446747
173.538193,77.727409,233.398056,141.020172
174.203110,80.774147,232.949661,142.879379
172.199539,83.438293,229.974716,144.506287
171.779388,86.320953,228.476807,146.236847
170.314514,88.957626,225.848206,147.648529
169.378220,89.720161,224.064987,147.518753
169.240829,90.577194,223.219711,147.629288
169.760971,90.382217,223.171768,146.824142
170.527191,89.879776,223.607452,145.972794
171.580475,88.681931,224.325684,144.421295
174.790268,87.823753,227.543320,143.571411
176.993607,87.718887,229.815231,143.539001
177.906799,87.760468,230.903809,143.765915
180.833771,89.823074,234.133270,146.153839
180.464676,91.407639,234.427048,148.438095
180.641586,92.351204,235.544418,150.391785
180.289154,92.213463,235.973907,151.092834
178.702805,91.653885,235.149979,151.336517
174.186172,88.733887,231.369980,149.191910
170.581024,83.637466,228.729645,145.110199
168.936508,80.498032,227.675095,142.590744
166.328903,77.231979,225.460129,139.743958
165.350388,74.187057,224.393387,136.606415
163.288116,71.101776,221.997284,133.170593
163.646072,69.356064,222.446121,131.521927
163.514084,69.756577,222.461319,132.079620
163.573975,73.534805,222.697601,136.046204
162.168716,80.509705,221.421890,143.157120
162.541092,86.771431,221.698990,149.318817
164.557968,89.889191,224.025497,152.761673
166.388672,89.037582,226.174133,152.243896
168.370102,85.183472,228.795914,149.072830
170.285568,79.032990,231.583908,143.837799
171.479828,73.800629,233.030090,138.869537
173.719971,70.667717,235.435242,135.912277
173.800140,68.657646,235.472778,133.856827
173.299286,66.492462,234.548096,131.240463
172.186752,66.225327,232.731430,130.235107
171.249374,69.810928,231.204666,133.192673
170.195587,73.124847,229.601562,135.920654
169.801300,76.415878,228.838623,138.824600
169.327530,77.528473,228.364517,139.936829
164.916290,77.514999,223.955902,139.926117
158.741379,75.909546,217.793900,138.334213
152.975494,74.389236,211.955444,136.737717
147.513626,71.878006,206.489059,134.221664
142.108170,66.597504,201.471268,129.355103
133.305588,61.914860,193.034439,125.056488
128.404984,60.298763,188.324142,123.643394
124.278824,60.039608,184.242264,123.431465
122.607201,61.666748,183.044830,125.564407
120.152443,65.974983,180.708481,129.996872
119.818237,71.923363,180.653427,136.242706
118.951782,76.871399,180.049728,141.470734
119.434280,78.678757,180.907898,143.671936
121.898468,77.621254,183.751938,143.012680
127.555191,78.495148,189.929535,144.441055
132.799179,77.917389,195.478180,144.182449
138.203461,75.800529,201.151688,142.351929
146.220978,74.211388,209.235977,140.833771
147.257812,73.740379,210.163620,140.248444
146.541229,73.001312,209.265488,139.316299
142.920471,72.085220,205.765366,138.528503
138.167267,72.405823,201.318771,139.175186
132.179306,72.556076,195.754852,139.769348
125.378830,73.827431,189.382843,141.495926
117.023621,73.850586,181.798080,142.325089
108.905197,72.226677,174.393250,141.458679
101.819328,68.625465,167.832443,138.414337
94.734352,62.982128,161.448303,133.503220
87.993248,57.272209,154.864700,127.960190
83.018715,53.962170,149.465546,124.200180
82.490791,53.339058,148.843658,123.477501
81.380417,54.767166,147.804733,124.981323
80.840149,60.709667,147.130371,130.781738
79.190010,67.673882,145.331024,137.587845
77.216675,72.849716,143.051361,142.443619
73.984032,76.507378,139.540665,145.806381
67.978256,78.093452,133.422226,147.272964
61.655499,77.229805,126.854912,146.149948
55.732674,75.513618,120.788544,144.283707
50.406158,71.344048,114.931938,139.559937
51.368572,67.598518,115.546654,135.445312
51.805199,63.517918,115.786919,131.159286
54.606812,63.408588,118.066727,130.495544
59.728371,64.109505,122.524666,130.491348
65.035301,68.377296,127.016487,133.892288
67.492310,72.312523,128.744766,137.051758
68.673851,75.314774,129.382263,139.483643
73.420242,77.284180,133.526825,140.811768
77.507851,79.841415,136.934509,142.655655
82.078186,80.430260,141.250290,142.977234
86.914246,77.526993,145.914352,139.893372
91.375595,72.790031,150.486572,135.272812
95.559265,64.308212,155.267990,127.418633
103.623009,57.021088,163.764877,120.593529
112.282906,52.295929,172.924286,116.392433
119.647713,52.819195,180.487701,117.127327
124.308357,57.439835,185.413086,122.030060
125.514114,60.700848,186.802231,125.483337
127.560753,62.929562,189.067093,127.940826
128.861969,63.631649,190.779327,129.080414
130.470596,65.278152,193.110397,131.495956
129.769165,65.261688,193.366211,132.497528
128.486145,63.529541,192.771149,131.496323
130.206238,61.364422,194.878143,129.735962
130.773972,59.493412,195.508774,127.931709
129.747192,56.724937,194.545746,125.230911
131.188324,56.398514,196.193420,125.123726
130.002930,58.335243,194.990234,127.041870
130.084015,59.256050,195.171661,128.069183
130.156372,60.883244,195.375427,129.833771
129.317200,61.148746,194.753296,130.326172
129.793579,61.551407,195.147064,130.641220
130.201706,61.684174,195.377823,130.585876
132.760178,60.764679,197.351028,129.054504
135.115677,56.890827,199.201614,124.644676
138.555374,52.214275,202.214401,119.521500
143.967224,49.712738,206.985901,116.339577
147.755066,49.660717,210.159546,115.644577
150.536179,55.842728,212.247757,121.100700
150.690933,63.440483,211.829849,128.088837
149.338043,69.805397,210.050323,134.006454
149.689636,74.466209,209.904175,138.136871
148.865143,76.236473,208.694336,139.502838
145.525696,72.482613,204.952942,135.320236
145.104752,66.630394,204.012222,128.922241
149.716461,61.688034,207.869537,123.174355
155.822968,58.600697,213.306732,119.383659
161.059341,60.932751,217.642990,120.769028
161.409073,63.795609,216.719223,122.291351
161.589905,68.593346,215.642548,125.764198
157.677094,71.542000,210.615509,127.537872
150.917191,73.783730,202.877487,128.746124
145.405701,73.573967,196.519867,127.641426
139.500671,73.424713,189.971466,126.811691
131.542480,68.880684,181.546875,121.773811
127.293610,64.740944,177.239014,117.572762
125.789703,59.019020,175.874695,111.998802
128.787872,57.293247,179.074280,110.482353
129.700394,59.307945,180.167587,112.688461
128.980270,61.513512,179.642227,115.100250
129.112106,64.262787,179.850479,117.930428
129.446045,66.847244,179.976471,120.294701
128.105728,67.561745,178.517227,120.883270
125.516869,68.870209,175.725266,121.976677
123.061211,69.562454,173.108994,122.498863
120.387634,66.955673,170.244110,119.693275
123.589035,63.477463,173.471664,116.242790
127.001717,61.588207,176.821869,114.287300
130.352371,60.364410,180.312210,113.211571
139.941467,64.780304,189.910919,117.637657
144.467438,68.035568,194.602692,121.068687
150.263168,68.150620,200.533066,121.326302
158.088455,65.425392,208.648270,118.908051
162.461609,63.577633,213.190186,117.238976
165.994507,61.568928,216.662384,115.166000
168.035080,61.006157,218.077530,113.941010
170.147736,60.441929,219.414185,112.570358
170.264740,56.867828,218.786713,108.207115
171.879211,53.883823,219.721893,104.502235
172.811951,52.610909,219.955444,102.486443
171.738281,52.562683,218.181488,101.708740
173.000000,56.000000,203.000000,88.000000
176.042221,63.310165,205.726730,94.974319
172.000000,68.000000,224.000000,123.000000
173.000000,74.000000,203.000000,106.000000
168.230637,76.339157,198.320511,108.434845
161.517487,75.981071,191.695984,108.171104
155.686447,72.430275,186.030594,104.796638
154.644943,68.485870,185.148331,101.021744
158.712296,63.138988,189.255661,95.717407
160.167847,62.593414,190.615540,95.069992
160.979263,64.785439,191.211746,97.032936
162.000000,74.000000,198.000000,112.000000
163.320480,78.421066,198.518570,115.575806
163.902039,81.462662,198.292480,117.764877
163.136032,83.458183,197.146591,119.358803
163.755051,86.353264,196.987198,121.453209
164.312820,88.353172,196.748093,122.609367
166.394119,88.645172,198.344131,122.386688
168.195251,83.986572,199.894379,117.461517
167.407532,80.052010,198.911163,113.319252
170.885681,79.438919,202.235260,112.542496
173.415573,82.915222,204.602219,115.845673
172.787094,87.266235,203.310776,119.513016
170.485748,90.464928,200.433167,122.098274
166.862915,92.464798,196.674133,123.952850
162.879440,93.114891,192.523819,124.424980
161.028915,92.420341,190.229263,123.256798
160.354660,91.229523,188.999283,121.491730
157.471222,88.760002,185.679535,118.555824
153.959595,86.838638,181.499298,115.942780
148.950302,84.947594,176.149826,113.687248
146.538864,84.173706,173.490067,112.656189
142.846039,79.408882,170.267303,108.396233
141.481628,72.897346,169.177063,102.168678
139.554764,72.523048,167.568008,102.134880
136.851257,76.753761,164.742523,106.239418
137.136887,79.168991,164.862839,108.477539
137.103897,80.129066,165.007889,109.628380
134.401398,83.451118,162.637207,113.305946
132.636826,85.549881,160.828262,115.358826
131.788361,86.159294,159.678223,115.656273
129.904373,85.905151,157.680283,115.280029
133.056091,84.622093,160.947235,114.120445
139.065475,84.876152,166.985367,114.405296
145.348892,85.452652,173.298141,115.013260
152.291245,85.907867,180.020035,115.232269
157.583847,85.665871,185.322922,115.001305
160.982162,85.268066,188.724991,114.607529
162.744614,87.087181,190.239853,116.161369
161.688782,89.475800,188.462708,117.777161
162.929657,88.866234,189.153595,116.576881
166.834106,86.288727,192.501709,113.422424
165.270233,85.451950,190.620209,112.243576
164.647400,85.429726,189.028168,111.214867
159.352371,83.275795,183.335922,108.647820
154.547363,80.741982,176.321472,103.720436
156.833298,81.730560,177.178909,103.215591
154.924881,85.593307,173.689041,105.421585
153.972275,88.470200,171.554062,107.053879
153.057236,91.197456,169.884781,108.985008
151.759216,92.254105,167.736969,109.141876
156.916641,93.885170,172.351242,110.195839
159.362961,94.967445,174.270218,110.717812
161.744843,95.436211,176.179932,110.682945
162.952713,96.707901,177.461105,112.032822
165.103271,97.265411,179.509064,112.480881
164.213943,96.555298,178.745285,111.904678
164.783615,96.491264,179.517258,112.056419
163.657654,96.344322,178.639191,112.173897
154.816055,94.366440,170.923447,111.396912
148.988953,92.524956,165.486023,109.968025
143.971786,91.040222,161.822861,109.916931
141.999146,91.070145,160.191132,110.306717
138.757156,89.647194,157.466721,109.428596
138.043335,89.486519,157.253143,109.794502
136.234436,87.950844,156.198303,109.050591
135.941452,87.241608,156.972702,109.515472
136.912735,84.444138,158.930740,107.749603
139.626526,82.986183,162.264618,106.938713
141.223740,81.167229,164.647171,105.939232
143.184540,80.726555,167.084717,105.995171
145.501160,80.115585,170.012177,106.045929
146.334930,79.698029,171.330383,106.132187
145.624252,80.355301,171.090561,107.297989
141.770111,80.054153,167.715057,107.493896
141.587952,78.338310,167.999420,106.280464
141.616791,76.538803,168.529419,105.000687
142.049088,75.593948,169.398544,104.525009
142.389496,74.412071,170.337555,103.963112
143.851913,73.225494,172.276474,103.287064
143.397247,71.678421,172.329620,102.282822
146.648880,70.035835,176.156265,101.254921
147.832428,68.268654,178.037170,100.231575
148.428375,66.904297,179.091309,99.340195
142.202835,63.807579,173.568649,96.991707
141.939438,63.009960,173.824753,96.746056
140.278915,64.366188,172.479660,98.437408
135.252518,65.114326,168.183640,99.960175
134.204269,67.628899,167.620438,102.989197
130.255432,66.038933,164.260193,102.022461
133.202820,66.993279,167.771179,103.556503
133.592972,64.364288,168.990677,101.804268
139.606216,62.397713,175.666336,100.536911
142.752930,57.759144,179.698242,96.831383
146.235260,54.950901,183.759155,94.648643
151.307724,55.270924,189.403458,95.570610
156.041351,57.232067,194.485413,97.897934
157.829254,58.742760,196.393311,99.534790
162.171463,59.478722,200.781631,100.319229
164.838470,58.182072,203.426666,98.999474
164.223892,53.852592,202.801620,94.658981
165.444977,50.723461,204.080902,91.591049
168.293442,49.147335,206.762650,89.839645
172.351669,49.437500,210.787125,90.094330
169.926544,53.169308,207.997864,93.443336
169.517868,59.357101,207.155380,99.175079
166.301239,64.055107,203.809052,103.736549
159.291199,67.342216,196.534607,106.745354
152.053040,69.229843,189.467773,108.813324
145.647354,69.720734,183.162643,109.410049
137.979782,67.471817,175.591629,107.262772
137.918091,68.294739,175.792175,108.361755
135.157867,65.962852,173.160400,106.168449
133.765518,61.540394,172.201065,102.201218
136.862823,62.351639,175.517517,103.242851
139.546066,64.109444,178.363937,105.172211
142.627319,64.736824,181.597748,105.963867
147.009338,67.203651,186.123383,108.585342
148.970245,70.033531,188.357086,111.701660
151.739182,73.541031,191.202164,115.289108
156.054672,76.547104,195.933182,118.731491
158.201752,77.736046,198.567108,120.443794
160.290985,75.137955,201.315796,118.537338
164.727737,65.993134,209.572189,113.394058
163.923462,63.984344,209.339996,111.995499
160.701797,56.326000,206.462082,104.703323
160.257858,51.363003,206.066910,99.792267
160.282196,47.029964,206.060791,95.426788
155.893646,41.401211,201.641357,89.765137
154.436768,44.109634,199.813141,92.078003
149.394043,48.440575,194.223267,95.837990
144.367111,50.689556,188.779861,97.642738
141.600510,50.960262,185.600418,97.482262
141.560425,52.077740,185.032806,98.036247
141.901093,52.618862,184.626831,97.796776
140.299866,54.019726,182.365906,98.491920
138.795700,54.901375,180.042099,98.515793
137.794907,54.697781,178.327530,97.564438
139.943481,52.530785,179.968170,94.864738
142.731400,53.877281,182.400772,95.838585
144.333496,57.412754,183.802826,99.164001
146.108337,62.118988,185.515717,103.805191
146.130081,66.786278,185.770889,108.717583
145.144913,70.307846,184.924088,112.384430
146.110703,73.050583,186.030777,115.278641
142.775238,72.139977,182.977997,114.671898
144.019928,65.688019,184.467010,108.476181
146.572739,56.702843,187.720657,100.226036
150.187286,51.142624,191.975464,95.336578
152.669678,54.161354,194.660370,98.572273
154.564682,58.801495,196.729935,103.399437
154.349564,63.661118,196.760391,108.516045
152.682465,65.568130,195.234375,110.570686
151.136536,67.117058,193.816589,112.256699
150.430862,68.601051,192.965103,113.584702
149.625732,69.757500,191.769867,114.332916
150.045868,67.519897,191.771393,111.657249
152.372559,67.507126,193.612732,111.124443
152.862503,68.106339,193.553635,111.148476
147.722824,66.534607,187.955124,109.084358
143.358582,67.448372,183.260742,109.651871
140.840942,68.501610,180.363403,110.296921
136.360291,68.369972,175.700256,109.973648
130.140335,67.498138,169.321304,108.934883
125.733322,66.231415,164.764862,107.511253
120.531281,65.324867,159.776230,106.828781
116.265900,65.242363,155.845474,107.097626
119.461708,64.480103,159.107635,106.405037
120.726318,62.005383,160.455521,104.017761
121.964554,57.162830,161.900269,99.397209
126.020844,57.603039,166.169846,100.066696
128.814102,62.088749,168.848877,104.432610
131.907135,68.415916,171.289871,110.075928
136.011032,73.482933,174.917114,114.642456
142.585876,74.716072,181.099380,115.452805
149.771027,72.158783,187.840958,112.429207
154.411636,68.089546,192.294220,108.163010
157.498657,63.235634,195.539719,103.480087
160.942612,59.966549,198.844421,100.064621
163.605408,57.141804,201.489609,97.220879
165.245728,56.090950,203.232803,96.281021
164.000000,53.000000,194.000000,85.000000
163.109726,54.111614,193.025558,86.022003
162.761612,55.915359,192.709579,87.860031
162.360321,58.453285,192.255249,90.341362
158.061691,60.804874,188.061142,92.804443
155.164871,61.966171,185.225082,94.030563
155.073944,61.554291,185.716248,94.238327
151.789932,61.192711,182.129959,93.554970
152.115021,58.266399,182.706940,90.896812
151.748932,56.007133,182.670685,88.988670
151.371002,55.426685,182.698792,88.840469
150.977936,56.468269,182.566986,90.159653
150.786484,56.671009,182.601639,90.602623
150.584442,57.653122,182.661041,91.862511
152.903183,58.581505,185.004288,92.816879
155.664749,59.914635,187.584885,93.958084
156.085770,60.216515,187.838211,94.076553
155.493240,61.439400,186.908371,94.941040
157.605164,63.074673,188.691437,96.226898
155.977509,65.874275,186.506622,98.434532
151.495209,71.015732,181.571777,103.094254
151.662460,75.756790,181.598404,107.685608
153.107941,79.047554,183.060638,110.994240
153.156738,82.761612,183.005310,114.597244
150.401199,84.658722,180.229050,116.472260
146.886902,82.976639,177.002045,115.096619
147.263916,80.389435,177.673584,112.822952
149.098740,78.914581,179.693649,111.545303
146.270416,76.575203,176.883972,109.225777
147.873413,72.776604,178.374725,105.307686
150.553284,71.730751,181.101013,104.311256
153.433334,72.087860,183.837631,104.515686
157.302643,72.861305,187.505524,105.074715
160.621567,73.759613,190.563919,105.695709
162.203583,74.157013,191.932007,105.864914
165.259171,74.301933,194.905685,105.922462
167.455139,73.121056,196.955322,104.585503
167.961929,68.695984,197.426041,100.121948
167.301575,66.864563,196.809479,98.337234
164.002869,64.870972,193.397125,96.222427
159.863968,62.300148,189.184555,93.573021
155.273239,63.025703,184.723190,94.436546
149.745209,66.343674,179.068939,97.619873
144.798401,68.996391,174.172729,100.326576
140.082642,70.444962,169.518005,101.840240
136.805771,72.501366,166.292923,103.951881
131.956635,73.605736,161.634430,105.259605
127.641457,74.053909,157.420776,105.816071
127.522118,73.908920,157.393021,105.768768
124.270073,71.169159,154.342178,103.243637
125.150375,66.904411,155.181946,98.935738
127.774010,65.673607,157.775101,97.672493
130.242035,67.510757,159.868073,99.122467
132.453583,72.030525,161.770538,103.312538
136.487198,76.690804,165.305435,107.440834
142.423065,82.309402,170.720428,112.502625
147.496490,85.809387,175.337708,115.514999
153.405289,85.928215,180.930008,115.294731
156.660324,84.031128,184.029251,113.230713
162.966507,80.962494,190.378464,110.208160
170.083572,78.612808,197.508041,107.871887
173.513885,79.521103,201.078461,108.930298
176.505005,82.200867,204.166229,111.713608
178.725189,86.293640,206.525970,115.955902
179.159027,89.128975,206.929321,118.758568
176.703064,90.286499,204.511597,119.957062
172.961029,89.335114,200.665497,118.894165
168.534744,87.326584,196.136337,116.775406
166.819244,84.794304,194.429504,114.252403
165.042664,84.707809,192.626038,114.137085
161.577057,85.148109,189.258118,114.682030
160.264130,84.405144,188.163116,114.172554
161.127045,83.586784,189.288055,113.634941
159.408188,83.688507,187.864090,114.051880
157.321976,84.661217,186.040665,115.305504
154.794205,85.195381,183.638748,115.974190
152.057083,84.905113,181.126602,115.924416
151.231857,84.518677,180.415146,115.659348
150.766312,84.641586,180.112350,115.955872
150.407257,84.523788,179.846741,115.937759
150.620453,82.690918,180.117920,114.166733
152.440781,80.701820,182.140671,112.393562
154.480957,79.592125,184.333069,111.446251
157.614609,78.869713,187.631882,110.900017
162.860641,80.631485,193.057968,112.853455
168.078537,83.063980,198.402084,115.420303
171.638184,86.074921,202.196381,118.681030
173.710510,88.361885,204.515198,121.230385
175.559753,89.831482,206.707733,123.065445
177.191544,89.686447,208.678177,123.280228
179.457962,87.854454,211.168076,121.685692
180.151596,85.182556,212.189072,119.361618
179.880234,83.833794,211.777390,117.864021
179.951157,83.180092,211.655777,116.999748
178.923050,82.626656,210.546127,116.359657
180.080490,81.648048,211.592178,115.262688
180.408539,77.548576,211.960510,111.206001
184.087433,74.650169,215.618988,108.285912
186.736038,75.737900,218.520279,109.642105
186.082504,78.926376,217.719345,112.673981
187.086945,82.036827,218.925903,115.999184
189.759750,84.615158,221.398056,118.364334
188.880951,86.150932,220.458160,119.835197
186.903641,85.908623,218.295059,119.395470
184.698700,85.549919,216.316925,119.277733
181.715988,84.247162,213.391037,118.035355
178.343658,82.949158,210.013306,116.731613
172.817688,80.914360,204.625580,114.843681
170.466675,80.433029,202.415771,114.512375
170.604996,82.117081,202.445786,116.077957
169.671066,82.691887,201.113266,116.229256
167.959351,82.963943,199.488831,116.594040
166.853943,81.400955,198.635529,115.298904
162.701416,78.368324,195.009033,112.825172
159.290222,74.625687,191.702881,109.193939
158.718613,70.808907,191.115982,105.360954
158.251434,68.236740,190.479004,102.608704
154.297821,66.453522,186.258392,100.542313
160.878784,65.864799,192.607910,99.700447
164.370132,67.558968,195.789719,101.065727
168.841537,70.616295,200.231461,104.091545
172.816559,73.913780,204.002991,107.172813
174.146469,74.786217,205.215073,107.920067
177.395630,74.612022,208.319458,107.592049
179.654526,74.403786,210.544235,107.347496
178.807236,74.055191,209.563095,106.856400
175.671295,73.458969,206.171967,105.988525
173.590851,71.165344,204.082825,103.685638
174.088165,68.898804,204.511749,101.346283
171.640671,69.500229,201.946732,101.822601
168.353638,72.155373,198.605927,104.420509
167.692688,75.863693,197.980835,108.166992
165.673233,79.378395,195.878799,111.593773
163.331589,80.813835,193.622269,113.119804
158.083267,79.088470,188.456009,111.481781
152.065643,77.155006,182.400604,109.508095
150.280823,75.267715,180.509308,107.507462
147.063675,73.506065,177.342606,105.799492
144.008118,72.354141,174.293427,104.654373
142.882294,71.629784,173.144012,103.904884
140.021362,72.142227,170.078064,104.199066
139.092926,72.789963,168.973145,104.658951
139.465652,75.355919,169.065292,106.925636
141.016830,76.202713,170.437851,107.581909
144.468033,76.060036,173.705032,107.242928
148.839493,75.639130,178.037277,106.780182
153.965927,76.206169,183.034622,107.209526
159.229752,76.171974,188.195755,107.065788
163.837662,74.832916,192.588974,105.497238
165.909164,74.365730,194.384628,104.735191
169.283951,72.871635,197.573105,103.041939
171.358688,73.566727,199.548538,103.630890
172.987686,76.458824,200.975174,106.306664
172.878479,80.501244,200.655823,110.123909
172.208618,84.059029,199.755798,113.435097
170.319122,86.969109,197.748840,116.219337
168.316391,89.295380,195.633774,118.425247
166.733688,90.507652,193.958481,119.538307
164.057739,90.356247,191.282928,119.387344
159.456650,86.752190,186.643326,115.742027
159.046402,82.543747,186.360733,111.665787
154.415436,80.476883,181.991821,109.879684
151.502365,81.030678,179.051102,110.403862
146.506531,84.389290,174.075958,113.784645
144.309845,85.942184,172.036804,115.506332
143.555527,85.591331,171.582535,115.476982
142.320435,83.272118,170.607208,113.426491
139.912750,82.708275,168.487671,113.170677
139.130600,82.205849,168.038254,113.023918
137.100174,81.871857,166.215775,112.912201
134.150620,80.996292,163.485428,112.270477
131.861969,80.759605,161.231567,112.070900
129.422150,80.075470,158.739197,111.330704
126.294754,78.143280,155.543411,109.325562
