162.000000,92.000000,214.000000,147.000000
161.637009,92.568916,213.444412,147.365433
159.495880,95.575546,211.183441,150.245300
156.423462,98.659500,207.656799,152.848816
153.854996,99.548698,204.164474,152.760849
151.162308,98.702911,200.515701,150.902740
149.725922,94.843399,198.760803,146.705612
149.122894,90.551659,197.116516,141.330963
148.457504,88.086075,195.521622,137.877777
147.935394,87.619331,195.309326,137.733749
144.670837,87.553612,191.983704,137.603149
138.260590,87.310333,186.143951,137.966034
132.849625,89.994537,180.955032,140.886169
126.909988,92.073250,175.161606,143.117050
123.306152,91.461082,171.728760,142.686340
122.418823,88.615898,171.348999,140.379791
122.462326,85.681557,171.797867,137.875626
124.751488,84.504601,174.636246,137.280823
127.498451,85.257317,177.488892,138.145569
129.817230,86.025528,179.803101,138.908920
131.779785,89.320984,181.676758,142.110153
131.419922,92.192924,181.455902,145.129425
131.335770,93.301971,181.379959,146.246994
132.472168,93.821236,182.569733,146.821732
132.951782,95.493019,182.655273,148.076248
134.285995,97.206535,183.229172,148.983841
133.778946,95.638588,183.009720,147.721100
135.690720,91.208549,184.726456,143.084305
138.649170,86.167702,187.229309,137.569641
143.656448,80.459412,193.039871,132.713806
148.413971,77.687920,197.194763,129.303528
151.834213,76.099800,201.091446,128.221008
155.941849,75.153900,205.506699,127.601173
159.901489,74.900772,209.468048,127.349846
162.737106,77.403755,211.894608,129.419205
164.082184,80.688301,212.697205,132.128708
163.342758,81.996727,211.122299,132.550491
161.991959,80.611511,209.839157,131.237152
159.655365,77.249069,207.906158,128.303528
155.685608,74.424965,204.489197,126.066078
152.181305,72.595512,201.507263,124.790977
148.550674,73.968094,198.015915,126.311203
141.637619,78.251366,191.708084,131.236023
134.935364,82.279366,185.312195,135.582413
129.849930,84.065018,180.865616,138.044479
125.718102,83.129791,177.686096,138.098190
122.699539,82.852806,175.224274,138.410065
121.054314,83.099419,173.966064,139.065613
119.401878,83.308968,172.160217,139.113083
119.116173,81.238831,172.198151,137.384903
120.086327,75.648323,172.879150,131.489182
122.007339,71.640152,174.879150,127.564476
125.224541,70.357513,178.624481,126.839851
128.778503,72.554375,181.577240,128.402115
130.319565,77.003891,182.841721,132.559402
132.583069,82.743668,184.669403,137.838684
136.081696,87.531136,187.674194,142.104370
139.543396,91.006714,191.284393,145.737015
142.126633,92.518745,193.634079,147.002045
144.667755,90.183022,196.438843,144.945190
148.654465,84.966446,201.112289,140.454971
151.889023,78.098877,205.299942,134.594452
155.468979,72.874901,209.713394,130.250275
155.850723,69.790771,210.788223,127.897026
157.275345,70.015335,212.227127,128.136902
157.148682,76.373375,211.591339,133.948792
153.906219,81.443695,207.494751,138.118408
152.236115,82.950287,205.454742,139.234558
150.277863,85.303268,202.860962,140.916718
150.610001,86.792038,202.452560,141.623016
148.260010,86.342072,199.531799,140.569366
148.416550,83.451813,199.199051,137.161591
149.628662,80.110397,200.516296,133.931473
150.170822,80.642021,200.664688,134.046173
150.324265,85.659134,200.247147,138.458694
148.491821,90.775215,197.610748,142.722595
146.702972,91.304085,195.972565,143.408142
145.806213,91.399948,194.905212,143.323196
145.070038,92.711868,193.571991,144.014206
143.937973,94.071373,192.524063,145.463013
141.998352,93.883385,190.222168,144.890564
138.183365,91.023567,186.368851,141.990082
134.407364,88.109055,182.023270,138.482727
133.125900,85.167755,180.972946,135.787003
134.456055,84.351402,181.778351,134.413132
132.829269,89.531265,179.457169,138.855194
132.252853,94.969734,178.038559,143.397690
133.246002,98.758133,178.485809,146.604584
134.552246,102.453629,179.751312,150.257568
136.681396,106.006874,181.807281,153.734467
139.576828,105.516960,185.234970,153.799957
140.868774,99.213768,187.113342,148.121429
144.361862,89.260582,192.007767,139.629196
147.401260,82.247536,196.141678,133.779053
152.085251,78.022499,201.490128,130.259155
155.926773,76.138123,205.956985,129.037628
157.131165,78.789200,206.954132,131.473343
158.666626,81.903427,208.362213,134.452560
160.623535,83.471092,210.071564,135.757812
162.574295,84.140953,211.808090,136.200562
163.821014,85.195869,212.214081,136.364319
164.075211,84.695869,211.908890,135.270691
163.901367,84.615646,211.227661,134.651382
163.960495,83.994873,211.238419,133.979218
162.514786,83.903114,209.040695,133.104126
161.575653,82.769173,207.477325,131.306122
160.720764,84.270531,206.540009,132.719666
156.811920,89.238342,202.240540,137.271378
153.160324,91.434509,198.563889,139.440872
150.053040,91.503059,195.135437,139.167313
146.428436,93.933212,191.487671,141.573303
141.851425,96.425537,187.031174,144.191391
137.728653,94.308060,183.469986,142.659912
137.779739,90.314178,183.879745,139.048080
138.964005,87.407707,185.457413,136.551743
139.920151,86.831596,186.753128,136.336868
139.795883,86.733376,186.540237,136.144363
140.287842,87.459503,186.675934,136.491470
139.055161,88.306671,185.123245,136.998199
139.959274,90.235374,186.185867,139.092148
141.204193,92.884613,187.650635,141.970596
141.788757,94.006439,188.749176,143.639206
143.529022,92.694130,191.143402,143.022598
146.390533,89.576874,194.787567,140.736908
148.327774,86.440681,197.624466,138.555466
151.165176,83.729149,201.356400,136.792145
155.511841,81.244804,206.519440,135.172195
160.458038,79.171402,212.119324,133.777618
164.522858,78.316208,216.656250,133.421768
166.727066,78.568665,219.328354,134.168610
168.104004,80.725197,220.567688,136.179749
169.257217,81.632553,221.885208,137.260712
169.951187,81.689667,222.313309,137.036911
170.257523,81.116402,222.330124,136.157745
168.819946,80.570168,220.302277,134.987839
167.560684,78.990555,218.747726,133.095917
167.220474,77.289383,217.603958,130.544830
169.416840,74.148087,219.010254,126.566986
171.646332,72.219109,220.664703,124.028450
170.930359,71.068123,219.330963,122.234993
168.795807,70.593590,216.918762,121.465813
164.308609,70.034172,212.587814,121.069023
162.244751,71.476021,210.603943,122.595757
158.545837,73.630402,206.863861,124.706451
154.750732,75.632591,203.026154,126.663429
150.759171,76.135422,198.972916,127.100800
148.680161,74.747528,196.616409,125.424088
146.656906,70.700958,194.631424,121.418167
144.867325,66.248497,192.483292,116.584755
142.978836,63.528584,190.487442,113.750755
142.954773,62.379868,190.492249,112.632721
140.329605,62.288696,188.165787,112.858932
140.983078,63.565598,188.867447,114.187027
140.751282,66.085388,189.088074,117.187500
140.430023,71.359863,188.885712,122.588165
141.039078,76.078598,189.535019,127.349609
141.700226,78.317505,190.533691,129.946701
141.938568,77.178123,191.304779,129.372681
143.278152,74.584259,193.625809,127.819130
143.065491,70.793846,194.497345,125.176712
142.349213,66.832413,194.757355,122.247902
143.560593,62.790260,197.047653,119.345749
143.383301,59.343781,197.390808,116.448616
143.617401,58.092354,198.037964,115.632767
141.895798,59.011402,196.195358,116.424225
140.180222,60.963234,193.991226,117.860847
138.722458,64.188759,191.883560,120.400383
137.888229,68.487389,190.593887,124.218269
137.333160,72.122772,189.738037,127.535858
137.455856,75.088211,189.146652,129.746811
138.646500,76.883522,189.558517,130.718430
137.684631,75.342178,187.957977,128.500839
138.638062,71.431564,188.532013,124.188522
139.110519,67.354042,188.444901,119.517876
138.504837,64.082306,187.218704,115.588409
137.668625,61.944275,185.531021,112.546768
137.400909,60.532444,184.680542,110.515762
136.689941,61.081215,183.332550,110.400970
138.300598,63.667336,184.533936,112.551712
140.420273,66.677620,186.170059,115.057861
142.291641,68.086044,187.957596,116.376976
142.046066,70.422173,187.557205,118.548172
140.907303,73.389702,186.469315,121.569885
137.676193,75.130104,183.322372,123.399933
134.674789,76.781914,180.371750,125.105820
131.201416,76.942589,177.088287,125.468796
127.337624,74.895523,173.296722,123.498665
125.803276,73.069206,171.670547,121.574539
123.269707,71.171669,169.159286,119.700760
120.606239,69.861176,166.610504,118.512444
117.518349,69.949387,163.404053,118.477043
117.735649,69.914047,163.403702,118.209862
118.564690,70.751701,164.284592,119.102737
120.556053,70.823868,166.151718,119.042564
124.403473,69.186882,170.143600,117.559448
128.603302,64.500046,174.603745,113.149895
132.625595,60.554577,178.775818,109.360573
133.255005,57.929337,179.593582,106.931702
133.824615,52.431488,180.356461,101.639450
139.691528,54.216427,185.990402,103.176537
144.996765,57.652512,191.693222,107.027115
147.494003,61.544491,194.193329,110.922142
152.331680,63.020912,199.166626,112.542854
156.509872,65.142166,203.524963,114.855759
158.438660,64.554306,205.647110,114.469299
161.233673,65.015778,208.567459,115.061325
162.351746,65.834946,209.821304,116.024750
163.747406,68.812302,211.155624,118.936935
166.316208,72.244644,214.106140,122.774857
167.594910,74.206139,215.831711,125.211159
169.079178,75.417152,217.959381,127.104973
169.715622,75.857185,219.374115,128.370941
169.177032,76.593910,219.714462,130.039337
166.374832,75.618767,217.986206,130.201309
160.744522,73.469170,213.215118,128.960510
156.548782,74.622513,209.963379,131.111298
151.528214,73.868263,205.802979,131.265015
146.634949,73.357124,201.731323,131.620300
140.561340,71.985367,196.600708,131.242065
138.475586,70.627640,195.398376,130.814270
135.661392,69.685219,193.507462,130.859909
132.749039,68.851364,191.551834,131.048752
132.965149,69.916901,192.583130,132.984726
134.726929,73.507263,195.040070,137.316574
136.403366,76.377441,197.403885,140.907944
140.803665,78.159233,202.606216,143.530594
145.104706,79.225029,207.150391,144.855209
149.911224,79.201721,212.574280,145.478653
155.328552,79.112709,218.280884,145.697281
160.483231,78.253822,223.421127,144.823029
164.335815,78.571014,226.893951,144.736359
167.747330,77.937180,229.561050,143.310852
170.809433,77.161423,231.600754,141.446747
173.538193,77.727409,233.398056,141.020172
174.203110,80.774147,232.949661,142.879379
172.199539,83.438293,229.974716,144.506287
171.779388,86.320953,228.476807,146.236847
170.314514,88.957626,225.848206,147.648529
169.378220,89.720161,224.064987,147.518753
169.240829,90.577194,223.219711,147.629288
169.760971,90.382217,223.171768,146.824142
170.527191,89.879776,223.607452,145.972794
171.580475,88.681931,224.325684,144.421295
174.790268,87.823753,227.543320,143.571411
176.993607,87.718887,229.815231,143.539001
177.906799,87.760468,230.903809,143.765915
180.833771,89.823074,234.133270,146.153839
180.464676,91.407639,234.427048,148.438095
180.641586,92.351204,235.544418,150.391785
180.289154,92.213463,235.973907,151.092834
178.702805,91.653885,235.149979,151.336517
174.186172,88.733887,231.369980,149.191910
170.581024,83.637466,228.729645,145.110199
168.936508,80.498032,227.675095,142.590744
166.328903,77.231979,225.460129,139.743958
165.350388,74.187057,224.393387,136.606415
163.288116,71.101776,221.997284,133.170593
163.646072,69.356064,222.446121,131.521927
163.514084,69.756577,222.461319,132.079620
163.573975,73.534805,222.697601,136.046204
162.168716,80.509705,221.421890,143.157120
162.541092,86.771431,221.698990,149.318817
164.557968,89.889191,224.025497,152.761673
166.388672,89.037582,226.174133,152.243896
168.370102,85.183472,228.795914,149.072830
170.285568,79.032990,231.583908,143.837799
171.479828,73.800629,233.030090,138.869537
173.719971,70.667717,235.435242,135.912277
173.800140,68.657646,235.472778,133.856827
173.299286,66.492462,234.548096,131.240463
172.186752,66.225327,232.731430,130.235107
171.249374,69.810928,231.204666,133.192673
170.195587,73.124847,229.601562,135.920654
169.801300,76.415878,228.838623,138.824600
169.327530,77.528473,228.364517,139.936829
164.916290,77.514999,223.955902,139.926117
158.741379,75.909546,217.793900,138.334213
152.975494,74.389236,211.955444,136.737717
147.513626,71.878006,206.489059,134.221664
142.108170,66.597504,201.471268,129.355103
133.305588,61.914860,193.034439,125.056488
128.404984,60.298763,188.324142,123.643394
124.278824,60.039608,184.242264,123.431465
122.607201,61.666748,183.044830,125.564407
120.152443,65.974983,180.708481,129.996872
119.818237,71.923363,180.653427,136.242706
118.951782,76.871399,180.049728,141.470734
119.434280,78.678757,180.907898,143.671936
121.898468,77.621254,183.751938,143.012680
127.555191,78.495148,189.929535,144.441055
132.799179,77.917389,195.478180,144.182449
138.203461,75.800529,201.151688,142.351929
146.220978,74.211388,209.235977,140.833771
147.257812,73.740379,210.163620,140.248444
146.541229,73.001312,209.265488,139.316299
142.920471,72.085220,205.765366,138.528503
138.167267,72.405823,201.318771,139.175186
132.179306,72.556076,195.754852,139.769348
125.378830,73.827431,189.382843,141.495926
117.023621,73.850586,181.798080,142.325089
108.905197,72.226677,174.393250,141.458679
101.819328,68.625465,167.832443,138.414337
94.734352,62.982128,161.448303,133.503220
87.993248,57.272209,154.864700,127.960190
83.018715,53.962170,149.465546,124.200180
82.490791,53.339058,148.843658,123.477501
81.380417,54.767166,147.804733,124.981323
80.840149,60.709667,147.130371,130.781738
79.190010,67.673882,145.331024,137.587845
77.216675,72.849716,143.051361,142.443619
73.984032,76.507378,139.540665,145.806381
67.978256,78.093452,133.422226,147.272964
61.655499,77.229805,126.854912,146.149948
55.732674,75.513618,120.788544,144.283707
50.406158,71.344048,114.931938,139.559937
51.368572,67.598518,115.546654,135.445312
51.805199,63.517918,115.786919,131.159286
54.606812,63.408588,118.066727,130.495544
59.728371,64.109505,122.524666,130.491348
65.035301,68.377296,127.016487,133.892288
67.492310,72.312523,128.744766,137.051758
68.673851,75.314774,129.382263,139.483643
73.420242,77.284180,133.526825,140.811768
77.507851,79.841415,136.934509,142.655655
82.078186,80.430260,141.250290,142.977234
86.914246,77.526993,145.914352,139.893372
91.375595,72.790031,150.486572,135.272812
95.559265,64.308212,155.267990,127.418633
103.623009,57.021088,163.764877,120.593529
112.282906,52.295929,172.924286,116.392433
119.647713,52.819195,180.487701,117.127327
124.308357,57.439835,185.413086,122.030060
125.514114,60.700848,186.802231,125.483337
127.560753,62.929562,189.067093,127.940826
128.861969,63.631649,190.779327,129.080414
130.470596,65.278152,193.110397,131.495956
129.769165,65.261688,193.366211,132.497528
128.486145,63.529541,192.771149,131.496323
130.206238,61.364422,194.878143,129.735962
130.773972,59.493412,195.508774,127.931709
129.747192,56.724937,194.545746,125.230911
131.188324,56.398514,196.193420,125.123726
130.002930,58.335243,194.990234,127.041870
130.084015,59.256050,195.171661,128.069183
130.156372,60.883244,195.375427,129.833771
129.317200,61.148746,194.753296,130.326172
129.793579,61.551407,195.147064,130.641220
130.201706,61.684174,195.377823,130.585876
132.760178,60.764679,197.351028,129.054504
135.115677,56.890827,199.201614,124.644676
138.555374,52.214275,202.214401,119.521500
143.967224,49.712738,206.985901,116.339577
147.755066,49.660717,210.159546,115.644577
150.536179,55.842728,212.247757,121.100700
150.690933,63.440483,211.829849,128.088837
149.338043,69.805397,210.050323,134.006454
149.689636,74.466209,209.904175,138.136871
148.865143,76.236473,208.694336,139.502838
145.525696,72.482613,204.952942,135.320236
145.104752,66.630394,204.012222,128.922241
149.716461,61.688034,207.869537,123.174355
155.822968,58.600697,213.306732,119.383659
161.059341,60.932751,217.642990,120.769028
161.409073,63.795609,216.719223,122.291351
161.589905,68.593346,215.642548,125.764198
157.677094,71.542000,210.615509,127.537872
150.917191,73.783730,202.877487,128.746124
145.405701,73.573967,196.519867,127.641426
139.500671,73.424713,189.971466,126.811691
131.542480,68.880684,181.546875,121.773811
127.293610,64.740944,177.239014,117.572762
125.789703,59.019020,175.874695,111.998802
128.787872,57.293247,179.074280,110.482353
129.700394,59.307945,180.167587,112.688461
128.980270,61.513512,179.642227,115.100250
129.112106,64.262787,179.850479,117.930428
129.446045,66.847244,179.976471,120.294701
128.105728,67.561745,178.517227,120.883270
125.516869,68.870209,175.725266,121.976677
123.061211,69.562454,173.108994,122.498863
120.387634,66.955673,170.244110,119.693275
123.589035,63.477463,173.471664,116.242790
127.001717,61.588207,176.821869,114.287300
130.352371,60.364410,180.312210,113.211571
139.941467,64.780304,189.910919,117.637657
144.467438,68.035568,194.602692,121.068687
150.263168,68.150620,200.533066,121.326302
158.088455,65.425392,208.648270,118.908051
162.461609,63.577633,213.190186,117.238976
165.994507,61.568928,216.662384,115.166000
168.035080,61.006157,218.077530,113.941010
170.147736,60.441929,219.414185,112.570358
170.264740,56.867828,218.786713,108.207115
171.879211,53.883823,219.721893,104.502235
172.811951,52.610909,219.955444,102.486443
171.738281,52.562683,218.181488,101.708740
171.854752,54.427197,217.766373,103.007751
176.000000,62.000000,206.000000,94.000000
172.000000,68.000000,224.000000,123.000000
168.214188,72.375549,219.948807,127.095154
164.041916,74.397133,215.621262,128.952530
157.842758,73.744263,209.533798,128.417801
152.498001,69.921661,204.514572,124.939514
151.591522,65.622841,204.329132,121.402565
155.711807,59.941807,208.937271,116.236984
157.204224,59.094311,210.519684,115.484489
158.045044,61.127045,211.129059,117.272919
157.541016,64.805748,210.027008,120.320396
158.845856,68.812645,210.642578,123.599007
159.600815,71.892281,210.496872,125.726036
158.984024,73.993736,209.233170,127.142540
159.655777,76.922134,209.146896,129.268295
160.283264,78.985771,208.885284,130.389496
162.649139,79.402039,210.571716,130.084702
164.302292,74.906372,212.028885,125.380798
163.616501,71.311218,210.824387,121.234512
167.124878,70.871056,214.024872,120.473640
169.708115,74.590019,216.101334,123.653465
169.067993,79.135048,214.656281,127.342201
166.806793,82.556534,211.649109,129.969040
163.280411,84.716988,207.736099,131.717087
159.368958,85.519203,203.455109,132.125122
157.531219,84.927338,200.983826,130.871552
156.923981,83.764679,199.716644,129.018951
154.016800,81.327118,196.353012,126.093079
150.367172,79.260979,192.246292,123.548576
145.541824,77.211594,187.162094,121.221863
142.943375,76.057304,184.601212,120.107826
139.280182,71.155952,181.275482,115.568031
137.759506,64.252502,180.280380,109.227707
135.840637,63.867611,178.705688,109.202988
133.094666,67.918831,176.075073,113.377609
133.283417,70.237686,176.313446,115.749550
133.299088,71.266357,176.564835,117.024635
130.821701,74.702576,174.371262,120.757576
129.032913,76.827408,172.644974,122.949181
128.222748,77.439659,171.706268,123.424133
126.380539,77.105377,169.989304,123.220802
129.584000,75.927116,173.319351,122.177750
135.576645,76.174042,179.336441,122.450783
141.841568,76.684341,185.766312,123.137276
148.497452,76.811913,192.765701,123.631790
153.717422,76.568237,198.009384,123.412895
157.074753,76.134392,201.498825,123.117035
158.797760,77.953087,202.985748,124.689148
157.613861,80.433304,201.040771,126.374443
158.966309,79.969299,201.582977,125.063362
162.885727,77.495598,204.935318,121.983017
161.524765,76.929710,202.915787,120.727936
161.007126,77.143738,201.170761,119.656136
155.470490,75.373795,194.443573,116.637581
150.650955,72.644775,187.494400,111.615105
152.600342,73.799263,187.550751,110.774231
150.928299,78.002861,184.050369,113.045029
149.387085,81.198898,180.766907,114.396324
147.815598,84.246460,177.792740,115.953545
146.317993,85.180557,175.446564,115.982498
151.327164,86.911667,179.710739,116.943787
153.457916,87.786751,181.618073,117.580040
155.830978,88.393051,183.429031,117.604858
157.007187,89.810860,184.412613,118.816292
159.063171,90.429085,186.237762,119.187202
158.118271,89.790581,185.458939,118.720695
158.644104,89.691818,186.215271,118.860672
157.669739,89.605042,185.445953,118.993591
148.688217,87.612663,177.724564,118.351341
142.685211,85.540405,172.346161,116.924500
137.629852,83.913712,168.821564,116.930603
135.494354,83.763725,167.358093,117.494637
131.919891,82.122536,164.604492,116.725624
130.932266,81.552628,164.600693,117.199173
128.529877,79.706078,163.483704,116.713631
127.499588,78.478157,164.331375,117.524635
127.953728,75.387703,165.944183,115.686806
130.258667,73.705444,169.244492,115.078491
131.646103,71.621788,171.762665,114.212563
133.177429,70.873421,174.262039,114.479469
135.245026,69.947617,177.211380,114.477386
135.655853,69.286957,178.569931,114.832153
134.845093,69.734169,178.506851,116.079201
130.829498,69.073944,175.373489,116.361359
130.308105,67.029915,175.964951,115.504372
130.229187,65.099060,176.600418,114.334488
130.586121,63.988941,177.618423,113.927628
131.049316,62.796337,178.688278,113.366951
132.412827,61.581955,180.598206,112.733131
131.879288,60.051788,180.667358,111.842567
134.861191,58.253296,184.497009,110.943718
136.090622,56.547581,186.282074,109.826965
136.504303,55.179073,187.232132,109.026375
129.429611,51.582214,181.458954,106.807571
128.815247,50.585907,181.728378,106.745071
127.012238,51.738956,180.471695,108.485672
121.695374,52.247581,176.306107,110.209526
120.131561,54.351486,175.653275,113.274109
115.677032,52.311821,172.351517,112.448975
118.127205,53.147308,175.677505,114.221733
118.417305,50.423904,176.924515,112.521233
124.068253,48.166000,183.637177,111.397026
126.675713,43.228504,187.695404,108.007004
129.727875,40.357628,191.837097,106.278381
134.399063,40.500721,197.562637,107.526024
138.782852,42.076950,202.696732,109.899460
140.301331,43.442802,204.439209,111.503304
144.747559,44.264351,208.856018,112.293617
147.156601,42.760330,211.491714,111.030205
146.561630,38.359058,210.898300,106.630585
147.754944,35.292843,212.210327,103.690392
150.811600,33.838078,214.903122,101.849380
154.662903,34.066715,218.852875,102.182526
152.285217,37.794701,215.990051,105.395523
151.917389,43.968456,215.254181,111.178238
148.841003,48.735592,211.950378,115.703735
141.775726,52.060101,204.733246,118.869247
134.533676,54.002789,197.598251,120.925781
128.114273,54.542469,191.253738,121.543861
120.116684,51.953297,183.897537,119.636162
119.757782,52.521908,184.235260,120.944931
116.508041,49.725521,181.695663,118.902390
114.889313,45.081818,180.724457,114.945457
117.819992,45.874435,183.868301,115.964165
120.354462,47.481560,186.801636,117.993973
123.172020,47.830750,190.176498,118.933739
127.319695,50.068443,194.716446,121.586777
129.156555,52.677303,197.108658,124.783669
131.830505,56.000420,200.054276,128.398438
136.006699,58.786926,204.972290,131.969772
138.261902,59.821827,207.873276,133.697235
140.367294,56.890968,211.176361,132.032516
143.439362,46.409473,220.507187,128.250519
142.170013,44.303978,220.287216,127.248199
138.429001,36.491245,217.350006,120.279961
137.677444,31.502781,216.809937,115.516380
137.103470,26.787727,216.927795,111.536407
132.359360,21.046774,212.492981,106.124069
130.968765,23.777412,210.726990,108.456146
126.030411,28.292700,204.953247,112.083839
121.451172,30.650997,199.691238,113.716156
118.909470,31.085062,196.555267,113.518341
119.466187,32.559380,195.954941,113.761444
120.411316,33.404640,195.571487,113.191849
119.308846,35.220673,193.023727,113.486519
118.264381,36.564499,190.595657,113.353249
117.570747,36.750626,188.670242,112.240105
119.867165,34.724346,190.230179,109.436417
122.677940,36.290298,192.425598,110.352348
124.301491,39.857624,193.722580,113.569786
126.233826,44.613369,195.316833,117.968124
126.530785,49.430389,195.619705,122.791389
125.731628,52.878815,194.783417,126.200569
126.772156,55.504520,196.016968,129.030319
123.646935,54.410011,193.283051,128.349472
124.314400,47.775822,195.039505,122.866501
126.625061,38.828861,198.506256,115.157043
130.248566,33.508202,202.636322,110.378105
132.730118,36.673897,205.189224,113.619072
134.650909,41.369564,207.131866,118.337791
134.528809,46.410023,206.948578,123.313705
132.980804,48.574295,205.351501,125.426231
131.579575,50.427334,203.855789,127.179619
131.323822,52.209972,202.993927,128.322937
130.734512,53.529461,201.698898,128.887695
131.350510,51.412174,201.659897,126.069298
133.937210,51.706539,203.267258,125.329147
134.629379,52.556747,203.040634,125.208061
129.709503,51.203907,197.477539,123.174728
125.497070,52.343781,192.621490,123.633125
123.094856,53.436802,189.663544,124.137718
118.740990,53.396008,184.965347,123.732033
112.512779,52.581890,178.493362,122.659584
107.985138,51.403404,173.780502,121.281845
102.966827,50.530766,168.684738,120.327065
98.852997,50.430103,164.567642,120.222939
102.220253,49.765057,167.784286,119.398148
103.410553,47.282616,169.150711,117.102509
104.569580,42.243431,170.805527,112.589157
108.648766,42.525856,175.077667,113.076050
111.567947,46.916000,177.763763,117.219185
114.639946,53.002090,180.294952,122.732170
118.734428,58.041477,184.040161,127.401115
125.314972,59.391369,190.137283,128.238297
132.771118,57.075817,196.913010,125.200455
137.603317,53.285618,201.210541,120.842674
140.798233,48.791142,204.265533,116.199532
143.996368,45.720924,207.333725,112.991264
146.553207,42.945652,209.846069,110.168732
148.189651,41.914391,211.476227,109.130775
148.576172,42.979992,211.807571,110.137749
147.743484,44.059006,210.857849,111.092415
147.408569,45.823242,210.647751,112.989281
147.079590,48.365471,210.209152,115.415054
142.621704,50.694691,206.019913,118.029709
139.581619,51.487514,203.233826,119.092400
139.343430,51.154469,203.567200,119.366638
135.486099,50.673744,200.428833,119.649139
135.649124,47.877560,201.006348,117.292969
135.105591,45.519844,201.204361,115.721748
134.519257,44.914413,201.472427,116.021713
133.794373,45.844158,201.644943,117.915833
133.422028,45.861526,201.907349,118.614624
133.133911,46.653954,202.107635,119.923775
135.476990,47.500854,204.549103,120.876190
138.411148,48.802902,206.971939,121.637711
138.949692,49.109985,207.054031,121.461884
138.513672,50.489223,205.917206,122.099678
140.703674,52.279503,207.444397,123.188141
139.144348,54.989258,205.226166,125.199638
134.845779,60.277039,200.164749,129.679031
135.050858,65.050400,200.111740,134.178650
136.535904,68.438255,201.466476,137.428299
136.552551,72.148819,201.447296,141.100815
133.708450,74.000572,198.757126,143.115967
130.075577,72.363312,195.449600,141.823761
130.386688,69.741592,196.126953,139.590500
132.142105,68.207130,198.210648,138.404221
129.326050,65.791992,195.547729,136.151352
130.908447,61.855045,197.317871,132.413376
133.680969,60.816696,200.171692,131.461182
136.710648,61.271725,202.883011,131.578857
140.639908,62.177265,206.466354,132.117828
144.042542,63.135380,209.456085,132.638016
145.653076,63.649738,210.679199,132.741470
148.602020,63.920769,213.431885,132.804367
150.730576,62.701992,215.441635,131.459457
151.084930,58.276363,215.805328,127.043747
150.463715,56.522659,215.179810,125.285477
147.139343,54.495338,211.787872,123.186424
142.845642,51.704803,207.816376,120.737915
138.124191,52.266735,203.512741,121.749802
132.434265,55.325073,198.150726,125.155914
127.557472,57.946934,193.374237,127.884155
122.925652,59.307285,188.799942,129.305511
119.682465,61.293400,185.603928,131.341644
114.960083,62.637859,180.646988,132.433777
110.789268,63.295921,175.992508,132.578873
110.686172,63.374599,175.505798,132.250687
107.240913,60.845749,171.942017,129.596008
108.105820,56.606270,172.519196,125.051094
110.834824,55.588566,174.853821,123.614746
113.509712,57.591003,176.721771,124.760597
116.051048,62.452587,178.282059,128.579819
120.374428,67.387177,181.582245,132.426239
126.491180,73.180290,186.654007,137.106934
131.618835,76.840813,191.189041,140.145691
137.470840,77.022095,196.667511,139.928528
140.548340,75.076363,199.893814,138.139038
147.023788,72.072845,206.352264,135.117401
153.940582,69.739220,213.309006,132.826385
157.294113,70.636086,216.744263,133.810440
160.298828,73.361519,219.642380,136.422165
162.602692,77.505836,221.713943,140.318710
163.081146,80.498276,221.771744,142.869461
160.792587,81.751808,219.164246,143.782425
157.194473,80.919952,215.284729,142.650085
152.789062,79.008072,210.645187,140.492172
151.144257,76.514046,208.835556,137.821945
149.381104,76.579643,206.831589,137.630127
145.956741,76.962524,203.143646,137.731262
144.688843,76.093262,201.711044,136.688782
145.474838,75.196358,202.634430,135.936386
143.700394,75.323975,201.167511,136.387436
141.464355,76.261322,199.457504,137.887085
138.758804,76.681190,197.138519,138.720154
135.998520,76.432343,194.490692,138.591385
135.140244,76.204102,193.700073,138.435394
134.608841,76.338486,193.257477,138.664597
134.164856,76.232132,192.729904,138.468994
134.332397,74.322990,192.659714,136.305984
135.983261,72.313210,194.313843,134.299622
137.813766,71.194351,196.298126,133.342361
140.779816,70.518936,199.550613,132.972809
145.852036,72.189041,204.882324,134.920013
150.878128,74.521614,210.190674,137.548965
154.443695,77.523499,214.036484,140.849792
156.399490,79.638054,216.414917,143.415161
157.998215,80.906120,218.624817,145.324463
159.492508,80.663879,220.611694,145.607117
161.694534,78.769508,223.230835,144.150040
162.678574,76.311554,224.335876,141.820892
162.676926,75.091774,223.921021,140.161240
162.800110,74.283829,223.941696,139.244186
161.896927,73.624252,223.013550,138.558426
163.072449,72.531731,224.054306,137.324615
163.332153,68.418320,224.239120,133.131393
166.881485,65.499260,228.053162,130.494400
169.618103,66.631577,230.839005,131.678329
169.194321,69.901649,229.887817,134.386978
170.581558,73.129616,230.797119,137.105667
173.425369,75.480263,233.190765,138.983994
172.694794,76.980278,232.167862,140.172195
170.685150,76.695114,230.294601,140.032516
168.454865,76.503006,228.606491,140.418732
166.004807,75.329269,226.286835,139.381790
162.844376,73.923752,223.416809,138.285690
157.622574,71.944115,218.531738,136.664871
155.224182,71.335060,216.940964,136.916382
154.993942,72.678581,217.307220,138.894882
153.783447,72.868767,216.478745,139.491348
151.914185,72.924271,214.933670,139.891632
150.567978,71.178024,214.284546,138.875153
146.751755,68.458992,210.864197,136.576736
143.149826,64.680252,207.639771,133.198715
142.508606,60.904339,207.141006,129.574020
142.117249,58.472534,206.615555,126.999855
138.133728,56.624901,202.661026,125.182983
144.880753,56.176651,209.080750,124.387276
148.304718,57.820587,212.421310,125.942680
152.998825,61.033813,216.867615,128.892853
156.733353,64.357986,220.444550,132.049591
157.846436,65.205048,221.576965,132.917191
160.558212,64.797997,224.531082,132.767624
162.344818,64.444427,226.503662,132.611664
161.270721,64.038795,225.393494,132.167740
158.351166,63.460907,221.962555,131.046982
156.427124,61.317600,219.672424,128.514709
157.025040,59.200874,220.229813,126.354935
154.597137,59.830269,217.571259,126.739243
151.425537,62.386284,214.281586,129.169678
150.837616,66.057541,213.453674,132.585709
148.848129,69.512566,211.310135,135.876892
146.466736,71.025375,209.027191,137.494400
141.261612,69.444374,203.753952,135.840942
135.171204,67.454391,197.832611,134.030762
133.309464,65.671593,195.941147,132.216370
130.226532,63.992867,192.948334,130.633469
127.126854,62.831947,189.821121,129.443268
126.147713,62.222996,188.711945,128.696014
123.439049,62.690895,185.628525,128.765350
122.593399,63.332474,184.509018,129.115692
123.038422,65.677505,184.527374,131.006531
124.635368,66.660278,185.873703,131.722519
128.015869,66.636261,189.041748,131.472336
132.372696,66.196236,193.357590,130.989349
137.365311,66.637405,198.232803,131.305435
142.676987,66.499535,203.542221,131.165176
147.220322,65.144020,207.878128,129.588654
149.447449,64.596031,209.847137,128.765610
152.788467,63.130798,213.076065,127.180931
154.763092,63.800995,215.038361,127.837975
156.045563,66.495476,216.514282,130.738602
155.814896,70.381348,216.235641,134.573364
155.007401,73.678116,215.538589,137.987823
153.047073,76.436211,213.555069,140.721191
150.977081,78.668541,211.444519,142.910309
149.421448,79.814476,209.802155,143.963837
146.843430,79.740089,207.096207,143.753128
141.882660,75.995560,202.439911,140.333023
141.297546,71.733360,202.259766,136.502350
136.633469,69.851334,197.937607,134.984665
133.674210,70.351570,194.978317,135.484879
128.645142,73.659164,190.013763,138.861145
126.357109,75.183609,187.978638,140.654816
125.519325,74.817482,187.563553,140.738663
124.278633,72.524078,186.612289,138.748474
121.636642,71.770416,184.641220,138.708313
120.828865,71.161133,184.381287,138.672546
118.811722,70.822342,182.715164,138.706711
115.916702,69.911842,180.076035,138.068100
113.687103,69.619087,177.941528,137.876297
111.215332,68.913849,175.551788,137.258133
108.060143,66.853668,172.560867,135.372330
